 Frame  ID  CentroidX  CentroidY  Width  Length  Area  Angle  Box_TLX  Box_TLY  Box_BRX  Box_BRY  Box_W  Box_H  rBox_TLX  rBox_TLY  rBox_TRX  rBox_TRY  rBox_BRX  rBox_BRY  rBox_BLX  rBox_BLY  lBox_TLX  lBox_TLY  lBox_BRX  lBox_BRY  Label       NONpro   PARcau
    21   0        650       2518  9.962  27.060 187.0 74.055      639     2513      666     2525     27     12       637      2517       663      2509       666      2519       640      2526       614      2488       691      2550 PARcau 6.748366e-05 0.999933
    21   1        331       1603  5.000   9.899  33.5 45.000      328     1600      337     1608      9      8       330      1598       337      1605       334      1609       327      1602       303      1575       362      1633 PARcau 2.496978e-04 0.999750
    21   2        413       1486  5.657  12.728  53.5 45.000      409     1481      420     1492     11     11       411      1480       420      1489       416      1493       407      1484       384      1456       445      1517 PARcau 2.432769e-16 1.000000
    22   2        412       1486  6.403  14.142  61.0 45.000      408     1481      420     1493     12     12       410      1479       420      1489       415      1493       405      1483       383      1456       445      1518 PARcau 7.180298e-21 1.000000
    22   0        647       2519  9.708  26.575 176.5 77.471      636     2514      662     2525     26     11       634      2517       660      2511       662      2521       636      2526       611      2489       687      2550 PARcau 7.928308e-07 0.999999
    23   2        412       1486  6.519  13.730  58.5 56.310      408     1481      420     1493     12     12       411      1478       419      1490       413      1493       406      1482       383      1456       445      1518 PARcau 7.864527e-23 1.000000
    23   0        644       2519 10.050  25.179 170.0 84.289      633     2515      659     2526     26     11       632      2516       657      2513       658      2523       633      2526       608      2490       684      2551 PARcau 1.746764e-06 0.999998
    24   2        412       1486  6.519  13.730  52.0 56.310      407     1481      420     1493     13     12       411      1478       418      1489       413      1493       405      1481       382      1456       445      1518 PARcau 6.172675e-17 1.000000
    24   0        640       2519 10.000  26.000 173.0 90.000      627     2515      654     2526     27     11       627      2515       653      2515       653      2525       627      2525       602      2490       679      2551 PARcau 1.334581e-05 0.999987
    25   2        412       1485  5.701  13.730  42.5 56.310      407     1481      420     1492     13     11       411      1478       418      1489       414      1493       406      1481       382      1456       445      1517 PARcau 6.363916e-21 1.000000
    25   0        636       2519 10.000  25.000 182.5 90.000      624     2515      650     2526     26     11       624      2515       649      2515       649      2525       624      2525       599      2490       675      2551 PARcau 7.503334e-06 0.999992
    26   2        412       1485  5.701  13.730  32.5 56.310      407     1481      420     1492     13     11       411      1478       418      1489       414      1493       406      1481       382      1456       445      1517 PARcau 2.633956e-22 1.000000
    26   0        633       2518  9.552  25.125 172.5  6.340      621     2514      647     2525     26     11       621      2513       646      2515       645      2525       620      2522       596      2489       672      2550 PARcau 4.203336e-08 1.000000
    27   0        629       2518  9.055  26.077 178.5  4.764      617     2514      644     2525     27     11       617      2513       643      2515       642      2524       616      2522       592      2489       669      2550 PARcau 4.071992e-04 0.999593
    28   2        405       1484  5.657  14.142  31.0 45.000      402     1479      413     1491     11     12       404      1478       414      1488       410      1492       400      1482       377      1454       438      1516 PARcau 1.740462e-20 1.000000
    28   0        624       2518 10.000  24.000 166.5 90.000      613     2514      638     2525     25     11       613      2514       637      2514       637      2524       613      2524       588      2489       663      2550 PARcau 2.333549e-07 1.000000
    29   2        406       1485  3.905  16.008  33.5 51.340      402     1480      414     1493     12     13       403      1479       413      1491       410      1494       400      1481       377      1455       439      1518 PARcau 4.375312e-17 1.000000
    29   0        620       2517  9.055  24.331 175.0  9.462      608     2513      633     2525     25     12       608      2511       632      2515       631      2524       607      2520       583      2488       658      2550 PARcau 4.390111e-08 1.000000
    30   0        616       2517 10.112  25.812 183.5  9.462      604     2512      630     2524     26     12       604      2510       629      2514       628      2524       602      2520       579      2487       655      2549 PARcau 8.365007e-07 0.999999
    30   1        307       1581  9.899  20.518 116.5 45.000      301     1573      315     1594     14     21       304      1571       318      1586       311      1593       297      1578       276      1548       340      1619 PARcau 1.321291e-07 1.000000
    31   1        306       1579  9.179  22.389 128.0 61.390      300     1571      315     1592     15     21       305      1569       316      1588       308      1593       297      1573       275      1546       340      1617 PARcau 2.810615e-07 1.000000
    31   0        612       2517  9.000  26.000 187.0 90.000      599     2513      626     2523     27     10       599      2513       625      2513       625      2522       599      2522       574      2488       651      2548 PARcau 7.100685e-07 0.999999
    31   2        419       1498  4.301  17.734  37.0 40.601      412     1493      428     1505     16     12       413      1490       427      1502       424      1505       411      1494       387      1468       453      1530 PARcau 2.181397e-13 1.000000
    31   3        773       1553  7.000   9.000  43.0 90.000      770     1550      780     1558     10      8       770      1550       779      1550       779      1557       770      1557       745      1525       805      1583 PARcau 1.716784e-08 1.000000
    32   3        773       1554  6.946   9.862  40.5 30.964      770     1551      780     1560     10      9       773      1548       779      1551       774      1560       768      1556       745      1526       805      1585 PARcau 2.858941e-11 1.000000
    32   1        305       1578  8.732  17.923 121.5 66.801      299     1570      313     1588     14     18       297      1571       305      1568       312      1584       304      1588       274      1545       338      1613 PARcau 3.050321e-09 1.000000
    32   0        606       2517 10.000  26.000 191.5 90.000      593     2513      620     2524     27     11       593      2513       619      2513       619      2523       593      2523       568      2488       645      2549 PARcau 5.342362e-06 0.999995
    32   2        423       1502  7.616  21.471  81.5 26.565      413     1494      432     1509     19     15       413      1492       432      1502       429      1509       410      1499       388      1469       457      1534 PARcau 1.529322e-13 1.000000
    33   3        774       1555  6.103   9.014  27.5 56.310      771     1551      779     1560      8      9       769      1555       776      1550       780      1555       772      1560       746      1526       804      1585 PARcau 1.414076e-10 1.000000
    33   1        304       1577  8.732  17.007 102.5 66.038      299     1570      311     1587     12     17       297      1571       305      1568       312      1583       304      1587       274      1545       336      1612 PARcau 9.828792e-08 1.000000
    33   2        422       1502  7.906  22.461 104.0 17.103      411     1496      433     1508     22     12       411      1494       433      1501       430      1508       409      1502       386      1471       458      1533 PARcau 5.638946e-13 1.000000
    33   0        600       2517  9.000  26.000 183.0 90.000      587     2513      614     2523     27     10       587      2513       613      2513       613      2522       587      2522       562      2488       639      2548 PARcau 1.795473e-05 0.999982
    34   1        304       1576  8.944  18.358  85.5 60.945      299     1568      311     1587     12     19       304      1566       313      1582       305      1586       296      1570       274      1543       336      1612 PARcau 8.968968e-09 1.000000
    34   2        419       1501  7.280  24.042 117.0 15.255      408     1497      432     1507     24     10       408      1494       431      1501       429      1508       406      1501       383      1472       457      1532 PARcau 2.515976e-11 1.000000
    34   0        592       2516  8.000  26.000 173.0 90.000      579     2513      606     2522     27      9       579      2513       605      2513       605      2521       579      2521       554      2488       631      2547 PARcau 9.288067e-07 0.999999
    35   1        303       1574  8.485  15.556  86.5 45.000      298     1567      310     1583     12     16       301      1566       312      1577       306      1583       295      1572       273      1542       335      1608 PARcau 9.962770e-06 0.999990
    35   2        415       1502  8.000  22.000 120.5 90.000      405     1498      428     1507     23      9       405      1498       427      1498       427      1506       405      1506       380      1473       453      1532 PARcau 2.351067e-09 1.000000
    35   0        586       2517  9.000  25.000 185.5 90.000      574     2513      600     2523     26     10       574      2513       599      2513       599      2522       574      2522       549      2488       625      2548 PARcau 1.773353e-05 0.999982
    36   1        302       1572  7.810  16.971  85.5 45.000      296     1566      310     1582     14     16       299      1564       311      1576       306      1582       294      1570       271      1541       335      1607 PARcau 2.082617e-07 1.000000
    36   2        413       1502  7.280  20.881 104.5 16.699      403     1498      425     1508     22     10       404      1495       424      1501       422      1508       402      1502       378      1473       450      1533 PARcau 1.607771e-06 0.999998
    36   0        582       2517  9.000  25.000 181.5 90.000      570     2513      596     2523     26     10       570      2513       595      2513       595      2522       570      2522       545      2488       621      2548 PARcau 4.170419e-08 1.000000
    37   2        411       1502  7.906  23.717 116.5 18.435      401     1498      425     1509     24     11       402      1495       424      1502       422      1510       399      1502       376      1473       450      1534 PARcau 8.133169e-12 1.000000
    37   1        300       1570  7.500  11.800  46.0 53.130      296     1566      306     1579     10     13       300      1564       307      1573       301      1578       294      1568       271      1541       331      1604 PARcau 1.096221e-08 1.000000
    37   0        578       2517  9.055  24.187 179.5  7.125      567     2512      592     2523     25     11       567      2511       591      2514       590      2523       566      2520       542      2487       617      2548 PARcau 1.419400e-09 1.000000
    38   1        299       1570  7.810  11.402  51.0 39.806      295     1565      306     1578     11     13       297      1563       306      1570       301      1576       292      1569       270      1540       331      1603 PARcau 9.663131e-08 1.000000
    38   2        409       1502  7.433  22.611 116.0 18.435      399     1496      422     1509     23     13       400      1495       421      1502       419      1509       397      1502       374      1471       447      1534 PARcau 3.536834e-10 1.000000
    38   0        575       2516  9.055  24.331 178.0  9.462      563     2511      588     2523     25     12       563      2510       587      2514       586      2523       562      2519       538      2486       613      2548 PARcau 7.963687e-11 1.000000
    39   1        298       1569  7.433   9.962  47.0 18.435      294     1564      304     1575     10     11       295      1564       304      1567       302      1574       292      1571       269      1539       329      1600 PARcau 2.582794e-07 1.000000
    39   0        572       2516  9.124  24.824 174.0  8.130      560     2512      585     2523     25     11       560      2510       584      2514       583      2523       558      2519       535      2487       610      2548 PARcau 1.132124e-07 1.000000
    39   2        407       1501  7.762  23.243 111.5 18.435      397     1496      419     1508     22     12       397      1494       419      1501       417      1509       395      1501       372      1471       444      1533 PARcau 1.066778e-16 1.000000
    39   4       1286       2344  9.000  26.000 174.0 90.000     1274     2340     1301     2350     27     10      1274      2340      1300      2340      1300      2349      1274      2349      1249      2315      1326      2375 PARcau 1.045667e-08 1.000000
    40   1        297       1568  8.078  12.298  53.0 26.565      293     1563      304     1575     11     12       293      1562       304      1567       301      1575       290      1569       268      1538       329      1600 PARcau 1.052485e-10 1.000000
    40   0        571       2517  9.055  25.179 161.5  5.711      559     2512      585     2523     26     11       559      2511       584      2514       583      2523       558      2520       534      2487       610      2548 PARcau 1.056215e-05 0.999989
    40   2        406       1501  7.280  21.840  93.5 15.945      397     1496      418     1507     21     11       397      1494       418      1500       416      1507       395      1501       372      1471       443      1532 PARcau 1.688721e-15 1.000000
    40   4       1282       2344  9.000  26.000 170.5 90.000     1271     2340     1298     2350     27     10      1271      2340      1297      2340      1297      2349      1271      2349      1246      2315      1323      2375 PARcau 2.663712e-05 0.999973
    41   0        571       2518  8.559  23.265 142.0 80.538      561     2514      585     2525     24     11       560      2516       583      2512       584      2521       561      2524       536      2489       610      2550 PARcau 2.407914e-04 0.999759
    41   4       1280       2344  9.000  27.000 181.5 90.000     1267     2340     1295     2350     28     10      1267      2340      1294      2340      1294      2349      1267      2349      1242      2315      1320      2375 PARcau 3.799347e-07 1.000000
    41   1        295       1566  8.485  14.866  78.5 45.000      291     1560      303     1575     12     15       293      1559       304      1569       298      1575       287      1565       266      1535       328      1600 PARcau 3.784959e-09 1.000000
    41   2        408       1503  5.701  19.039  51.5 14.036      401     1499      420     1508     19      9       401      1498       419      1502       418      1508       399      1503       376      1474       445      1533 PARcau 2.821101e-10 1.000000
    42   0        570       2521  9.179  24.274 135.0 59.036      561     2514      584     2529     23     15       559      2523       579      2510       584      2518       563      2531       536      2489       609      2554 PARcau 9.108263e-09 1.000000
    42   4       1276       2343 10.308  27.171 187.5 12.529     1264     2338     1291     2350     27     12      1264      2336      1291      2342      1288      2352      1262      2346      1239      2313      1316      2375 PARcau 3.437548e-07 1.000000
    43   4       1272       2342 10.440  26.926 203.0 14.036     1260     2337     1287     2350     27     13      1261      2334      1287      2341      1284      2351      1258      2344      1235      2312      1312      2375 PARcau 1.185850e-07 1.000000
    43   0        568       2525  9.192  19.092 129.5 45.000      561     2516      578     2534     17     18       559      2529       572      2515       579      2522       565      2535       536      2491       603      2559 PARcau 4.955392e-13 1.000000
    44   4       1268       2341 10.440  27.514 199.0 18.435     1256     2335     1283     2349     27     14      1257      2332      1283      2341      1280      2351      1254      2342      1231      2310      1308      2374 PARcau 2.601984e-07 1.000000
    44   0        567       2528  9.394  25.715 171.5 26.565      560     2517      577     2540     17     23       558      2537       569      2514       578      2518       566      2541       535      2492       602      2565 PARcau 8.208607e-10 1.000000
    45   4       1264       2340 10.308  26.196 204.0 14.036     1252     2334     1278     2348     26     14      1253      2332      1278      2338      1276      2348      1250      2342      1227      2309      1303      2373 PARcau 1.777961e-06 0.999998
    45   0        565       2535  9.487  25.000 182.5 18.435      559     2524      573     2548     14     24       564      2522       573      2525       566      2549       557      2546       534      2499       598      2573 PARcau 1.630747e-12 1.000000
    46   4       1260       2340 10.770  26.249 193.5 18.435     1249     2334     1274     2348     25     14      1250      2331      1275      2339      1271      2349      1246      2341      1224      2309      1299      2373 PARcau 6.510808e-06 0.999993
    46   0        564       2541 10.308  25.224 193.5 14.036      558     2529      571     2554     13     25       562      2527       572      2530       566      2554       556      2552       533      2504       596      2579 PARcau 7.052890e-08 1.000000
    46   2        407       1514  6.000   8.000  32.0 90.000      405     1510      412     1519      7      9       405      1510       411      1510       411      1518       405      1518       380      1485       437      1544 PARcau 4.742471e-07 1.000000
    47   4       1257       2340 11.180  26.833 208.5 26.565     1246     2333     1272     2348     26     15      1248      2329      1272      2341      1267      2351      1243      2339      1221      2308      1297      2373 PARcau 3.190523e-07 1.000000
    47   2        406       1516  8.322  13.463  76.5 30.964      401     1510      412     1523     11     13       406      1507       413      1512       406      1523       399      1519       376      1485       437      1548 PARcau 3.998371e-07 1.000000
    47   0        562       2545  9.487  25.298 189.0 18.435      556     2534      570     2559     14     25       562      2532       571      2535       563      2559       554      2556       531      2509       595      2584 PARcau 1.134788e-11 1.000000
    48   4       1255       2340 10.548  25.986 196.5 29.745     1245     2332     1269     2349     24     17      1247      2329      1269      2342      1264      2351      1241      2338      1220      2307      1294      2374 PARcau 9.222486e-09 1.000000
    48   2        405       1518  9.220  17.804  98.5 36.870      400     1510      412     1526     12     16       396      1521       407      1507       414      1513       403      1527       375      1485       437      1551 PARcau 4.182746e-10 1.000000
    48   0        560       2550  9.487  25.298 192.5 18.435      554     2539      569     2564     15     25       560      2537       569      2540       561      2564       552      2561       529      2514       594      2589 PARcau 3.097970e-11 1.000000
    49   4       1254       2339 10.548  25.986 187.0 30.964     1244     2331     1268     2349     24     18      1246      2328      1268      2341      1263      2350      1240      2337      1219      2306      1293      2374 PARcau 2.464919e-07 1.000000
    49   2        403       1519  9.192  19.092 125.0 45.000      397     1511      412     1528     15     17       394      1523       407      1509       414      1516       400      1529       372      1486       437      1553 PARcau 1.127654e-04 0.999887
    49   0        559       2554  9.618  26.163 200.0 26.565      552     2543      568     2568     16     25       549      2564       561      2541       569      2545       558      2569       527      2518       593      2593 PARcau 8.093538e-12 1.000000
    50   4       1254       2339  9.849  25.495 182.0 26.565     1243     2330     1267     2348     24     18      1244      2329      1267      2340      1263      2349      1240      2338      1218      2305      1292      2373 PARcau 7.038953e-07 0.999999
    50   2        401       1523  9.899  21.213 146.0 45.000      393     1514      411     1532     18     18       391      1527       406      1512       413      1519       398      1534       368      1489       436      1557 PARcau 9.459327e-12 1.000000
    50   0        558       2558 10.124  25.348 186.0 21.801      551     2547      566     2571     15     24       558      2545       567      2548       558      2572       548      2568       526      2522       591      2596 PARcau 6.697092e-13 1.000000
    51   4       1253       2339  9.014  24.965 165.0 33.690     1243     2330     1265     2348     22     18      1245      2328      1266      2342      1261      2349      1240      2336      1218      2305      1290      2373 PARcau 3.604792e-09 1.000000
    51   0        556       2562  9.394  25.812 194.0 21.801      549     2551      565     2575     16     24       547      2572       557      2548       565      2552       556      2576       524      2526       590      2600 PARcau 4.928815e-11 1.000000
    51   2        397       1527 10.607  23.335 180.5 45.000      387     1519      408     1536     21     17       386      1532       402      1515       410      1523       393      1539       362      1494       433      1561 PARcau 6.818267e-11 1.000000
    52   4       1251       2338  9.014  23.308 114.5 35.538     1243     2330     1263     2348     20     18      1245      2328      1264      2341      1259      2349      1240      2335      1218      2305      1288      2373 PARcau 1.545193e-10 1.000000
    52   0        555       2567 10.124  24.990 190.5 19.983      548     2556      563     2580     15     24       554      2553       564      2557       555      2580       546      2577       523      2531       588      2605 PARcau 1.956512e-12 1.000000
    52   2        391       1532 10.308  24.005 184.5 53.130      381     1524      402     1541     21     17       378      1535       397      1521       404      1529       384      1543       356      1499       427      1566 PARcau 1.187228e-08 1.000000
    53   4       1249       2338  6.727  23.049  78.5 49.399     1243     2330     1262     2348     19     18      1246      2328      1261      2346      1256      2350      1241      2333      1218      2305      1287      2373 PARcau 1.889357e-11 1.000000
    53   0        553       2571  9.394  25.715 195.0 26.565      546     2559      562     2583     16     24       544      2580       555      2557       564      2561       552      2584       521      2534       587      2608 PARcau 6.062043e-09 1.000000
    53   2        384       1536  9.899  24.042 179.0 45.000      375     1528      396     1546     21     18       373      1541       390      1524       397      1531       380      1548       350      1503       421      1571 PARcau 5.005369e-09 1.000000
    54   4       1248       2337  6.403  21.213  43.0 45.000     1243     2332     1261     2348     18     16      1245      2329      1260      2344      1256      2349      1241      2334      1218      2307      1286      2373 PARcau 5.517727e-11 1.000000
    54   0        551       2574 10.548  26.500 201.5 30.964      543     2563      561     2586     18     23       540      2583       554      2560       563      2566       549      2588       518      2538       586      2611 PARcau 8.601279e-11 1.000000
    55   0        549       2578 10.000  25.239 195.0 33.690      541     2568      559     2590     18     22       538      2586       552      2565       560      2571       546      2592       516      2543       584      2615 PARcau 1.116644e-10 1.000000
    55   2        370       1547 10.404  24.130 183.5 56.310      360     1540      382     1556     22     16       357      1550       377      1537       383      1545       363      1559       335      1515       407      1581 PARcau 2.257144e-11 1.000000
    56   0        547       2582 10.000  25.612 190.0 38.660      538     2572      557     2594     19     22       535      2589       551      2569       559      2575       543      2595       513      2547       582      2619 PARcau 6.623363e-09 1.000000
    56   2        361       1552 10.296  24.597 181.5 63.435      350     1546      373     1560     23     14       347      1553       369      1542       374      1551       352      1562       325      1521       398      1585 PARcau 1.666816e-07 1.000000
    57   0        545       2585 10.817  26.077 208.5 33.690      536     2575      556     2597     20     22       534      2593       548      2571       557      2577       543      2599       511      2550       581      2622 PARcau 3.106440e-13 1.000000
    57   4       1242       2331  0.707  21.691  32.0 64.799     1239     2326     1253     2345     14     19      1242      2324      1246      2346      1252      2344      1237      2327      1214      2301      1278      2370 PARcau 1.813974e-07 1.000000
    57   2        353       1556 10.062  25.045 179.0 63.435      341     1550      366     1563     25     13       339      1557       361      1546       366      1555       343      1566       316      1525       391      1588 PARcau 1.524294e-08 1.000000
    58   0        543       2589 11.402  26.401 210.5 38.660      534     2579      554     2600     20     21       531      2596       547      2575       556      2582       540      2603       509      2554       579      2625 PARcau 1.294554e-10 1.000000
    58   4       1240       2328  8.276  23.033 100.5 63.435     1236     2320     1248     2343     12     23      1241      2319      1251      2339      1244      2343      1233      2322      1211      2295      1273      2368 PARcau 8.952517e-11 1.000000
    58   2        344       1560  9.657  24.233 172.5 68.199      333     1554      357     1567     24     13       331      1560       354      1551       357      1560       335      1569       308      1529       382      1592 PARcau 3.142176e-07 1.000000
    59   4       1239       2326  9.014  24.192 147.5 71.565     1235     2316     1246     2340     11     24      1232      2317      1240      2314      1248      2337      1239      2340      1210      2291      1271      2365 PARcau 6.835041e-10 1.000000
    59   0        540       2592  9.899  26.870 205.0 45.000      530     2583      552     2603     22     20       527      2599       546      2580       553      2587       534      2606       505      2558       577      2628 PARcau 1.901064e-16 1.000000
    59   2        337       1563  9.341  24.026 169.5 75.964      326     1558      350     1570     24     12       324      1561       348      1556       350      1565       327      1570       301      1533       375      1595 PARcau 1.126286e-06 0.999999
    59   1        362       1471  9.000  12.000  75.5 90.000      357     1467      370     1477     13     10       357      1467       369      1467       369      1476       357      1476       332      1442       395      1502 PARcau 2.323017e-07 1.000000
    60   4       1239       2324 10.050  25.495 166.5 78.690     1234     2313     1246     2339     12     26      1232      2313      1242      2312      1247      2337      1237      2338      1209      2288      1271      2364 PARcau 9.016337e-10 1.000000
    60   0        537       2595 10.630  26.249 199.0 48.814      527     2587      550     2605     23     18       524      2600       544      2583       551      2591       531      2608       502      2562       575      2630 PARcau 2.761749e-10 1.000000
    60   2        328       1565  9.708  23.436 166.0 78.690      317     1561      341     1572     24     11       316      1563       339      1559       341      1568       318      1573       292      1536       366      1597 PARcau 4.413639e-06 0.999996
    61   4       1238       2323 10.000  26.000 173.0 90.000     1234     2312     1245     2339     11     27      1234      2312      1244      2312      1244      2338      1234      2338      1209      2287      1270      2364 PARcau 4.289713e-09 1.000000
    61   0        534       2597  9.708  26.215 201.0 55.008      523     2589      548     2607     25     18       521      2601       543      2586       548      2594       527      2609       498      2564       573      2632 PARcau 7.851727e-08 1.000000
    61   3        781       1547  5.000  10.000  32.5  0.000      779     1542      785     1553      6     11       779      1542       784      1542       784      1552       779      1552       754      1517       810      1578 PARcau 1.967333e-03 0.998033
    61   2        321       1567 10.308  22.074 163.0 75.964      310     1563      333     1574     23     11       309      1565       330      1560       333      1570       311      1575       285      1538       358      1599 PARcau 2.270485e-05 0.999977
    62   4       1238       2323 10.198  25.495 166.0 78.690     1234     2312     1245     2338     11     26      1231      2312      1241      2310      1246      2335      1236      2337      1209      2287      1270      2363 PARcau 7.705451e-06 0.999992
    62   0        531       2600 10.700  27.322 194.5 55.008      519     2592      544     2610     25     18       517      2604       539      2588       546      2597       523      2612       494      2567       569      2635 PARcau 1.109791e-07 1.000000
    62   2        315       1569  9.000  18.000 117.0 90.000      306     1565      325     1575     19     10       306      1565       324      1565       324      1574       306      1574       281      1540       350      1600 PARcau 2.366126e-06 0.999998
    63   4       1238       2322  9.000  24.000 154.0 90.000     1234     2312     1244     2337     10     25      1234      2312      1243      2312      1243      2336      1234      2336      1209      2287      1269      2362 PARcau 2.822935e-07 1.000000
    63   0        528       2602  9.434  26.420 196.0 60.945      516     2595      542     2611     26     16       514      2605       537      2592       542      2600       519      2613       491      2570       567      2636 PARcau 7.726856e-07 0.999999
    63   2        310       1570  6.000  10.000  40.0 90.000      305     1567      316     1574     11      7       305      1567       315      1567       315      1573       305      1573       280      1542       341      1599 PARcau 3.538451e-06 0.999996
    64   4       1238       2322  9.000  23.000 128.0 90.000     1234     2312     1244     2336     10     24      1234      2312      1243      2312      1243      2335      1234      2335      1209      2287      1269      2361 PARcau 2.659302e-06 0.999997
    64   0        524       2604  9.657  26.462 188.5 67.380      512     2597      538     2612     26     15       510      2605       534      2595       538      2604       513      2614       487      2572       563      2637 PARcau 1.170594e-06 0.999999
    64   3        786       1528  7.071  11.180  45.5 11.310      783     1523      791     1535      8     12       783      1522       790      1523       788      1534       781      1533       758      1498       816      1560 PARcau 2.657142e-06 0.999997
    64   1        375       1497  8.485  14.142  99.5 45.000      370     1490      383     1504     13     14       373      1489       383      1499       377      1505       367      1495       345      1465       408      1529 PARcau 5.086152e-06 0.999995
    65   4       1238       2321  9.055  23.195  93.0  7.125     1234     2312     1244     2336     10     24      1235      2311      1244      2312      1241      2335      1232      2334      1209      2287      1269      2361 PARcau 2.278782e-05 0.999977
    65   3        786       1528  6.185  10.920  51.0 14.036      783     1523      791     1535      8     12       784      1522       790      1523       787      1534       781      1532       758      1498       816      1560 PARcau 8.708792e-08 1.000000
    65   1        371       1494  8.000  10.000  58.0 90.000      367     1490      378     1499     11      9       367      1490       377      1490       377      1498       367      1498       342      1465       403      1524 PARcau 1.490470e-05 0.999985
    65   0        519       2606  9.487  26.571 193.0 71.565      507     2600      533     2614     26     14       505      2606       530      2597       533      2606       508      2615       482      2575       558      2639 PARcau 3.268226e-06 0.999997
    66   3        786       1527  7.000  13.000  56.5 90.000      783     1521      791     1535      8     14       783      1521       790      1521       790      1534       783      1534       758      1496       816      1560 PARcau 2.327284e-06 0.999998
    66   1        370       1492  8.000   9.000  51.5 90.000      366     1488      376     1497     10      9       366      1488       375      1488       375      1496       366      1496       341      1463       401      1522 PARcau 4.394166e-07 1.000000
    66   0        513       2608  9.014  26.744 186.0 69.444      500     2603      527     2616     27     13       499      2609       524      2599       527      2608       502      2617       475      2578       552      2641 PARcau 4.926774e-07 1.000000
    66   4       1238       2317  7.000  12.000  56.5 90.000     1235     2312     1243     2325      8     13      1235      2312      1242      2312      1242      2324      1235      2324      1210      2287      1268      2350 PARcau 9.432518e-08 1.000000
    67   3        786       1526  7.000  14.000  60.0 90.000      783     1520      791     1535      8     15       783      1520       790      1520       790      1534       783      1534       758      1495       816      1560 PARcau 3.070254e-05 0.999969
    67   0        507       2611 10.440  27.203 206.0 73.301      494     2605      521     2618     27     13       492      2610       518      2602       521      2612       495      2620       469      2580       546      2643 PARcau 1.309475e-06 0.999999
    68   3        786       1525  7.000  14.000  46.5 90.000      783     1520      791     1535      8     15       783      1520       790      1520       790      1534       783      1534       758      1495       816      1560 PARcau 6.367177e-04 0.999363
    68   0        502       2612  9.962  26.800 202.0 75.964      489     2607      516     2619     27     12       487      2611       513      2605       516      2614       490      2621       464      2582       541      2644 PARcau 1.301711e-05 0.999987
    69   3        785       1526  6.576  17.183  63.5  8.130      783     1519      791     1537      8     18       784      1518       790      1519       788      1536       781      1535       758      1494       816      1562 PARcau 3.465267e-04 0.999653
    69   0        498       2614 10.000  25.000 197.0 90.000      486     2609      512     2620     26     11       486      2609       511      2609       511      2619       486      2619       461      2584       537      2645 PARcau 2.693695e-04 0.999731
    70   3        785       1526  7.906  20.261  82.0 15.945      781     1517      791     1538     10     21       784      1516       792      1518       786      1538       779      1535       756      1492       816      1563 PARcau 1.136840e-03 0.998863
    70   0        495       2614  9.000  26.000 188.0 90.000      482     2610      509     2620     27     10       482      2610       508      2610       508      2619       482      2619       457      2585       534      2645 PARcau 3.635792e-05 0.999964
    70   1        382       1458  9.708  16.378  99.5 11.310      377     1451      388     1468     11     17       379      1449       388      1451       385      1467       375      1465       352      1426       413      1493 PARcau 2.933542e-14 1.000000
    71   3        784       1526  6.325  21.190  92.0 18.435      780     1516      791     1538     11     22       778      1535       785      1515       791      1517       784      1537       755      1491       816      1563 PARcau 8.007731e-05 0.999920
    71   0        491       2614  9.000  26.000 189.0 90.000      478     2610      505     2620     27     10       478      2610       504      2610       504      2619       478      2619       453      2585       530      2645 PARcau 1.608878e-05 0.999984
    71   1        386       1451 12.083  20.125 179.5 26.565      379     1441      394     1462     15     21       385      1439       396      1444       387      1462       376      1457       354      1416       419      1487 PARcau 6.834434e-16 1.000000
    72   3        784       1526  6.083  22.804  81.0 15.255      780     1515      791     1538     11     23       784      1514       790      1515       784      1537       778      1536       755      1490       816      1563 PARcau 8.647680e-08 1.000000
    72   0        487       2614  9.000  25.000 178.5 90.000      475     2610      501     2620     26     10       475      2610       500      2610       500      2619       475      2619       450      2585       526      2645 PARcau 2.876425e-05 0.999971
    72   1        389       1445 11.180  21.024 179.5 26.565      382     1435      397     1456     15     21       389      1433       399      1438       390      1457       380      1452       357      1410       422      1481 PARcau 2.614806e-14 1.000000
    73   3        784       1526  6.083  22.804  81.5 15.255      780     1515      791     1538     11     23       784      1514       790      1515       784      1537       778      1536       755      1490       816      1563 PARcau 2.149387e-07 1.000000
    73   0        483       2614  9.000  25.000 177.5 90.000      471     2610      497     2620     26     10       471      2610       496      2610       496      2619       471      2619       446      2585       522      2645 PARcau 1.453673e-06 0.999999
    73   1        391       1441  8.944   9.849  66.0 63.435      387     1435      396     1448      9     13       385      1439       393      1435       397      1444       389      1448       362      1410       421      1473 PARcau 4.399408e-19 1.000000
    74   3        784       1525  6.325  22.136  66.5 18.435      780     1515      791     1537     11     22       777      1534       784      1513       790      1515       783      1536       755      1490       816      1562 PARcau 8.518217e-06 0.999992
    74   0        479       2614  9.000  25.000 166.5 90.000      467     2610      493     2620     26     10       467      2610       492      2610       492      2619       467      2619       442      2585       518      2645 PARcau 6.311688e-08 1.000000
    74   1        405       1425  5.657  13.454  61.5 45.000      400     1420      412     1431     12     11       399      1428       408      1418       412      1422       403      1432       375      1395       437      1456 PARcau 1.082417e-16 1.000000
    75   0        476       2614  9.000  25.000 166.0 90.000      464     2610      490     2620     26     10       464      2610       489      2610       489      2619       464      2619       439      2585       515      2645 PARcau 1.417641e-06 0.999999
    75   1        408       1422  4.950  12.021  44.0 45.000      404     1419      414     1428     10      9       402      1425       411      1417       414      1420       406      1429       379      1394       439      1453 PARcau 2.555895e-11 1.000000
    76   0        473       2613  9.000  24.000 160.0 90.000      462     2609      487     2619     25     10       462      2609       486      2609       486      2618       462      2618       437      2584       512      2644 PARcau 1.893545e-07 1.000000
    77   0        471       2613  9.000  25.000 148.5 90.000      459     2609      485     2619     26     10       459      2609       484      2609       484      2618       459      2618       434      2584       510      2644 PARcau 6.306135e-10 1.000000
    77   1        437       1413  9.962  17.868 130.0 71.565      429     1408      447     1420     18     12       427      1411       444      1405       447      1415       430      1420       404      1383       472      1445 PARcau 1.980114e-16 1.000000
    78   0        468       2613  8.062  25.495 132.0 10.305      457     2609      483     2619     26     10       457      2606       482      2611       481      2619       456      2614       432      2584       508      2644 PARcau 1.449634e-08 1.000000
    78   1        445       1412 10.000  24.000 184.5 90.000      434     1408      459     1419     25     11       434      1408       458      1408       458      1418       434      1418       409      1383       484      1444 PARcau 6.443196e-13 1.000000
    79   0        466       2613  8.062  24.331 126.5  9.462      456     2609      481     2619     25     10       456      2607       480      2611       479      2619       455      2615       431      2584       506      2644 PARcau 2.385952e-08 1.000000
    79   1        456       1412  9.000  19.000 142.0 90.000      447     1408      467     1418     20     10       447      1408       466      1408       466      1417       447      1417       422      1383       492      1443 PARcau 1.342963e-18 1.000000
    80   0        464       2613  8.246  20.396 109.0 11.310      455     2608      475     2619     20     11       455      2607       475      2611       473      2619       453      2615       430      2583       500      2644 PARcau 3.874269e-11 1.000000
    80   1        473       1413  8.000  23.000 122.0 90.000      460     1410      484     1419     24      9       460      1410       483      1410       483      1418       460      1418       435      1385       509      1444 PARcau 2.716836e-07 1.000000
    81   0        462       2613  8.078  20.081  98.0 18.435      453     2608      475     2619     22     11       455      2605       474      2612       471      2619       452      2613       428      2583       500      2644 PARcau 6.626069e-12 1.000000
    81   1        484       1415  9.000  23.000 160.0 90.000      473     1411      497     1421     24     10       473      1411       496      1411       496      1420       473      1420       448      1386       522      1446 PARcau 1.759621e-14 1.000000
    82   0        459       2612  7.280  21.190  83.5 20.556      451     2606      471     2618     20     12       451      2605       471      2612       469      2619       449      2612       426      2581       496      2643 PARcau 8.645622e-11 1.000000
    82   1        496       1418  9.487  23.770 165.5 15.945      485     1414      509     1425     24     11       486      1411       509      1417       506      1426       483      1420       460      1389       534      1450 PARcau 1.282663e-10 1.000000
    83   0        455       2610  6.801  19.500  92.5 21.801      448     2605      466     2617     18     12       448      2603       466      2611       464      2617       446      2610       423      2580       491      2642 PARcau 1.123257e-10 1.000000
    83   1        505       1422  9.487  23.087 169.5 18.435      494     1416      517     1429     23     13       495      1414       517      1421       514      1430       492      1423       469      1391       542      1454 PARcau 5.009186e-10 1.000000
    84   0        452       2609  7.616  17.464  94.0 23.962      445     2604      462     2616     17     12       446      2602       462      2609       459      2616       443      2609       420      2579       487      2641 PARcau 1.075517e-08 1.000000
    84   1        510       1425 10.062  24.151 185.0 26.565      500     1418      523     1433     23     15       502      1415       523      1426       519      1435       497      1424       475      1393       548      1458 PARcau 2.552971e-11 1.000000
    85   0        450       2608  7.826  18.337 111.5 26.565      442     2603      460     2615     18     12       443      2601       460      2609       456      2616       440      2608       417      2578       485      2640 PARcau 5.139991e-10 1.000000
    85   1        516       1428  9.849  23.707 180.0 26.565      506     1421      527     1437     21     16       507      1418       528      1429       524      1438       503      1427       481      1396       552      1462 PARcau 7.792322e-11 1.000000
    86   0        448       2607  7.632  19.007 101.0 26.565      440     2602      458     2614     18     12       442      2600       459      2608       455      2615       438      2606       415      2577       483      2639 PARcau 7.263461e-08 1.000000
    86   1        520       1433  9.899  24.042 181.5 45.000      511     1424      531     1443     20     19       515      1421       532      1438       525      1445       508      1428       486      1399       556      1468 PARcau 3.734896e-12 1.000000
    87   0        447       2606  7.826  21.030 114.0 28.610      438     2601      458     2613     20     12       440      2598       458      2608       455      2615       436      2605       413      2576       483      2638 PARcau 6.365421e-10 1.000000
    87   1        526       1442  9.220  25.456 192.5 45.000      518     1432      537     1454     19     22       521      1430       539      1448       532      1454       514      1436       493      1407       562      1479 PARcau 1.599137e-14 1.000000
    88   0        444       2604  9.192  24.423 119.5 23.199      436     2599      459     2613     23     14       437      2596       459      2606       456      2614       433      2605       411      2574       484      2638 PARcau 6.981230e-09 1.000000
    88   1        533       1452 10.000  25.000 195.0 53.130      525     1442      543     1464     18     22       530      1440       545      1460       537      1466       522      1446       500      1417       568      1489 PARcau 3.546374e-09 1.000000
    89   0        441       2603  7.826  21.477 133.0 26.565      432     2597      453     2611     21     14       433      2595       453      2604       449      2611       430      2602       407      2572       478      2636 PARcau 8.976631e-10 1.000000
    89   1        540       1464 10.124  24.010 182.0 59.036      532     1454      549     1475     17     21       537      1450       550      1471       541      1476       529      1456       507      1429       574      1500 PARcau 2.845930e-09 1.000000
    90   0        438       2602  8.944  24.597 143.5 26.565      429     2595      452     2610     23     15       430      2593       452      2604       448      2612       426      2601       404      2570       477      2635 PARcau 4.302301e-12 1.000000
    90   1        544       1472 10.548  23.436 186.5 56.310      537     1462      553     1483     16     21       542      1459       555      1479       546      1484       533      1465       512      1437       578      1508 PARcau 3.341433e-07 1.000000
    91   0        435       2600  8.500  23.585 142.5 32.005      426     2593      448     2609     22     16       428      2590       448      2603       444      2610       424      2598       401      2568       473      2634 PARcau 1.112490e-09 1.000000
    91   1        545       1476 10.966  22.809 190.0 63.435      539     1466      554     1488     15     22       545      1464       555      1484       545      1489       535      1468       514      1441       579      1513 PARcau 4.632343e-06 0.999995
    92   0        433       2598  9.179  24.622 141.0 29.745      425     2591      446     2608     21     17       426      2589       447      2601       443      2609       421      2597       400      2566       471      2633 PARcau 4.311296e-07 1.000000
    92   1        543       1478 11.000  19.000 174.0 90.000      538     1468      550     1488     12     20       538      1468       549      1468       549      1487       538      1487       513      1443       575      1513 PARcau 1.006647e-05 0.999990
    93   0        431       2596  8.902  23.817 145.5 38.660      422     2588      442     2606     20     18       424      2585       443      2600       437      2607       419      2592       397      2563       467      2631 PARcau 4.901350e-10 1.000000
    93   1        540       1478 13.000  14.000 151.5 90.000      534     1471      548     1486     14     15       534      1471       547      1471       547      1485       534      1485       509      1446       573      1511 PARcau 2.511948e-02 0.974881
    94   1        538       1475 12.000  15.000 134.5 90.000      531     1469      547     1482     16     13       531      1469       546      1469       546      1481       531      1481       506      1444       572      1507 PARcau 8.124463e-03 0.991876
    94   0        428       2593  9.552  23.817 149.0 38.660      419     2585      439     2603     20     18       422      2582       440      2597       434      2604       415      2589       394      2560       464      2628 PARcau 1.750644e-09 1.000000
    94   3        792       1507  6.000   8.000  30.0 90.000      789     1504      796     1513      7      9       789      1504       795      1504       795      1512       789      1512       764      1479       821      1538 PARcau 1.232190e-08 1.000000
    95   3        792       1507  6.000   8.000  28.5 90.000      789     1504      796     1513      7      9       789      1504       795      1504       795      1512       789      1512       764      1479       821      1538 PARcau 2.528852e-10 1.000000
    95   0        426       2590 10.000  23.601 155.0 53.130      417     2582      437     2601     20     19       423      2578       437      2597       429      2603       415      2584       392      2557       462      2626 PARcau 4.514435e-07 1.000000
    95   1        535       1470 11.314  18.385 149.0 45.000      528     1462      543     1479     15     17       532      1459       545      1472       537      1480       524      1467       503      1437       568      1504 PARcau 6.434266e-07 0.999999
    96   3        792       1506  6.021  10.308  27.5 36.870      789     1502      797     1513      8     11       786      1508       793      1500       797      1504       791      1512       764      1477       822      1538 PARcau 5.414977e-12 1.000000
    96   0        423       2588  9.220  24.042 138.0 45.000      415     2580      434     2599     19     19       419      2577       436      2594       429      2600       412      2583       390      2555       459      2624 PARcau 4.346412e-07 1.000000
    96   1        532       1462 11.180  21.024 174.0 63.435      525     1453      540     1474     15     21       522      1455       532      1450       541      1469       531      1474       500      1428       565      1499 PARcau 5.520872e-07 0.999999
    97   3        793       1505  5.831  11.662  36.0 33.690      789     1501      799     1512     10     11       787      1509       793      1499       798      1502       792      1512       764      1476       824      1537 PARcau 3.619269e-11 1.000000
    97   0        420       2585  8.485  24.759 158.5 45.000      411     2576      430     2595     19     19       414      2573       431      2591       425      2597       408      2579       386      2551       455      2620 PARcau 1.135612e-06 0.999999
    97   1        529       1454 11.402  22.136 177.0 71.565      523     1444      537     1466     14     22       520      1445       531      1442       538      1463       527      1466       498      1419       562      1491 PARcau 6.550423e-07 0.999999
    98   3        793       1504  6.801  16.919  61.5 33.690      786     1499      800     1513     14     14       784      1510       794      1496       799      1500       790      1514       761      1474       825      1538 PARcau 9.000775e-06 0.999991
    98   0        416       2581  9.220  24.042 162.5 45.000      408     2572      427     2592     19     20       411      2570       428      2587       421      2593       404      2576       383      2547       452      2617 PARcau 1.809083e-09 1.000000
    98   1        527       1446 11.102  20.597 163.5 82.875      522     1436      535     1457     13     21       521      1436       532      1434       534      1455       523      1456       497      1411       560      1482 PARcau 1.915909e-08 1.000000
    99   3        793       1503  7.071  19.799  92.0 45.000      784     1497      801     1513     17     16       782      1509       796      1495       801      1500       787      1514       759      1472       826      1538 PARcau 3.726033e-11 1.000000
    99   0        411       2577  9.899  24.042 176.0 45.000      403     2568      422     2588     19     20       406      2566       423      2583       416      2590       399      2573       378      2543       447      2613 PARcau 3.912452e-07 1.000000
    99   1        526       1436 11.045  22.204 171.0 81.870      521     1426      533     1449     12     23       519      1426       530      1425       533      1447       522      1448       496      1401       558      1474 PARcau 3.744217e-09 1.000000
   100   3        794       1502  7.810  20.000  91.0 53.130      785     1496      803     1511     18     15       782      1506       798      1494       803      1500       787      1512       760      1471       828      1536 PARcau 5.833233e-10 1.000000
   100   0        408       2574  9.192  23.335 164.0 45.000      400     2564      418     2585     18     21       403      2563       419      2579       413      2586       396      2569       375      2539       443      2610 PARcau 6.477526e-06 0.999994
   100   1        527       1425 12.000  22.000 183.0 90.000      521     1414      534     1437     13     23       521      1414       533      1414       533      1436       521      1436       496      1389       559      1462 PARcau 8.402586e-07 0.999999
   101   3        795       1502  7.826  20.573  93.0 63.435      786     1496      804     1511     18     15       783      1503       801      1494       805      1501       786      1510       761      1471       829      1536 PARcau 6.300253e-06 0.999994
   101   0        406       2572  9.220  24.042 173.5 45.000      398     2562      416     2583     18     21       400      2560       417      2577       411      2584       394      2567       373      2537       441      2608 PARcau 1.235203e-04 0.999876
   101   1        527       1416 11.000  21.000 183.5 90.000      522     1406      534     1428     12     22       522      1406       533      1406       533      1427       522      1427       497      1381       559      1453 PARcau 6.176976e-06 0.999994
   102   0        405       2571  9.899  24.042 177.0 45.000      396     2562      416     2582     20     20       400      2560       417      2577       410      2584       393      2567       371      2537       441      2607 PARcau 4.656712e-04 0.999534
   102   3        797       1501  8.602  22.472  92.0 59.036      786     1496      806     1510     20     14       783      1505       802      1493       807      1500       788      1512       761      1471       831      1535 PARcau 4.367621e-11 1.000000
   102   1        529       1409 11.000  22.000 193.0  0.000      524     1398      536     1421     12     23       524      1398       535      1398       535      1420       524      1420       499      1373       561      1446 PARcau 8.752770e-05 0.999913
   103   0        403       2571  9.301  22.902 155.0 36.870      394     2564      414     2580     20     16       397      2560       415      2574       410      2581       391      2568       369      2539       439      2605 PARcau 9.331031e-05 0.999907
   103   3        799       1501  8.485  18.385 103.0 45.000      789     1496      808     1509     19     13       789      1505       802      1492       808      1498       795      1511       764      1471       833      1534 PARcau 4.137630e-13 1.000000
   103   1        531       1403 11.885  21.708 193.0 14.036      525     1393      539     1415     14     22       528      1391       540      1394       534      1415       523      1412       500      1368       564      1440 PARcau 2.329065e-06 0.999998
   104   3        801       1500  9.899  18.385  93.0 45.000      791     1495      809     1508     18     13       790      1504       803      1491       810      1498       797      1511       766      1470       834      1533 PARcau 6.200125e-08 1.000000
   104   0        398       2568  8.732  24.622 149.5 23.199      388     2563      412     2577     24     14       389      2560       412      2570       408      2578       386      2568       363      2538       437      2602 PARcau 3.539382e-06 0.999996
   104   1        534       1401 12.728  19.799 192.0 45.000      526     1392      543     1411     17     19       523      1404       537      1390       546      1399       532      1413       501      1367       568      1436 PARcau 3.733186e-04 0.999627
   105   3        802       1499  9.192  17.678 104.5 45.000      794     1493      811     1508     17     15       792      1502       805      1490       811      1496       799      1509       769      1468       836      1533 PARcau 4.644861e-10 1.000000
   105   1        537       1403 13.000  18.000 183.5 90.000      528     1397      547     1411     19     14       528      1397       546      1397       546      1410       528      1410       503      1372       572      1436 PARcau 6.265694e-04 0.999373
   105   0        393       2567  9.014  26.405 166.0 18.435      381     2562      407     2574     26     12       382      2559       407      2567       404      2576       379      2567       356      2537       432      2599 PARcau 2.268727e-06 0.999998
   106   3        804       1497  9.434  20.248 135.0 56.310      796     1491      814     1506     18     15       793      1498       810      1487       815      1495       798      1506       771      1466       839      1531 PARcau 3.397009e-10 1.000000
   106   1        540       1406 11.180  21.471 179.0 26.565      531     1400      551     1415     20     15       533      1396       552      1406       547      1416       528      1406       506      1375       576      1440 PARcau 1.401277e-04 0.999860
   106   0        386       2566  9.055  24.331 161.0  9.462      375     2562      400     2573     25     11       375      2560       399      2564       398      2573       374      2569       350      2537       425      2598 PARcau 8.123424e-06 0.999992
   107   3        805       1495 10.735  23.943 163.5 60.255      795     1489      817     1504     22     15       791      1496       812      1485       817      1494       796      1506       770      1464       842      1529 PARcau 2.393521e-13 1.000000
   107   0        379       2566  9.000  24.000 168.0 90.000      367     2562      392     2572     25     10       367      2562       391      2562       391      2571       367      2571       342      2537       417      2597 PARcau 3.784527e-05 0.999962
   107   1        544       1412 10.630  22.627 181.5 45.000      536     1403      553     1423     17     20       539      1400       555      1416       548      1424       532      1408       511      1378       578      1448 PARcau 2.100880e-07 1.000000
   108   3        805       1494 10.735  23.479 173.5 63.435      795     1487      816     1504     21     17       791      1495       812      1484       817      1494       796      1504       770      1462       841      1529 PARcau 2.947224e-08 1.000000
   108   0        371       2566  9.000  24.000 164.0 90.000      360     2562      385     2572     25     10       360      2562       384      2562       384      2571       360      2571       335      2537       410      2597 PARcau 3.387595e-10 1.000000
   108   1        546       1419 11.180  23.707 200.5 63.435      540     1409      555     1431     15     22       546      1406       557      1427       547      1432       536      1411       515      1384       580      1456 PARcau 3.503801e-06 0.999997
   109   3        805       1493 10.124  22.638 159.0 59.036      796     1486      815     1504     19     18       792      1495       811      1484       817      1492       797      1504       771      1461       840      1529 PARcau 1.095323e-11 1.000000
   109   0        364       2567  8.000  24.000 152.5 90.000      352     2563      377     2572     25      9       352      2563       376      2563       376      2571       352      2571       327      2538       402      2597 PARcau 4.872878e-08 1.000000
   109   1        548       1427 11.180  24.331 201.5 78.690      543     1416      556     1440     13     24       541      1416       552      1414       556      1438       545      1440       518      1391       581      1465 PARcau 1.789408e-05 0.999982
   110   3        804       1492  9.899  18.385 122.0 45.000      797     1485      813     1503     16     18       795      1496       808      1483       815      1490       802      1503       772      1460       838      1528 PARcau 4.231865e-10 1.000000
   110   0        356       2568  8.062  24.187 151.0 81.870      344     2564      369     2574     25     10       343      2566       367      2563       368      2571       344      2574       319      2539       394      2599 PARcau 4.635960e-09 1.000000
   110   1        549       1436 11.000  23.000 201.5  0.000      544     1425      556     1449     12     24       544      1425       555      1425       555      1448       544      1448       519      1400       581      1474 PARcau 5.082835e-06 0.999995
   111   3        803       1490  9.962  17.270 120.5 21.801      797     1483      811     1499     14     16       802      1481       811      1484       805      1500       795      1497       772      1458       836      1524 PARcau 3.775028e-14 1.000000
   111   0        348       2569  8.000  22.000 147.5 90.000      337     2566      360     2575     23      9       337      2566       359      2566       359      2574       337      2574       312      2541       385      2600 PARcau 1.407042e-08 1.000000
   111   1        548       1446 11.000  22.000 200.0 90.000      543     1435      555     1458     12     23       543      1435       554      1435       554      1457       543      1457       518      1410       580      1483 PARcau 9.618362e-07 0.999999
   112   3        802       1488 10.000  18.000 136.0 90.000      797     1480      808     1499     11     19       797      1480       807      1480       807      1498       797      1498       772      1455       833      1524 PARcau 1.814435e-10 1.000000
   112   0        343       2570  8.000  22.000 127.0 90.000      332     2567      355     2576     23      9       332      2567       354      2567       354      2575       332      2575       307      2542       380      2601 PARcau 5.613940e-10 1.000000
   112   1        545       1456 11.180  21.378 182.0 11.310      539     1447      553     1468     14     21       542      1445       553      1447       549      1468       538      1466       514      1422       578      1493 PARcau 1.687974e-07 1.000000
   113   0        339       2570  8.000  23.000 123.5 90.000      327     2567      351     2576     24      9       327      2567       350      2567       350      2575       327      2575       302      2542       376      2601 PARcau 4.921042e-09 1.000000
   113   3        801       1486 11.000  25.000 176.0 90.000      796     1476      808     1502     12     26       796      1476       807      1476       807      1501       796      1501       771      1451       833      1527 PARcau 3.685598e-06 0.999996
   113   1        542       1465 10.920  21.983 167.5 16.699      536     1455      549     1477     13     22       540      1453       550      1456       544      1477       533      1474       511      1430       574      1502 PARcau 1.553199e-06 0.999998
   114   3        801       1484 11.000  26.000 195.0  0.000      796     1472      808     1499     12     27       796      1472       807      1472       807      1498       796      1498       771      1447       833      1524 PARcau 1.203833e-03 0.998796
   114   0        331       2569  7.000  24.000 127.0 90.000      321     2566      346     2574     25      8       321      2566       345      2566       345      2573       321      2573       296      2541       371      2599 PARcau 1.042618e-11 1.000000
   114   1        538       1473 11.662  19.723 167.5 30.964      532     1463      547     1484     15     21       538      1461       548      1467       538      1484       528      1478       507      1438       572      1509 PARcau 1.140259e-05 0.999989
   115   3        800       1482 11.000  23.000 187.5 90.000      795     1471      807     1495     12     24       795      1471       806      1471       806      1494       795      1494       770      1446       832      1520 PARcau 4.683272e-05 0.999953
   115   0        325       2569  9.124  21.869 135.5 11.310      315     2565      338     2576     23     11       315      2563       337      2567       335      2576       314      2572       290      2540       363      2601 PARcau 7.210906e-13 1.000000
   115   1        535       1479 12.369  17.464 153.0 14.036      529     1470      544     1489     15     19       531      1469       543      1472       539      1489       527      1486       504      1445       569      1514 PARcau 3.327170e-05 0.999967
   116   3        800       1482 11.000  23.000 183.5 90.000      795     1471      807     1495     12     24       795      1471       806      1471       806      1494       795      1494       770      1446       832      1520 PARcau 6.049435e-05 0.999940
   116   0        320       2569  9.055  22.091 150.5  5.711      309     2565      332     2576     23     11       309      2564       331      2566       330      2575       308      2573       284      2540       357      2601 PARcau 8.880883e-11 1.000000
   116   1        534       1483 13.000  17.000 164.5 90.000      528     1475      542     1493     14     18       528      1475       541      1475       541      1492       528      1492       503      1450       567      1518 PARcau 4.482239e-04 0.999552
   117   3        800       1481 11.000  21.000 172.0 90.000      795     1471      807     1493     12     22       795      1471       806      1471       806      1492       795      1492       770      1446       832      1518 PARcau 1.029675e-03 0.998970
   117   0        315       2569  8.559  23.265 153.5  9.462      304     2565      328     2575     24     10       304      2563       327      2567       326      2575       303      2572       279      2540       353      2600 PARcau 9.292748e-12 1.000000
   117   1        532       1486 14.765  15.652 162.5 26.565      525     1478      540     1495     15     17       529      1475       542      1482       535      1496       522      1489       500      1453       565      1520 PARcau 9.034826e-05 0.999910
   118   3        799       1480 11.102  20.887 139.0 79.695      795     1471      807     1493     12     22       792      1471       803      1470       807      1490       796      1492       770      1446       832      1518 PARcau 1.531354e-04 0.999847
   118   1        530       1486 14.142  14.866 156.5 45.000      523     1479      539     1494     16     15       520      1486       531      1476       541      1486       530      1496       498      1454       564      1519 PARcau 1.010834e-01 0.898917
   118   0        307       2567  8.062  23.537 142.5 11.310      296     2563      320     2574     24     11       296      2561       319      2566       318      2574       295      2569       271      2538       345      2599 PARcau 6.007842e-12 1.000000
   119   3        799       1480  8.000  19.000 112.5 90.000      796     1471      805     1491      9     20       796      1471       804      1471       804      1490       796      1490       771      1446       830      1516 PARcau 6.776108e-05 0.999932
   119   1        527       1485 12.298  15.207 142.5 26.565      520     1479      536     1493     16     14       523      1476       537      1483       531      1494       518      1487       495      1454       561      1518 PARcau 1.090761e-01 0.890924
   120   3        799       1479  8.000  18.000  75.5 90.000      796     1471      805     1490      9     19       796      1471       804      1471       804      1489       796      1489       771      1446       830      1515 PARcau 1.769410e-11 1.000000
   120   1        525       1484 12.000  15.000 135.5 90.000      518     1479      534     1492     16     13       518      1479       533      1479       533      1491       518      1491       493      1454       559      1517 PARcau 2.945135e-02 0.970549
   121   1        524       1483 13.000  14.000 137.5 90.000      517     1477      532     1491     15     14       517      1477       531      1477       531      1490       517      1490       492      1452       557      1516 PARcau 1.132995e-02 0.988670
   122   1        523       1481 11.662  15.264 135.0 59.036      517     1474      532     1489     15     15       514      1478       524      1472       532      1485       522      1491       492      1449       557      1514 PARcau 3.138581e-02 0.968614
   123   1        525       1478 13.000  15.000 146.0 90.000      519     1471      533     1487     14     16       519      1471       532      1471       532      1486       519      1486       494      1446       558      1512 PARcau 4.796623e-02 0.952034
   124   1        527       1477 12.728  19.799 183.5 45.000      518     1469      538     1486     20     17       516      1479       530      1465       539      1474       525      1488       493      1444       563      1511 PARcau 5.435789e-03 0.994564
   125   1        529       1477 11.673  22.277 156.0 80.538      519     1471      542     1485     23     14       518      1473       540      1470       542      1481       520      1485       494      1446       567      1510 PARcau 2.741708e-06 0.999997
   125   4       1234       2306  7.000  16.000  75.5 90.000     1227     2303     1244     2311     17      8      1227      2303      1243      2303      1243      2310      1227      2310      1202      2278      1269      2336 PARcau 9.561931e-05 0.999904
   126   4       1234       2304  8.062  16.279  82.5 78.690     1227     2301     1244     2310     17      9      1226      2302      1242      2299      1243      2307      1227      2310      1202      2276      1269      2335 PARcau 2.129975e-05 0.999979
   126   1        534       1479  9.055  25.179 142.0  8.130      523     1474      549     1486     26     12       523      1473       548      1476       547      1485       522      1482       498      1449       574      1511 PARcau 8.538635e-07 0.999999
   127   4       1235       2303  8.000  16.000  86.5 90.000     1228     2300     1245     2309     17      9      1228      2300      1244      2300      1244      2308      1228      2308      1203      2275      1270      2334 PARcau 3.037278e-06 0.999997
   127   1        549       1486  9.394  23.479 156.0 26.565      539     1480      560     1494     21     14       540      1477       561      1487       557      1496       536      1485       514      1455       585      1519 PARcau 2.549840e-09 1.000000
   128   4       1235       2301  9.000  18.000 101.0 90.000     1228     2298     1247     2308     19     10      1228      2298      1246      2298      1246      2307      1228      2307      1203      2273      1272      2333 PARcau 3.086807e-07 1.000000
   128   1        557       1493 10.817  26.627 203.5 33.690      546     1484      570     1503     24     19       549      1481       571      1496       565      1505       543      1490       521      1459       595      1528 PARcau 9.361149e-08 1.000000
   129   4       1236       2300  8.062  17.117  99.5  5.711     1229     2296     1247     2306     18     10      1229      2295      1246      2297      1245      2305      1228      2303      1204      2271      1272      2331 PARcau 3.654595e-06 0.999996
   129   1        566       1501 11.402  27.659 223.5 39.806      555     1492      579     1511     24     19       559      1487       580      1505       573      1514       552      1496       530      1467       604      1536 PARcau 1.568840e-11 1.000000
   130   4       1237       2299  8.246  18.439 100.0 14.036     1230     2294     1248     2305     18     11      1230      2293      1248      2297      1246      2305      1228      2301      1205      2269      1273      2330 PARcau 2.991883e-12 1.000000
   130   1        576       1510 10.607  27.577 228.0 45.000      565     1500      589     1521     24     21       570      1496       590      1516       582      1523       563      1504       540      1475       614      1546 PARcau 1.633942e-11 1.000000
   131   4       1238       2298  8.382  17.241  97.5 18.435     1231     2294     1248     2305     17     11      1232      2292      1248      2297      1246      2305      1229      2300      1206      2269      1273      2330 PARcau 1.488794e-11 1.000000
   131   3        792       1480  6.708   6.708  30.5 63.435      789     1477      797     1485      8      8       787      1478       793      1475       796      1481       790      1484       764      1452       822      1510 PARcau 2.690630e-10 1.000000
   131   1        585       1519  9.899  28.284 228.0 45.000      574     1509      597     1530     23     21       578      1505       598      1525       591      1532       571      1512       549      1484       622      1555 PARcau 1.808198e-12 1.000000
   132   4       1239       2298  8.062  17.889  87.0 26.565     1232     2293     1249     2305     17     12      1233      2291      1249      2299      1245      2306      1229      2298      1207      2268      1274      2330 PARcau 1.536762e-08 1.000000
   132   1        592       1527 10.630  26.870 227.5 45.000      582     1517      604     1538     22     21       586      1513       605      1532       598      1540       579      1521       557      1492       629      1563 PARcau 3.556607e-10 1.000000
   133   4       1239       2298  7.500  16.800  83.5 38.660     1232     2293     1249     2304     17     11      1235      2290      1248      2300      1244      2306      1230      2296      1207      2268      1274      2329 PARcau 4.920866e-12 1.000000
   133   3        789       1481  9.000  12.000  80.0 90.000      784     1477      797     1487     13     10       784      1477       796      1477       796      1486       784      1486       759      1452       822      1512 PARcau 3.806493e-02 0.961935
   133   1        595       1530 10.607  24.749 213.0 45.000      585     1521      606     1541     21     20       590      1517       608      1535       600      1542       583      1525       560      1496       631      1566 PARcau 1.456716e-11 1.000000
   134   4       1239       2297  8.485  16.971  70.5 45.000     1233     2293     1248     2304     15     11      1237      2289      1249      2301      1243      2307      1231      2295      1208      2268      1273      2329 PARcau 8.682189e-08 1.000000
   134   3        788       1480 10.000  14.000 101.0 90.000      782     1476      797     1487     15     11       782      1476       796      1476       796      1486       782      1486       757      1451       822      1512 PARcau 1.940527e-03 0.998059
   134   1        594       1529 11.314  22.627 195.5 45.000      585     1521      604     1540     19     19       590      1518       606      1534       598      1542       582      1526       560      1496       629      1565 PARcau 1.059206e-07 1.000000
   135   3        788       1480 10.000  15.000 114.0 90.000      781     1476      797     1487     16     11       781      1476       796      1476       796      1486       781      1486       756      1451       822      1512 PARcau 3.884377e-02 0.961156
   135   4       1239       2297  6.964  14.577  56.0 21.801     1234     2293     1248     2303     14     10      1235      2291      1248      2296      1246      2303      1232      2297      1209      2268      1273      2328 PARcau 1.335705e-08 1.000000
   135   1        593       1527 13.416  15.652 159.0 63.435      585     1520      602     1535     17     15       583      1523       595      1517       602      1531       590      1537       560      1495       627      1560 PARcau 4.218023e-02 0.957820
   136   3        788       1479 10.112  15.788 111.0  9.462      780     1475      797     1486     17     11       780      1473       796      1476       794      1486       779      1483       755      1450       822      1511 PARcau 3.502415e-03 0.996498
   136   4       1240       2295  6.403  12.728  39.0 45.000     1234     2291     1248     2303     14     12      1238      2289      1247      2298      1243      2303      1234      2294      1209      2266      1273      2328 PARcau 4.594408e-10 1.000000
   136   1        594       1522 12.728  21.213 191.0 45.000      585     1513      603     1532     18     19       582      1526       597      1511       606      1520       591      1535       560      1488       628      1557 PARcau 9.916569e-05 0.999901
   137   3        787       1479 10.000  15.000 107.0 90.000      780     1475      796     1486     16     11       780      1475       795      1475       795      1485       780      1485       755      1450       821      1511 PARcau 5.979378e-03 0.994021
   137   4       1240       2295  6.403  10.817  28.0 33.690     1236     2291     1247     2301     11     10      1238      2290      1247      2296      1243      2301      1234      2295      1211      2266      1272      2326 PARcau 6.542140e-13 1.000000
   137   1        599       1513 10.296  26.833 212.0 26.565      590     1502      608     1527     18     25       588      1524       600      1500       609      1505       597      1529       565      1477       633      1552 PARcau 4.564956e-09 1.000000
   138   3        787       1479 10.000  14.000  87.0 90.000      781     1475      796     1486     15     11       781      1475       795      1475       795      1485       781      1485       756      1450       821      1511 PARcau 1.024764e-04 0.999897
   138   1        605       1501 12.083  26.833 233.5 26.565      598     1489      614     1515     16     26       594      1511       606      1487       617      1492       605      1516       573      1464       639      1540 PARcau 3.997375e-06 0.999996
   139   3        787       1479  8.559  13.086  73.0 83.660      781     1475      795     1485     14     10       780      1476       793      1474       794      1483       781      1484       756      1450       820      1510 PARcau 1.126356e-04 0.999887
   139   1        611       1491 11.180  26.833 219.0 26.565      604     1479      619     1504     15     25       600      1500       612      1476       622      1481       610      1505       579      1454       644      1529 PARcau 2.997165e-09 1.000000
   140   3        787       1478  7.000  13.000  54.5 90.000      781     1476      795     1484     14      8       781      1476       794      1476       794      1483       781      1483       756      1451       820      1509 PARcau 6.537407e-06 0.999993
   140   1        616       1481 11.180  26.833 219.5 26.565      608     1469      624     1494     16     25       605      1490       617      1466       627      1471       615      1495       583      1444       649      1519 PARcau 2.030110e-07 1.000000
   141   1        619       1475 11.180  24.597 222.0 26.565      611     1464      629     1487     18     23       609      1483       620      1461       630      1466       619      1488       586      1439       654      1512 PARcau 1.370945e-04 0.999863
   141   2        307       1513  9.618  23.033 165.0 63.435      297     1507      319     1521     22     14       295      1515       315      1504       320      1513       299      1523       272      1482       344      1546 PARcau 1.009971e-07 1.000000
   142   1        622       1475 11.715  22.411 209.0 51.340      612     1467      633     1485     21     18       609      1478       627      1464       634      1473       617      1487       587      1442       658      1510 PARcau 5.021284e-04 0.999498
   142   2        316       1508  8.944  23.259 157.5 63.435      306     1501      327     1516     21     15       304      1509       325      1499       329      1507       308      1517       281      1476       352      1541 PARcau 2.423495e-10 1.000000
   143   1        625       1477 11.000  23.000 198.5 90.000      614     1472      638     1484     24     12       614      1472       637      1472       637      1483       614      1483       589      1447       663      1509 PARcau 9.088445e-07 0.999999
   143   2        326       1501  9.434  23.324 165.0 59.036      316     1494      337     1510     21     16       313      1503       333      1491       338      1499       318      1511       291      1469       362      1535 PARcau 2.618832e-05 0.999974
   144   1        630       1482 10.548  27.354 199.5 30.964      618     1475      643     1492     25     17       621      1470       645      1484       639      1493       616      1479       593      1450       668      1517 PARcau 1.306091e-11 1.000000
   144   2        334       1494  9.925  22.727 162.0 50.194      325     1487      345     1503     20     16       322      1498       340      1483       346      1491       329      1505       300      1462       370      1528 PARcau 2.362977e-07 1.000000
   145   1        641       1492  9.899  28.284 208.5 45.000      631     1482      653     1503     22     21       635      1478       655      1498       648      1505       628      1485       606      1457       678      1528 PARcau 2.888845e-13 1.000000
   145   2        342       1487  9.899  22.627 166.5 45.000      334     1480      353     1497     19     17       331      1492       347      1476       354      1483       338      1499       309      1455       378      1522 PARcau 1.143195e-08 1.000000
   146   2        351       1480  9.899  22.627 176.0 45.000      342     1472      363     1489     21     17       340      1484       356      1468       363      1475       347      1491       317      1447       388      1514 PARcau 8.251945e-11 1.000000
   146   1        650       1501  9.899  28.284 220.5 45.000      640     1491      662     1514     22     23       644      1488       664      1508       657      1515       637      1495       615      1466       687      1539 PARcau 9.359981e-10 1.000000
   146   5        408       1408  4.472  10.296  29.0 26.565      404     1405      413     1413      9      8       404      1403       413      1408       411      1412       402      1407       379      1380       438      1438 PARcau 6.404108e-18 1.000000
   147   5        412       1408  7.000  15.000  67.0 90.000      404     1405      420     1413     16      8       404      1405       419      1405       419      1412       404      1412       379      1380       445      1438 PARcau 1.313677e-24 1.000000
   147   2        360       1473 10.259  23.754 179.0 49.399      350     1465      372     1482     22     17       348      1477       366      1461       373      1469       355      1484       325      1440       397      1507 PARcau 9.592090e-11 1.000000
   147   1        658       1510 10.308  27.409 216.0 51.340      648     1500      669     1522     21     22       653      1496       670      1517       662      1524       645      1502       623      1475       694      1547 PARcau 3.403113e-13 1.000000
   148   1        663       1516 10.630  26.249 203.5 50.194      654     1506      674     1527     20     21       659      1502       676      1522       668      1529       651      1509       629      1481       699      1552 PARcau 1.003316e-09 1.000000
   149   1        666       1518 10.630  22.627 196.5 45.000      657     1510      677     1528     20     18       662      1506       678      1522       671      1530       655      1514       632      1485       702      1553 PARcau 6.550783e-09 1.000000