 Frame  ID  CentroidX  CentroidY  Width  Length  Area  Angle  Box_TLX  Box_TLY  Box_BRX  Box_BRY  Box_W  Box_H  rBox_TLX  rBox_TLY  rBox_TRX  rBox_TRY  rBox_BRX  rBox_BRY  rBox_BLX  rBox_BLY  lBox_TLX  lBox_TLY  lBox_BRX  lBox_BRY  Label       NONpro   PARcau
    21   0       2004       2680  9.000  17.000 113.5 90.000     1996     2676     2014     2686     18     10      1996      2676      2013      2676      2013      2685      1996      2685      1971      2651      2039      2711 PARcau 9.209891e-06 0.999991
    21   1       2738       1769  8.246  22.561 128.5 14.036     2734     1759     2744     1781     10     22      2737      1757      2745      1759      2740      1781      2732      1779      2709      1734      2769      1806 PARcau 6.845123e-11 1.000000
    21   2       5117       1162  9.899  18.385 150.5 45.000     5110     1155     5126     1171     16     16      5114      1152      5127      1165      5120      1172      5107      1159      5085      1130      5151      1196 PARcau 9.932553e-05 0.999901
    22   2       5118       1163 10.630  19.799 144.5 45.000     5110     1156     5128     1172     18     16      5115      1153      5129      1167      5122      1175      5108      1161      5085      1131      5153      1197 PARcau 6.927083e-05 0.999931
    22   1       2740       1765  8.246  22.561 119.5 14.036     2736     1754     2746     1777     10     23      2738      1753      2746      1755      2741      1777      2733      1775      2711      1729      2771      1802 PARcau 7.547400e-13 1.000000
    22   0       2011       2679  9.000  17.000 117.0 90.000     2003     2675     2021     2685     18     10      2003      2675      2020      2675      2020      2684      2003      2684      1978      2650      2046      2710 PARcau 1.058744e-05 0.999989
    23   2       5120       1165  9.899  19.799 135.5 45.000     5113     1158     5130     1175     17     17      5118      1156      5132      1170      5125      1177      5111      1163      5088      1133      5155      1200 PARcau 1.132100e-04 0.999887
    23   0       2014       2679  8.000  18.000 114.0 90.000     2006     2676     2025     2685     19      9      2006      2676      2024      2676      2024      2684      2006      2684      1981      2651      2050      2710 PARcau 1.058615e-04 0.999894
    23   1       2741       1760  8.544  22.136 134.0 18.435     2736     1750     2747     1772     11     22      2741      1748      2749      1751      2742      1772      2734      1769      2711      1725      2772      1797 PARcau 9.109438e-14 1.000000
    24   0       2011       2680  8.246  16.492  96.5 14.036     2004     2676     2020     2687     16     11      2004      2674      2020      2678      2018      2686      2002      2682      1979      2651      2045      2712 PARcau 4.459328e-03 0.995541
    24   2       5122       1167  9.899  19.799 120.5 45.000     5114     1159     5132     1176     18     17      5119      1157      5133      1171      5126      1178      5112      1164      5089      1134      5157      1201 PARcau 1.458086e-05 0.999985
    24   1       2742       1756  8.860  22.461 122.0 15.945     2738     1746     2749     1768     11     22      2741      1744      2750      1746      2743      1768      2735      1765      2713      1721      2774      1793 PARcau 4.967527e-08 1.000000
    25   2       5124       1169  8.485  18.385 121.0 45.000     5117     1162     5134     1178     17     16      5121      1160      5134      1173      5128      1179      5115      1166      5092      1137      5159      1203 PARcau 2.313580e-04 0.999769
    25   0       2007       2682  9.014  14.705  84.5 33.690     2002     2676     2015     2690     13     14      2004      2674      2016      2682      2011      2690      1999      2681      1977      2651      2040      2715 PARcau 2.451581e-04 0.999755
    25   1       2744       1751  8.732  22.677 130.0 14.036     2739     1741     2750     1763     11     22      2742      1739      2751      1741      2745      1763      2737      1761      2714      1716      2775      1788 PARcau 4.594551e-09 1.000000
    26   0       2005       2685  8.000  15.000  78.5 90.000     2001     2678     2010     2694      9     16      2001      2678      2009      2678      2009      2693      2001      2693      1976      2653      2035      2719 PARcau 1.512398e-05 0.999985
    26   2       5128       1173  9.220  18.385  99.0 45.000     5119     1165     5136     1181     17     16      5124      1162      5137      1175      5131      1182      5118      1169      5094      1140      5161      1206 PARcau 6.427520e-04 0.999357
    26   1       2746       1746  8.732  23.436 139.0 11.310     2741     1735     2752     1758     11     23      2744      1733      2752      1735      2748      1758      2739      1756      2716      1710      2777      1783 PARcau 6.703287e-10 1.000000
    27   2       5131       1175  9.220  18.439 114.5 40.601     5124     1167     5139     1184     15     17      5126      1165      5140      1177      5134      1184      5120      1172      5099      1142      5164      1209 PARcau 5.991711e-05 0.999940
    27   1       2748       1741  8.382  22.611 134.0 18.435     2743     1730     2754     1753     11     23      2747      1728      2755      1731      2748      1752      2740      1750      2718      1705      2779      1778 PARcau 3.817191e-09 1.000000
    27   0       2002       2690  8.062  16.279  87.5  9.462     1998     2681     2008     2698     10     17      2000      2680      2008      2681      2005      2697      1997      2696      1973      2656      2033      2723 PARcau 1.893842e-03 0.998106
    28   2       5134       1178  9.192  17.678 109.5 45.000     5127     1170     5142     1187     15     17      5130      1168      5143      1180      5136      1187      5124      1174      5102      1145      5167      1212 PARcau 5.426645e-04 0.999457
    28   0       2000       2693  8.902  13.829  80.5 38.660     1995     2687     2006     2701     11     14      1992      2696      2001      2685      2008      2691      1999      2701      1970      2662      2031      2726 PARcau 4.857505e-05 0.999951
    28   1       2749       1736  8.382  23.286 139.5 15.945     2745     1725     2756     1748     11     23      2748      1723      2756      1725      2750      1748      2742      1745      2720      1700      2781      1773 PARcau 1.499360e-12 1.000000
    29   2       5135       1180  9.192  19.092 118.0 45.000     5128     1172     5144     1188     16     16      5131      1169      5145      1183      5138      1189      5125      1176      5103      1147      5169      1213 PARcau 2.667557e-07 1.000000
    29   0       1998       2696  6.708   9.849  49.5 26.565     1994     2692     2003     2702      9     10      1997      2690      2003      2693      1999      2702      1993      2699      1969      2667      2028      2727 PARcau 2.775514e-05 0.999972
    29   1       2751       1730  8.246  23.537 137.0 14.036     2747     1719     2757     1742     10     23      2750      1717      2758      1719      2753      1742      2745      1740      2722      1694      2782      1767 PARcau 8.491778e-09 1.000000
    30   2       5137       1181 10.548  19.294 119.5 59.036     5129     1173     5146     1190     17     17      5136      1169      5146      1186      5137      1191      5127      1175      5104      1148      5171      1215 PARcau 3.880343e-04 0.999612
    30   1       2753       1724  8.246  22.804 142.5 14.036     2749     1713     2759     1737     10     24      2752      1712      2760      1714      2754      1736      2746      1734      2724      1688      2784      1762 PARcau 5.189453e-07 1.000000
    31   2       5139       1183 10.630  17.029 116.5 41.186     5132     1175     5147     1192     15     17      5136      1173      5149      1184      5142      1192      5129      1181      5107      1150      5172      1217 PARcau 9.888438e-05 0.999901
    31   1       2755       1718  8.246  22.804 143.5 15.945     2750     1707     2761     1731     11     24      2754      1706      2762      1708      2756      1730      2748      1728      2725      1682      2786      1756 PARcau 7.149062e-09 1.000000
    32   2       5141       1185  9.708  16.800  98.0 53.130     5133     1177     5148     1194     15     17      5139      1176      5149      1189      5141      1195      5131      1181      5108      1152      5173      1219 PARcau 3.022522e-04 0.999698
    32   1       2756       1713  8.631  22.946 139.0 11.310     2752     1703     2762     1726     10     23      2754      1701      2763      1703      2758      1725      2750      1724      2727      1678      2787      1751 PARcau 1.619094e-11 1.000000
    33   2       5142       1186  9.192  17.678  97.5 45.000     5134     1179     5149     1196     15     17      5138      1177      5151      1190      5144      1196      5132      1184      5109      1154      5174      1221 PARcau 1.500718e-04 0.999850
    33   1       2758       1707  8.544  23.087 141.0 18.435     2753     1697     2764     1720     11     23      2757      1695      2765      1698      2758      1720      2750      1717      2728      1672      2789      1745 PARcau 5.796514e-09 1.000000
    34   2       5143       1190  8.246  16.492  89.5 75.964     5138     1182     5149     1199     11     17      5137      1182      5145      1180      5149      1196      5141      1198      5113      1157      5174      1224 PARcau 7.556084e-06 0.999992
    34   1       2759       1703  8.732  22.677 131.5 14.036     2754     1692     2765     1714     11     22      2758      1690      2766      1692      2761      1714      2752      1712      2729      1667      2790      1739 PARcau 1.265939e-10 1.000000
    35   1       2761       1697  8.078  23.243 144.0 18.435     2756     1686     2768     1709     12     23      2761      1684      2769      1687      2761      1709      2754      1706      2731      1661      2793      1734 PARcau 3.588844e-11 1.000000
    35   2       5145       1196  9.657  18.848 121.5 69.444     5140     1187     5152     1206     12     19      5137      1189      5146      1185      5153      1203      5144      1206      5115      1162      5177      1231 PARcau 7.557572e-07 0.999999
    36   1       2763       1692  8.382  22.940 136.5 20.556     2758     1681     2769     1704     11     23      2763      1680      2771      1682      2763      1704      2755      1701      2733      1656      2794      1729 PARcau 5.099145e-10 1.000000
    36   3       2139       2282  5.148   7.382  26.0 26.565     2136     2280     2144     2287      8      7      2139      2278      2144      2281      2140      2287      2136      2285      2111      2255      2169      2312 PARcau 9.128193e-09 1.000000
    37   3       2139       2283  7.000   8.000  39.0 90.000     2136     2280     2144     2289      8      9      2136      2280      2143      2280      2143      2288      2136      2288      2111      2255      2169      2314 PARcau 9.650244e-11 1.000000
    37   1       2765       1686  7.649  23.162 138.5 14.036     2760     1675     2771     1698     11     23      2764      1674      2771      1675      2766      1698      2758      1696      2735      1650      2796      1723 PARcau 2.874266e-08 1.000000
    38   3       2139       2284  7.000   9.000  39.5 90.000     2136     2280     2144     2290      8     10      2136      2280      2143      2280      2143      2289      2136      2289      2111      2255      2169      2315 PARcau 1.308366e-09 1.000000
    38   1       2766       1681  7.906  23.717 138.5 18.435     2762     1669     2772     1693     10     24      2767      1668      2774      1670      2767      1693      2759      1690      2737      1644      2797      1718 PARcau 8.207476e-11 1.000000
    39   3       2139       2284  6.083  10.440  45.0 14.036     2136     2280     2144     2291      8     11      2138      2279      2144      2280      2141      2290      2135      2289      2111      2255      2169      2316 PARcau 2.690323e-09 1.000000
    39   1       2768       1676  8.246  22.804 139.0 14.036     2763     1665     2774     1688     11     23      2767      1663      2775      1665      2769      1687      2761      1685      2738      1640      2799      1713 PARcau 8.890887e-10 1.000000
    39   4       5149        761  4.243   7.810  25.5 45.000     5147      758     5154      765      7      7      5145       762      5151       757      5154       760      5148       765      5122       733      5179       790 PARcau 5.155508e-12 1.000000
    40   3       2139       2286  6.083   9.220  37.5  9.462     2136     2281     2144     2291      8     10      2137      2280      2143      2281      2141      2290      2135      2289      2111      2256      2169      2316 PARcau 1.041522e-08 1.000000
    40   1       2769       1670  8.246  23.537 134.5 14.036     2765     1659     2776     1682     11     23      2768      1657      2776      1659      2771      1682      2763      1680      2740      1634      2801      1707 PARcau 4.637987e-12 1.000000
    41   3       2139       2286  6.083  10.198  36.5  9.462     2136     2281     2144     2292      8     11      2137      2280      2143      2281      2141      2291      2135      2290      2111      2256      2169      2317 PARcau 1.357722e-09 1.000000
    41   1       2771       1664  8.732  22.677 140.5 14.036     2766     1654     2777     1676     11     22      2770      1652      2778      1654      2773      1676      2764      1674      2741      1629      2802      1701 PARcau 1.467583e-09 1.000000
    42   3       2139       2287  5.590  11.281  39.0 11.310     2136     2282     2144     2294      8     12      2137      2281      2143      2282      2140      2293      2135      2292      2111      2257      2169      2319 PARcau 5.597330e-07 0.999999
    42   1       2772       1659  8.544  22.136 134.0 18.435     2768     1649     2778     1671     10     22      2772      1647      2780      1650      2773      1671      2765      1668      2743      1624      2803      1696 PARcau 2.522704e-07 1.000000
    43   1       2773       1653  8.246  21.587 133.5 14.036     2769     1643     2779     1665     10     22      2772      1641      2780      1643      2775      1664      2767      1662      2744      1618      2804      1690 PARcau 6.287971e-11 1.000000
    44   1       2775       1647  8.062  22.361 137.0 11.310     2771     1637     2781     1660     10     23      2773      1636      2781      1637      2777      1659      2769      1658      2746      1612      2806      1685 PARcau 4.357493e-08 1.000000
    45   1       2776       1642  8.732  22.677 149.5 14.036     2772     1631     2783     1654     11     23      2775      1630      2783      1632      2778      1654      2769      1652      2747      1606      2808      1679 PARcau 3.199129e-10 1.000000
    46   1       2779       1635  8.732  22.456 142.0 11.310     2774     1625     2785     1647     11     22      2777      1623      2785      1625      2781      1647      2772      1645      2749      1600      2810      1672 PARcau 8.084513e-08 1.000000
    47   1       2780       1629  8.382  22.611 135.0 18.435     2776     1618     2786     1641     10     23      2780      1617      2788      1619      2781      1641      2773      1638      2751      1593      2811      1666 PARcau 7.766696e-11 1.000000
    48   1       2782       1623  8.246  23.770 141.5 14.036     2778     1612     2788     1635     10     23      2781      1610      2789      1612      2783      1635      2775      1633      2753      1587      2813      1660 PARcau 8.434747e-09 1.000000
    49   1       2784       1617  8.860  23.162 140.5 14.036     2779     1606     2790     1629     11     23      2782      1604      2791      1607      2785      1629      2777      1627      2754      1581      2815      1654 PARcau 5.328469e-10 1.000000
    50   1       2786       1611  8.944  23.259 141.0 26.565     2781     1600     2792     1623     11     23      2777      1619      2787      1598      2795      1602      2785      1623      2756      1575      2817      1648 PARcau 2.776177e-10 1.000000
    51   1       2788       1605  8.544  23.409 143.5 18.435     2783     1594     2795     1617     12     23      2788      1592      2796      1595      2788      1617      2780      1614      2758      1569      2820      1642 PARcau 4.948127e-10 1.000000
    52   1       2790       1598  8.732  22.940 145.0 21.801     2785     1587     2797     1610     12     23      2790      1585      2798      1589      2790      1610      2782      1607      2760      1562      2822      1635 PARcau 1.266708e-11 1.000000
    53   1       2793       1591  7.826  22.809 136.0 26.565     2788     1581     2801     1603     13     22      2785      1599      2795      1579      2802      1582      2792      1603      2763      1556      2826      1628 PARcau 1.446978e-13 1.000000
    54   1       2797       1584  7.616  22.361 137.5 26.565     2791     1574     2804     1595     13     21      2788      1592      2798      1572      2805      1575      2795      1595      2766      1549      2829      1620 PARcau 9.407341e-13 1.000000
    55   1       2801       1576  7.826  21.915 134.0 26.565     2795     1566     2809     1587     14     21      2792      1583      2802      1564      2809      1567      2799      1587      2770      1541      2834      1612 PARcau 1.367759e-11 1.000000
    56   1       2805       1567  7.616  22.361 137.0 26.565     2799     1558     2813     1579     14     21      2797      1576      2807      1556      2814      1559      2804      1579      2774      1533      2838      1604 PARcau 2.748575e-13 1.000000
    57   1       2810       1560  8.944  22.361 140.0 26.565     2804     1550     2818     1571     14     21      2801      1567      2811      1547      2819      1551      2809      1571      2779      1525      2843      1596 PARcau 1.188265e-13 1.000000
    58   1       2814       1552  8.944  22.825 145.5 26.565     2809     1542     2822     1564     13     22      2805      1560      2816      1540      2824      1544      2813      1564      2784      1517      2847      1589 PARcau 2.489944e-11 1.000000
    59   1       2818       1545  9.487  22.136 150.0 18.435     2813     1535     2826     1556     13     21      2817      1532      2826      1535      2819      1556      2810      1553      2788      1510      2851      1581 PARcau 5.702023e-13 1.000000
    60   1       2822       1536  8.944  23.259 149.0 26.565     2816     1526     2829     1548     13     22      2813      1545      2823      1524      2831      1528      2821      1549      2791      1501      2854      1573 PARcau 2.385104e-13 1.000000
    61   1       2825       1528  9.220  22.561 144.0 11.310     2820     1518     2831     1540     11     22      2823      1516      2832      1518      2827      1540      2818      1538      2795      1493      2856      1565 PARcau 5.411967e-10 1.000000
    62   1       2827       1520  8.631  22.946 140.0 11.310     2823     1509     2833     1532     10     23      2825      1507      2834      1509      2829      1531      2821      1530      2798      1484      2858      1557 PARcau 1.058170e-08 1.000000
    63   1       2829       1512  9.055  21.213 134.5  9.462     2825     1501     2835     1523     10     22      2826      1500      2835      1501      2832      1522      2823      1521      2800      1476      2860      1548 PARcau 1.020372e-10 1.000000
    64   1       2831       1503  8.000  22.000 137.0 90.000     2827     1492     2836     1515      9     23      2827      1492      2835      1492      2835      1514      2827      1514      2802      1467      2861      1540 PARcau 3.206806e-07 1.000000
    65   1       2832       1494  9.000  21.000 137.5 90.000     2828     1484     2838     1506     10     22      2828      1484      2837      1484      2837      1505      2828      1505      2803      1459      2863      1531 PARcau 1.594841e-07 1.000000
    66   1       2833       1488  9.000  20.000 134.5 90.000     2829     1478     2839     1499     10     21      2829      1478      2838      1478      2838      1498      2829      1498      2804      1453      2864      1524 PARcau 4.250567e-06 0.999996
    67   1       2835       1482  9.014  20.081 131.0 18.435     2830     1473     2841     1493     11     20      2834      1471      2842      1474      2836      1493      2827      1490      2805      1448      2866      1518 PARcau 2.239104e-08 1.000000
    68   1       2837       1476  9.849  20.125 138.0 26.565     2832     1467     2844     1487     12     20      2837      1465      2846      1469      2837      1487      2828      1483      2807      1442      2869      1512 PARcau 2.627299e-10 1.000000
    69   1       2840       1470  8.944  20.125 128.0 26.565     2835     1461     2848     1480     13     19      2832      1476      2841      1458      2849      1462      2840      1480      2810      1436      2873      1505 PARcau 2.515371e-08 1.000000
    70   1       2844       1463  8.201  19.138 118.5 33.690     2839     1456     2852     1473     13     17      2836      1469      2847      1453      2853      1458      2843      1474      2814      1431      2877      1498 PARcau 6.466367e-09 1.000000
    71   1       2849       1459  8.485  19.799 125.0 45.000     2843     1451     2858     1468     15     17      2840      1463      2854      1449      2860      1455      2846      1469      2818      1426      2883      1493 PARcau 1.063234e-11 1.000000
    72   1       2853       1456  7.071  21.213 129.5 45.000     2846     1448     2862     1465     16     17      2843      1461      2858      1446      2863      1451      2848      1466      2821      1423      2887      1490 PARcau 1.172438e-13 1.000000
    73   1       2855       1454  8.485  21.213 131.0 45.000     2848     1447     2864     1464     16     17      2845      1459      2860      1444      2866      1450      2851      1465      2823      1422      2889      1489 PARcau 1.194205e-11 1.000000
    73   3       2115       2296  4.924   7.826  28.0 26.565     2113     2293     2119     2302      6      9      2115      2292      2119      2294      2116      2301      2111      2299      2088      2268      2144      2327 PARcau 6.274550e-08 1.000000
    74   3       2115       2296  4.950   7.778  27.0 45.000     2113     2293     2119     2302      6      9      2111      2298      2116      2292      2120      2296      2114      2301      2088      2268      2144      2327 PARcau 8.383394e-08 1.000000
    74   1       2856       1454  8.139  21.639 117.5 39.806     2850     1446     2865     1464     15     18      2846      1459      2860      1442      2866      1448      2852      1464      2825      1421      2890      1489 PARcau 2.231800e-12 1.000000
    75   1       2856       1453  7.810  19.849 109.0 39.806     2851     1445     2865     1463     14     18      2847      1458      2860      1443      2866      1448      2853      1463      2826      1420      2890      1488 PARcau 9.505988e-07 0.999999
    76   1       2856       1453  8.602  14.422  76.0 33.690     2852     1447     2863     1462     11     15      2849      1456      2857      1444      2864      1449      2856      1461      2827      1422      2888      1487 PARcau 5.869947e-07 0.999999
    77   1       2857       1451  8.062  14.142  74.0  8.130     2853     1444     2863     1459     10     15      2854      1443      2862      1444      2860      1458      2852      1457      2828      1419      2888      1484 PARcau 2.591485e-02 0.974085
    78   1       2855       1449  8.062  13.038  74.0 59.036     2851     1443     2862     1456     11     13      2855      1441      2862      1452      2855      1456      2848      1445      2826      1418      2887      1481 PARcau 8.502863e-02 0.914971
    79   1       2853       1448  8.944  13.892  76.5 30.964     2847     1444     2861     1456     14     12      2849      1441      2861      1448      2857      1456      2845      1449      2822      1419      2886      1481 PARcau 1.221643e-02 0.987784
    80   1       2848       1448  8.000  14.000  78.0 90.000     2843     1445     2858     1454     15      9      2843      1445      2857      1445      2857      1453      2843      1453      2818      1420      2883      1479 PARcau 4.045428e-04 0.999595
    81   1       2844       1450  8.246  14.560  88.5 75.964     2837     1446     2853     1456     16     10      2836      1448      2850      1444      2852      1452      2838      1456      2812      1421      2878      1481 PARcau 1.710647e-04 0.999829
    82   1       2839       1451  9.000  17.000 113.5 90.000     2831     1447     2849     1457     18     10      2831      1447      2848      1447      2848      1456      2831      1456      2806      1422      2874      1482 PARcau 4.014693e-08 1.000000
    83   1       2834       1453  8.246  20.616 123.0 75.964     2825     1449     2845     1459     20     10      2823      1452      2843      1447      2845      1455      2825      1460      2800      1424      2870      1484 PARcau 1.424154e-06 0.999999
    84   1       2828       1455  8.246  21.587 133.0 75.964     2818     1451     2840     1461     22     10      2816      1454      2837      1449      2839      1457      2818      1462      2793      1426      2865      1486 PARcau 1.577665e-06 0.999998
    85   1       2822       1457  8.139  21.869 130.0 78.690     2812     1453     2834     1463     22     10      2811      1455      2832      1451      2834      1459      2812      1463      2787      1428      2859      1488 PARcau 1.072796e-08 1.000000
    86   1       2816       1458  8.000  22.000 131.0 90.000     2806     1454     2829     1463     23      9      2806      1454      2828      1454      2828      1462      2806      1462      2781      1429      2854      1488 PARcau 1.563604e-10 1.000000
    87   1       2809       1459  8.000  22.000 140.0 90.000     2799     1455     2822     1464     23      9      2799      1455      2821      1455      2821      1463      2799      1463      2774      1430      2847      1489 PARcau 5.475505e-04 0.999452
    88   1       2803       1459  7.000  21.000 124.0 90.000     2793     1456     2815     1464     22      8      2793      1456      2814      1456      2814      1463      2793      1463      2768      1431      2840      1489 PARcau 1.202106e-06 0.999999
    89   1       2796       1459  8.000  22.000 132.0 90.000     2786     1455     2809     1464     23      9      2786      1455      2808      1455      2808      1463      2786      1463      2761      1430      2834      1489 PARcau 4.662521e-07 1.000000
    90   1       2789       1459  8.000  22.000 130.5  0.000     2778     1455     2801     1464     23      9      2778      1455      2800      1455      2800      1463      2778      1463      2753      1430      2826      1489 PARcau 2.705057e-07 1.000000
    91   1       2781       1458  8.000  21.000 122.5 90.000     2771     1455     2793     1464     22      9      2771      1455      2792      1455      2792      1463      2771      1463      2746      1430      2818      1489 PARcau 8.638243e-05 0.999914
    92   1       2774       1458  8.000  22.000 132.0 90.000     2763     1455     2786     1464     23      9      2763      1455      2785      1455      2785      1463      2763      1463      2738      1430      2811      1489 PARcau 9.537242e-09 1.000000
    93   1       2765       1457  8.000  21.000 125.0 90.000     2755     1454     2777     1463     22      9      2755      1454      2776      1454      2776      1462      2755      1462      2730      1429      2802      1488 PARcau 5.556125e-06 0.999994
    94   1       2756       1457  8.000  21.000 132.0 90.000     2745     1453     2767     1462     22      9      2745      1453      2766      1453      2766      1461      2745      1461      2720      1428      2792      1487 PARcau 7.321295e-08 1.000000
    95   1       2746       1456  8.000  22.000 125.5  0.000     2736     1452     2759     1461     23      9      2736      1452      2758      1452      2758      1460      2736      1460      2711      1427      2784      1486 PARcau 3.234904e-06 0.999997
    96   1       2737       1455  7.000  21.000 122.0 90.000     2727     1452     2749     1460     22      8      2727      1452      2748      1452      2748      1459      2727      1459      2702      1427      2774      1485 PARcau 1.906755e-04 0.999809
    97   1       2727       1455  7.000  21.000 121.0 90.000     2717     1452     2739     1460     22      8      2717      1452      2738      1452      2738      1459      2717      1459      2692      1427      2764      1485 PARcau 1.175133e-04 0.999882
    98   1       2718       1456  8.000  21.000 126.0 90.000     2708     1452     2730     1461     22      9      2708      1452      2729      1452      2729      1460      2708      1460      2683      1427      2755      1486 PARcau 5.413939e-05 0.999946
    99   1       2709       1457  8.000  20.000 121.5 90.000     2699     1454     2720     1463     21      9      2699      1454      2719      1454      2719      1462      2699      1462      2674      1429      2745      1488 PARcau 5.282351e-08 1.000000
   100   1       2699       1460  8.062  21.378 128.5 78.690     2689     1456     2711     1466     22     10      2688      1458      2709      1454      2710      1462      2689      1466      2664      1431      2736      1491 PARcau 2.422284e-10 1.000000
   101   1       2690       1463  8.139  20.887 126.5 78.690     2680     1459     2701     1469     21     10      2679      1461      2699      1457      2701      1465      2680      1469      2655      1434      2726      1494 PARcau 2.907401e-10 1.000000
   102   1       2681       1465  8.246  21.587 128.5 75.964     2671     1461     2693     1471     22     10      2670      1464      2691      1459      2693      1467      2672      1472      2646      1436      2718      1496 PARcau 4.917392e-13 1.000000
   103   1       2673       1467  8.062  20.396 126.5 78.690     2663     1463     2684     1473     21     10      2662      1465      2682      1461      2683      1469      2663      1473      2638      1438      2709      1498 PARcau 3.553363e-08 1.000000
   104   1       2664       1469  8.000  21.000 126.5 90.000     2654     1465     2676     1474     22      9      2654      1465      2675      1465      2675      1473      2654      1473      2629      1440      2701      1499 PARcau 3.551772e-05 0.999964
   105   1       2655       1469  8.000  20.000 123.0 90.000     2645     1466     2666     1475     21      9      2645      1466      2665      1466      2665      1474      2645      1474      2620      1441      2691      1500 PARcau 1.023271e-04 0.999898
   106   1       2646       1469  7.000  20.000 121.0 90.000     2636     1466     2657     1474     21      8      2636      1466      2656      1466      2656      1473      2636      1473      2611      1441      2682      1499 PARcau 3.419536e-06 0.999997
   107   1       2638       1468  8.000  20.000 123.0 90.000     2628     1465     2649     1474     21      9      2628      1465      2648      1465      2648      1473      2628      1473      2603      1440      2674      1499 PARcau 8.381937e-07 0.999999
   108   1       2629       1467  8.000  23.000 137.0 90.000     2618     1464     2642     1473     24      9      2618      1464      2641      1464      2641      1472      2618      1472      2593      1439      2667      1498 PARcau 5.703069e-05 0.999943
   109   1       2621       1466  7.000  21.000 124.0 90.000     2611     1463     2633     1471     22      8      2611      1463      2632      1463      2632      1470      2611      1470      2586      1438      2658      1496 PARcau 1.935597e-07 1.000000
   110   1       2611       1466  7.000  21.000 118.5 90.000     2601     1463     2623     1471     22      8      2601      1463      2622      1463      2622      1470      2601      1470      2576      1438      2648      1496 PARcau 1.239463e-07 1.000000
   111   1       2601       1467  7.566  21.290 117.0 80.538     2591     1463     2613     1472     22      9      2590      1465      2611      1461      2612      1469      2591      1472      2566      1438      2638      1497 PARcau 3.511374e-09 1.000000
   112   1       2592       1468  7.071  20.616 119.0 75.964     2582     1464     2603     1474     21     10      2581      1467      2601      1462      2602      1469      2582      1474      2557      1439      2628      1499 PARcau 1.092335e-07 1.000000
   113   1       2582       1470  8.062  20.396 127.0 78.690     2572     1466     2593     1476     21     10      2571      1468      2591      1464      2592      1472      2572      1476      2547      1441      2618      1501 PARcau 4.797884e-10 1.000000
   114   1       2573       1472  8.139  20.718 121.5 80.538     2563     1468     2584     1478     21     10      2561      1470      2582      1467      2583      1475      2563      1478      2538      1443      2609      1503 PARcau 2.866716e-12 1.000000
   115   1       2563       1475  8.246  20.616 118.5 75.964     2553     1471     2574     1481     21     10      2552      1474      2572      1469      2574      1477      2554      1482      2528      1446      2599      1506 PARcau 5.548853e-10 1.000000
   116   1       2554       1477  8.000  21.000 126.5 90.000     2544     1474     2566     1483     22      9      2544      1474      2565      1474      2565      1482      2544      1482      2519      1449      2591      1508 PARcau 1.476382e-08 1.000000
   117   1       2545       1478  8.000  21.000 130.0 90.000     2535     1475     2557     1484     22      9      2535      1475      2556      1475      2556      1483      2535      1483      2510      1450      2582      1509 PARcau 1.384007e-06 0.999999
   118   1       2536       1479  8.000  21.000 124.0 -0.000     2526     1475     2548     1484     22      9      2526      1475      2547      1475      2547      1483      2526      1483      2501      1450      2573      1509 PARcau 1.356592e-05 0.999986
   119   1       2527       1478  8.000  21.000 131.0 90.000     2517     1475     2539     1484     22      9      2517      1475      2538      1475      2538      1483      2517      1483      2492      1450      2564      1509 PARcau 1.036826e-05 0.999990
   120   1       2519       1477  8.000  21.000 127.5 90.000     2509     1474     2531     1483     22      9      2509      1474      2530      1474      2530      1482      2509      1482      2484      1449      2556      1508 PARcau 6.071898e-06 0.999994
   121   1       2511       1476  8.000  20.000 117.0 90.000     2502     1473     2523     1482     21      9      2502      1473      2522      1473      2522      1481      2502      1481      2477      1448      2548      1507 PARcau 1.382358e-07 1.000000
   122   1       2507       1476  8.000  20.000 120.0 90.000     2497     1473     2518     1482     21      9      2497      1473      2517      1473      2517      1481      2497      1481      2472      1448      2543      1507 PARcau 8.763502e-05 0.999912
   123   1       2507       1477  8.062  20.396 117.0 78.690     2497     1473     2518     1483     21     10      2496      1475      2516      1471      2517      1479      2497      1483      2472      1448      2543      1508 PARcau 1.388131e-05 0.999986
   124   1       2510       1478  7.906  18.722  89.5 56.310     2502     1473     2521     1486     19     13      2500      1480      2516      1470      2520      1476      2505      1487      2477      1448      2546      1511 PARcau 3.805000e-07 1.000000
   125   1       2515       1478  7.778  17.678  83.0 45.000     2511     1470     2522     1488     11     18      2507      1482      2519      1469      2525      1475      2512      1487      2486      1445      2547      1513 PARcau 1.165935e-10 1.000000
   126   1       2519       1479  6.000  18.000  82.0 90.000     2516     1470     2523     1489      7     19      2516      1470      2522      1470      2522      1488      2516      1488      2491      1445      2548      1514 PARcau 2.067753e-09 1.000000
   127   1       2522       1483  8.139  14.807  78.5 78.690     2518     1476     2528     1491     10     15      2516      1476      2524      1475      2527      1489      2519      1491      2493      1451      2553      1516 PARcau 2.734077e-09 1.000000
   128   1       2526       1486  7.071  18.385  92.0 45.000     2520     1479     2534     1494     14     15      2522      1477      2535      1490      2530      1495      2517      1482      2495      1454      2559      1519 PARcau 2.793331e-06 0.999997
   129   1       2531       1489  8.732  18.337 108.5 26.565     2524     1483     2541     1495     17     12      2525      1481      2542      1489      2538      1497      2522      1489      2499      1458      2566      1520 PARcau 1.547189e-07 1.000000
   130   1       2538       1490  8.000  18.000 109.5 90.000     2529     1487     2548     1496     19      9      2529      1487      2547      1487      2547      1495      2529      1495      2504      1462      2573      1521 PARcau 7.606160e-09 1.000000
   131   1       2545       1491  7.000  19.000 108.0 90.000     2536     1488     2556     1496     20      8      2536      1488      2555      1488      2555      1495      2536      1495      2511      1463      2581      1521 PARcau 2.465895e-05 0.999975
   132   1       2552       1491  7.000  20.000 115.5 90.000     2543     1488     2564     1496     21      8      2543      1488      2563      1488      2563      1495      2543      1495      2518      1463      2589      1521 PARcau 1.324408e-06 0.999999
   133   1       2560       1490  8.000  20.000 122.0 90.000     2550     1487     2571     1496     21      9      2550      1487      2570      1487      2570      1495      2550      1495      2525      1462      2596      1521 PARcau 3.089948e-06 0.999997
   134   1       2568       1489  8.000  20.000 117.5 90.000     2558     1485     2579     1494     21      9      2558      1485      2578      1485      2578      1493      2558      1493      2533      1460      2604      1519 PARcau 6.263740e-08 1.000000
   135   1       2576       1487  8.000  20.000 121.5 90.000     2566     1483     2587     1492     21      9      2566      1483      2586      1483      2586      1491      2566      1491      2541      1458      2612      1517 PARcau 1.359918e-12 1.000000
   136   1       2584       1485  8.246  21.587 128.5 75.964     2574     1481     2596     1491     22     10      2573      1483      2594      1478      2596      1486      2575      1491      2549      1456      2621      1516 PARcau 1.645730e-08 1.000000
   137   1       2593       1483  8.000  20.000 118.0 90.000     2583     1479     2604     1488     21      9      2583      1479      2603      1479      2603      1487      2583      1487      2558      1454      2629      1513 PARcau 6.267896e-09 1.000000
   138   1       2601       1481  8.000  21.000 125.0 90.000     2591     1477     2613     1486     22      9      2591      1477      2612      1477      2612      1485      2591      1485      2566      1452      2638      1511 PARcau 3.136011e-06 0.999997
   139   1       2610       1479  7.071  21.213 124.0 81.870     2600     1475     2622     1485     22     10      2599      1477      2620      1474      2621      1481      2600      1484      2575      1450      2647      1510 PARcau 1.216131e-09 1.000000
   140   1       2618       1478  7.000  21.000 118.0 90.000     2609     1475     2631     1483     22      8      2609      1475      2630      1475      2630      1482      2609      1482      2584      1450      2656      1508 PARcau 5.584671e-07 0.999999
   141   1       2628       1478  7.000  19.000 104.5 90.000     2619     1475     2639     1483     20      8      2619      1475      2638      1475      2638      1482      2619      1482      2594      1450      2664      1508 PARcau 4.829665e-04 0.999517
   142   1       2638       1478  7.000  21.000 111.0 90.000     2628     1475     2650     1483     22      8      2628      1475      2649      1475      2649      1482      2628      1482      2603      1450      2675      1508 PARcau 1.379484e-05 0.999986
   143   1       2647       1480  7.566  20.304 105.0 10.305     2638     1476     2659     1485     21      9      2638      1474      2658      1478      2657      1485      2637      1482      2613      1451      2684      1510 PARcau 3.511474e-06 0.999997
   144   1       2656       1481  8.000  21.000 117.5  0.000     2646     1477     2668     1486     22      9      2646      1477      2667      1477      2667      1485      2646      1485      2621      1452      2693      1511 PARcau 2.001708e-06 0.999998
   145   1       2665       1482  8.000  21.000 123.0 90.000     2655     1479     2677     1488     22      9      2655      1479      2676      1479      2676      1487      2655      1487      2630      1454      2702      1513 PARcau 5.332101e-06 0.999995
   146   1       2675       1483  8.062  21.213 119.0  9.462     2665     1480     2687     1489     22      9      2665      1478      2686      1481      2685      1489      2664      1486      2640      1455      2712      1514 PARcau 4.692633e-06 0.999995
   147   1       2684       1484  8.000  21.000 125.5 90.000     2674     1481     2696     1490     22      9      2674      1481      2695      1481      2695      1489      2674      1489      2649      1456      2721      1515 PARcau 1.010436e-05 0.999990
   148   1       2693       1484  8.000  20.000 122.0 90.000     2683     1480     2704     1489     21      9      2683      1480      2703      1480      2703      1488      2683      1488      2658      1455      2729      1514 PARcau 3.898985e-05 0.999961
   149   1       2702       1482  8.000  21.000 129.0 90.000     2692     1479     2714     1488     22      9      2692      1479      2713      1479      2713      1487      2692      1487      2667      1454      2739      1513 PARcau 9.206563e-07 0.999999