 Frame  ID  CentroidX  CentroidY  Width  Length  Area  Angle  Box_TLX  Box_TLY  Box_BRX  Box_BRY  Box_W  Box_H  rBox_TLX  rBox_TLY  rBox_TRX  rBox_TRY  rBox_BRX  rBox_BRY  rBox_BLX  rBox_BLY  lBox_TLX  lBox_TLY  lBox_BRX  lBox_BRY  Label       NONpro   PARcau
    21   0       2038       2014  7.906  15.182  82.5 18.435     2034     2008     2044     2023     10     15      2036      2006      2044      2008      2039      2023      2032      2020      2009      1983      2069      2048 PARcau 2.593521e-05 0.999974
    21   1       4840       1219  7.778  24.749 153.5 45.000     4832     1210     4851     1230     19     20      4835      1208      4852      1225      4847      1231      4829      1213      4807      1185      4876      1255 PARcau 7.119125e-13 1.000000
    22   0       2036       2018  7.382  14.983  76.5 26.565     2032     2012     2042     2026     10     14      2036      2010      2042      2013      2036      2027      2029      2023      2007      1987      2067      2051 PARcau 1.387767e-05 0.999986
    22   1       4844       1223  7.778  23.335 152.0 45.000     4836     1214     4854     1234     18     20      4839      1212      4856      1229      4850      1234      4834      1218      4811      1189      4879      1259 PARcau 1.470264e-09 1.000000
    23   0       2031       2025  7.071  14.142  78.5 45.000     2027     2019     2038     2032     11     13      2024      2027      2034      2017      2039      2022      2029      2032      2002      1994      2063      2057 PARcau 5.332378e-04 0.999467
    23   1       4852       1231  8.515  23.377 147.5 40.601     4844     1223     4862     1242     18     19      4846      1220      4864      1236      4858      1242      4841      1227      4819      1198      4887      1267 PARcau 7.462811e-10 1.000000
    24   0       2029       2027  8.485  12.728  77.5 45.000     2025     2022     2036     2034     11     12      2022      2029      2031      2020      2037      2026      2028      2035      2000      1997      2061      2059 PARcau 2.536127e-05 0.999975
    24   1       4856       1235  7.810  24.042 147.5 45.000     4848     1227     4866     1246     18     19      4851      1225      4868      1242      4862      1247      4845      1230      4823      1202      4891      1271 PARcau 1.691150e-09 1.000000
    25   0       2029       2027  8.485  12.728  77.5 45.000     2025     2022     2036     2034     11     12      2022      2029      2031      2020      2037      2026      2028      2035      2000      1997      2061      2059 PARcau 2.536127e-05 0.999975
    25   1       4856       1236  7.810  24.042 145.5 45.000     4848     1227     4866     1246     18     19      4851      1225      4868      1242      4862      1247      4845      1230      4823      1202      4891      1271 PARcau 1.691150e-09 1.000000
    26   0       2027       2029  7.071  11.314  66.0 45.000     2023     2025     2033     2036     10     11      2021      2031      2029      2023      2034      2028      2026      2036      1998      2000      2058      2061 PARcau 3.087406e-03 0.996913
    26   1       4860       1239  7.778  23.335 133.5 45.000     4852     1231     4870     1250     18     19      4855      1229      4871      1245      4866      1251      4849      1234      4827      1206      4895      1275 PARcau 4.098871e-11 1.000000
    27   0       2025       2032  7.071  11.314  66.0 45.000     2021     2027     2031     2038     10     11      2019      2033      2027      2025      2032      2030      2024      2038      1996      2002      2056      2063 PARcau 1.017673e-02 0.989823
    27   1       4864       1244  7.810  23.431 135.5 49.399     4856     1235     4874     1254     18     19      4859      1232      4874      1250      4868      1255      4853      1237      4831      1210      4899      1279 PARcau 3.635435e-09 1.000000
    28   0       2024       2034  8.485  11.314  68.0 45.000     2019     2029     2030     2040     11     11      2017      2035      2025      2027      2031      2033      2023      2041      1994      2004      2055      2065 PARcau 3.333451e-03 0.996666
    28   1       4868       1248  7.071  24.042 141.0 45.000     4860     1239     4878     1258     18     19      4862      1237      4879      1254      4874      1259      4857      1242      4835      1214      4903      1283 PARcau 9.109748e-11 1.000000
    29   0       2022       2035  7.211  12.207  60.5 33.690     2018     2030     2028     2041     10     11      2016      2038      2023      2028      2029      2032      2022      2042      1993      2005      2053      2066 PARcau 2.897785e-02 0.971022
    29   1       4872       1252  7.071  24.042 136.0 45.000     4864     1243     4882     1262     18     19      4866      1241      4883      1258      4878      1263      4861      1246      4839      1218      4907      1287 PARcau 3.051847e-12 1.000000
    30   0       2021       2037  7.778  10.607  60.0 45.000     2017     2032     2027     2043     10     11      2015      2038      2023      2031      2028      2036      2021      2044      1992      2007      2052      2068 PARcau 1.411926e-01 0.858807
    30   1       4876       1255  8.485  24.042 143.0 45.000     4868     1247     4886     1266     18     19      4871      1244      4888      1261      4882      1267      4865      1250      4843      1222      4911      1291 PARcau 1.325409e-07 1.000000
    31   0       2020       2039  8.000   9.000  56.0 90.000     2017     2035     2026     2045      9     10      2017      2035      2025      2035      2025      2044      2017      2044      1992      2010      2051      2070 PARcau 2.869072e-02 0.971309
    31   1       4880       1259  7.778  23.335 143.0 45.000     4872     1251     4890     1270     18     19      4875      1249      4891      1265      4886      1271      4869      1254      4847      1226      4915      1295 PARcau 4.906667e-08 1.000000
    32   0       2020       2041  8.000  10.000  63.5 90.000     2016     2036     2025     2047      9     11      2016      2036      2024      2036      2024      2046      2016      2046      1991      2011      2050      2072 PARcau 2.353496e-01 0.764650
    32   1       4884       1263  8.139  22.411 135.0 51.340     4876     1255     4894     1273     18     18      4880      1252      4894      1269      4888      1275      4874      1257      4851      1230      4919      1298 PARcau 9.492800e-08 1.000000
    33   0       2019       2043  7.762  11.281  56.0 14.036     2016     2038     2025     2049      9     11      2017      2036      2024      2038      2022      2049      2014      2047      1991      2013      2050      2074 PARcau 1.065311e-02 0.989347
    33   1       4888       1267  7.810  22.023 140.0 50.194     4880     1259     4898     1277     18     18      4884      1256      4898      1273      4892      1278      4878      1261      4855      1234      4923      1302 PARcau 1.171600e-05 0.999988
    34   0       2019       2045  7.000  10.000  59.0 90.000     2016     2041     2024     2052      8     11      2016      2041      2023      2041      2023      2051      2016      2051      1991      2016      2049      2077 PARcau 9.723175e-04 0.999028
    34   1       4892       1271  7.778  23.335 141.5 45.000     4884     1262     4903     1281     19     19      4887      1260      4904      1277      4898      1282      4882      1266      4859      1237      4928      1306 PARcau 1.256177e-04 0.999874
    34   2       5132       1216  5.000  16.000  63.0 90.000     5130     1209     5136     1226      6     17      5130      1209      5135      1209      5135      1225      5130      1225      5105      1184      5161      1251 PARcau 5.269602e-19 1.000000
    35   0       2019       2048  7.000  11.000  61.5 90.000     2016     2043     2024     2055      8     12      2016      2043      2023      2043      2023      2054      2016      2054      1991      2018      2049      2080 PARcau 1.781099e-02 0.982189
    35   2       5132       1213  8.000  21.000 119.0 90.000     5128     1204     5137     1226      9     22      5128      1204      5136      1204      5136      1225      5128      1225      5103      1179      5162      1251 PARcau 4.953808e-19 1.000000
    35   1       4896       1274  7.778  21.920 132.5 45.000     4889     1266     4906     1284     17     18      4891      1264      4907      1279      4901      1285      4886      1269      4864      1241      4931      1309 PARcau 4.918386e-04 0.999508
    36   0       2019       2049  7.000  12.000  63.5 90.000     2016     2044     2024     2057      8     13      2016      2044      2023      2044      2023      2056      2016      2056      1991      2019      2049      2082 PARcau 1.095599e-03 0.998904
    36   2       5132       1209  9.055  24.083 161.0 86.186     5127     1198     5137     1223     10     25      5126      1198      5135      1197      5137      1221      5128      1222      5102      1173      5162      1248 PARcau 1.184395e-13 1.000000
    36   1       4901       1278  8.485  22.627 146.0 45.000     4893     1269     4911     1288     18     19      4896      1267      4912      1283      4906      1289      4890      1273      4868      1244      4936      1313 PARcau 1.447438e-05 0.999986
    37   0       2019       2051  7.000  14.000  74.0 90.000     2016     2045     2024     2060      8     15      2016      2045      2023      2045      2023      2059      2016      2059      1991      2020      2049      2085 PARcau 2.091633e-05 0.999979
    37   2       5131       1205 11.000  25.000 202.0 90.000     5125     1194     5137     1220     12     26      5125      1194      5136      1194      5136      1219      5125      1219      5100      1169      5162      1245 PARcau 4.755416e-15 1.000000
    37   1       4905       1281  7.810  22.627 142.5 45.000     4897     1273     4915     1291     18     18      4900      1271      4916      1287      4910      1292      4894      1276      4872      1248      4940      1316 PARcau 1.132911e-03 0.998867
    38   0       2018       2053  6.083  15.133  71.5  8.130     2015     2046     2023     2062      8     16      2016      2045      2022      2046      2020      2061      2014      2060      1990      2021      2048      2087 PARcau 1.296665e-05 0.999987
    38   2       5130       1201 16.000  26.000 258.0 90.000     5121     1190     5138     1217     17     27      5121      1190      5137      1190      5137      1216      5121      1216      5096      1165      5163      1242 PARcau 2.412632e-15 1.000000
    38   1       4909       1285  8.485  21.213 138.5 45.000     4902     1277     4920     1294     18     17      4905      1275      4920      1290      4914      1296      4899      1281      4877      1252      4945      1319 PARcau 2.481459e-04 0.999752
    39   0       2018       2057  6.000  15.000  73.5 90.000     2015     2050     2022     2066      7     16      2015      2050      2021      2050      2021      2065      2015      2065      1990      2025      2047      2091 PARcau 3.238040e-06 0.999997
    39   2       5128       1197 18.000  26.000 306.0 90.000     5119     1186     5138     1213     19     27      5119      1186      5137      1186      5137      1212      5119      1212      5094      1161      5163      1238 PARcau 9.096304e-12 1.000000
    39   1       4913       1288  8.485  22.672 137.0 48.013     4906     1280     4924     1298     18     18      4909      1277      4924      1294      4918      1300      4903      1283      4881      1255      4949      1323 PARcau 2.154730e-08 1.000000
    40   2       5127       1193 18.385  25.456 330.5 45.000     5117     1182     5138     1208     21     26      5124      1179      5142      1197      5129      1210      5111      1192      5092      1157      5163      1233 PARcau 2.276074e-09 1.000000
    40   1       4917       1291  8.485  22.627 131.0 45.000     4910     1284     4928     1301     18     17      4913      1281      4929      1297      4923      1303      4907      1287      4885      1259      4953      1326 PARcau 1.526002e-06 0.999998
    40   0       2018       2064  6.000  17.000  76.0 90.000     2015     2056     2022     2074      7     18      2015      2056      2021      2056      2021      2073      2015      2073      1990      2031      2047      2099 PARcau 4.560944e-06 0.999995
    41   2       5124       1191 16.771  24.151 316.0 63.435     5114     1179     5136     1203     22     24      5112      1184      5127      1177      5138      1198      5123      1206      5089      1154      5161      1228 PARcau 2.192176e-08 1.000000
    41   1       4922       1295  9.220  22.672 143.5 39.806     4914     1288     4933     1305     19     17      4917      1285      4934      1300      4928      1307      4911      1292      4889      1263      4958      1330 PARcau 7.558771e-08 1.000000
    41   0       2017       2071  6.000  17.000  77.5 90.000     2014     2063     2021     2081      7     18      2014      2063      2020      2063      2020      2080      2014      2080      1989      2038      2046      2106 PARcau 1.554505e-05 0.999985
    42   2       5122       1188 15.620  24.839 274.5 50.194     5112     1177     5134     1199     22     22      5119      1172      5135      1191      5123      1201      5107      1182      5087      1152      5159      1224 PARcau 8.329747e-06 0.999992
    42   1       4927       1299  8.485  22.627 145.0 45.000     4918     1291     4938     1308     20     17      4922      1288      4938      1304      4932      1310      4916      1294      4893      1266      4963      1333 PARcau 1.168044e-06 0.999999
    42   0       2015       2078  6.576  18.337  88.0 11.310     2012     2070     2020     2089      8     19      2014      2069      2020      2070      2017      2088      2010      2087      1987      2045      2045      2114 PARcau 9.331503e-08 1.000000
    43   1       4931       1302  7.778  23.335 145.0 45.000     4922     1294     4942     1311     20     17      4926      1292      4942      1308      4937      1314      4920      1297      4897      1269      4967      1336 PARcau 7.314469e-07 0.999999
    43   2       5118       1183 15.572  24.052 265.5 47.490     5109     1171     5131     1195     22     24      5115      1169      5131      1186      5120      1197      5103      1179      5084      1146      5156      1220 PARcau 1.195238e-04 0.999880
    43   0       2013       2086  6.000  18.000  84.5 90.000     2011     2078     2018     2097      7     19      2011      2078      2017      2078      2017      2096      2011      2096      1986      2053      2043      2122 PARcau 7.778211e-08 1.000000
    44   1       4935       1305  7.810  22.627 135.5 45.000     4927     1298     4946     1315     19     17      4930      1295      4946      1311      4941      1317      4925      1301      4902      1273      4971      1340 PARcau 2.871828e-06 0.999997
    44   2       5114       1178 15.652  24.597 258.0 63.435     5106     1167     5127     1191     21     24      5103      1171      5117      1164      5128      1186      5114      1193      5081      1142      5152      1216 PARcau 6.663256e-06 0.999993
    44   0       2012       2093  6.576  17.586  84.0 14.036     2009     2085     2017     2103      8     18      2011      2084      2017      2085      2013      2102      2006      2101      1984      2060      2042      2128 PARcau 6.188824e-07 0.999999
    45   2       5111       1173 18.062  21.593 264.5  4.399     5102     1163     5121     1186     19     23      5102      1162      5120      1163      5118      1185      5100      1183      5077      1138      5146      1211 PARcau 9.720844e-08 1.000000
    45   1       4940       1309  9.301  22.902 147.5 36.870     4931     1301     4951     1319     20     18      4933      1299      4952      1312      4946      1320      4928      1306      4906      1276      4976      1344 PARcau 1.735170e-08 1.000000
    45   0       2010       2100  6.083  19.416  87.5 11.310     2007     2091     2015     2111      8     20      2009      2090      2015      2091      2011      2110      2005      2109      1982      2066      2040      2136 PARcau 5.300181e-09 1.000000
    46   2       5109       1169 16.971  24.042 321.5 45.000     5099     1158     5121     1183     22     25      5106      1155      5123      1172      5111      1184      5094      1167      5074      1133      5146      1208 PARcau 2.857066e-07 1.000000
    46   1       4944       1312  8.139  21.639 139.5 40.601     4936     1305     4954     1322     18     17      4938      1303      4955      1317      4949      1323      4933      1309      4911      1280      4979      1347 PARcau 3.435520e-09 1.000000
    46   0       2008       2106  6.185  19.906  88.0 11.310     2005     2097     2013     2117      8     20      2007      2096      2013      2097      2009      2117      2003      2115      1980      2072      2038      2142 PARcau 9.913419e-09 1.000000
    47   2       5106       1166 16.553  25.495 322.5 63.435     5096     1155     5119     1178     23     23      5093      1158      5108      1151      5119      1174      5104      1181      5071      1130      5144      1203 PARcau 2.662568e-06 0.999997
    47   1       4948       1316  8.485  22.627 146.5 45.000     4939     1308     4959     1325     20     17      4943      1305      4959      1321      4953      1327      4937      1311      4914      1283      4984      1350 PARcau 2.805778e-08 1.000000
    47   0       2006       2113  6.576  19.320  89.0 11.310     2003     2104     2011     2124      8     20      2005      2103      2011      2104      2008      2123      2001      2122      1978      2079      2036      2149 PARcau 1.982423e-09 1.000000
    48   2       5099       1157 16.279  25.456 325.5 45.000     5089     1146     5111     1170     22     24      5096      1143      5114      1161      5102      1172      5084      1154      5064      1121      5136      1195 PARcau 5.039570e-08 1.000000
    48   1       4956       1323  8.485  22.627 145.0 45.000     4948     1315     4967     1333     19     18      4952      1313      4968      1329      4962      1335      4946      1319      4923      1290      4992      1358 PARcau 1.024754e-06 0.999999
    48   0       2003       2125  6.576  19.320  94.0 11.310     2000     2116     2008     2136      8     20      2002      2115      2008      2116      2005      2135      1998      2134      1975      2091      2033      2161 PARcau 2.976215e-07 1.000000
    49   2       5095       1153 16.279  25.456 328.0 45.000     5085     1142     5108     1165     23     23      5092      1139      5110      1157      5098      1168      5080      1150      5060      1117      5133      1190 PARcau 3.145111e-07 1.000000
    49   1       4961       1327  8.485  22.627 148.5 45.000     4953     1319     4972     1337     19     18      4956      1317      4972      1333      4966      1339      4950      1323      4928      1294      4997      1362 PARcau 9.415219e-10 1.000000
    49   0       2002       2131  7.071  19.416  94.5 11.310     1998     2123     2007     2143      9     20      2000      2122      2007      2123      2003      2142      1996      2141      1973      2098      2032      2168 PARcau 5.180646e-07 1.000000
    50   2       5092       1148 15.556  25.456 336.0 45.000     5081     1137     5104     1161     23     24      5088      1134      5106      1152      5095      1163      5077      1145      5056      1112      5129      1186 PARcau 6.071641e-04 0.999393
    50   1       4965       1331  8.485  22.627 138.0 45.000     4957     1323     4975     1341     18     18      4960      1320      4976      1336      4970      1342      4954      1326      4932      1298      5000      1366 PARcau 2.375567e-12 1.000000
    50   0       2001       2137  6.576  18.173  91.0  8.130     1998     2129     2006     2148      8     19      1999      2128      2005      2129      2003      2147      1996      2146      1973      2104      2031      2173 PARcau 5.355533e-09 1.000000
    51   2       5088       1144 16.101  26.613 342.5 63.435     5078     1132     5101     1157     23     25      5075      1135      5089      1128      5101      1152      5086      1159      5053      1107      5126      1182 PARcau 7.037464e-04 0.999296
    51   1       4969       1334  7.810  22.627 138.0 45.000     4961     1326     4979     1344     18     18      4964      1325      4980      1341      4974      1346      4958      1330      4936      1301      5004      1369 PARcau 1.212472e-08 1.000000
    51   0       2000       2144  7.071  19.235  94.5  8.130     1997     2135     2005     2155      8     20      1998      2134      2005      2135      2002      2154      1995      2153      1972      2110      2030      2180 PARcau 8.229272e-05 0.999918
    52   2       5085       1139 15.811  28.018 344.0 56.310     5075     1127     5097     1152     22     25      5083      1123      5099      1146      5086      1155      5070      1132      5050      1102      5122      1177 PARcau 2.483437e-06 0.999997
    52   1       4973       1339  7.071  22.627 140.5 45.000     4965     1331     4984     1349     19     18      4968      1329      4984      1345      4979      1350      4963      1334      4940      1306      5009      1374 PARcau 2.062751e-08 1.000000
    52   0       2000       2151  7.000  19.000  97.5 90.000     1997     2142     2005     2162      8     20      1997      2142      2004      2142      2004      2161      1997      2161      1972      2117      2030      2187 PARcau 4.148799e-04 0.999585
    53   2       5081       1134 16.808  27.102 352.0 60.255     5071     1122     5094     1147     23     25      5067      1126      5081      1118      5095      1141      5080      1150      5046      1097      5119      1172 PARcau 1.088595e-06 0.999999
    53   1       4977       1342  8.485  22.627 147.0 45.000     4968     1334     4987     1352     19     18      4972      1332      4988      1348      4982      1354      4966      1338      4943      1309      5012      1377 PARcau 2.486233e-11 1.000000
    53   0       2000       2157  6.000  20.000  95.0 90.000     1997     2148     2004     2169      7     21      1997      2148      2003      2148      2003      2168      1997      2168      1972      2123      2029      2194 PARcau 4.079583e-04 0.999592
    54   2       5078       1129 16.101  28.200 353.5 53.130     5067     1117     5091     1142     24     25      5075      1113      5092      1136      5079      1145      5062      1123      5042      1092      5116      1167 PARcau 1.518988e-03 0.998481
    54   1       4981       1346  7.778  21.920 141.0 45.000     4973     1339     4991     1356     18     17      4976      1336      4992      1351      4986      1357      4971      1341      4948      1314      5016      1381 PARcau 1.099932e-10 1.000000
    54   0       2000       2165  7.000  19.000  94.5 90.000     1997     2156     2005     2176      8     20      1997      2156      2004      2156      2004      2175      1997      2175      1972      2131      2030      2201 PARcau 4.309366e-05 0.999957
    55   1       4984       1350  8.515  22.727 136.0 50.194     4976     1343     4995     1360     19     17      4980      1339      4995      1357      4988      1362      4974      1345      4951      1318      5020      1385 PARcau 1.244499e-07 1.000000
    55   2       5074       1124 16.225  27.735 359.0 56.310     5064     1112     5087     1137     23     25      5073      1108      5088      1131      5075      1140      5059      1117      5039      1087      5112      1162 PARcau 2.872151e-03 0.997128
    55   0       2000       2171  7.000  19.000 102.5 90.000     1997     2162     2005     2182      8     20      1997      2162      2004      2162      2004      2181      1997      2181      1972      2137      2030      2207 PARcau 2.635832e-05 0.999974
    56   1       4988       1354  7.810  22.627 139.0 45.000     4980     1346     4999     1364     19     18      4983      1344      4999      1360      4994      1366      4978      1350      4955      1321      5024      1389 PARcau 1.674583e-07 1.000000
    56   2       5071       1118 16.125  27.785 346.5 59.036     5062     1105     5083     1132     21     27      5071      1102      5085      1126      5071      1134      5057      1110      5037      1080      5108      1157 PARcau 1.229860e-03 0.998770
    56   0       2001       2178  6.000  19.000  98.0 90.000     1998     2169     2005     2189      7     20      1998      2169      2004      2169      2004      2188      1998      2188      1973      2144      2030      2214 PARcau 2.343752e-05 0.999977
    57   2       5069       1113 15.652  29.069 354.5 63.435     5060     1099     5080     1127     20     28      5055      1103      5069      1096      5082      1122      5068      1129      5035      1074      5105      1152 PARcau 6.660531e-03 0.993339
    57   1       4991       1358  7.778  21.920 137.5 45.000     4983     1350     5001     1368     18     18      4987      1348      5002      1363      4997      1369      4981      1353      4958      1325      5026      1393 PARcau 3.816522e-09 1.000000
    57   0       2002       2185  6.000  19.000 102.5 90.000     1999     2176     2006     2196      7     20      1999      2176      2005      2176      2005      2195      1999      2195      1974      2151      2031      2221 PARcau 1.593439e-05 0.999984
    58   2       5066       1107 15.652  27.731 355.0 63.435     5058     1094     5078     1121     20     27      5053      1098      5067      1091      5079      1116      5065      1123      5033      1069      5103      1146 PARcau 3.647145e-04 0.999635
    58   1       4995       1363  8.485  22.627 145.5 45.000     4987     1354     5006     1373     19     19      4991      1352      5007      1368      5001      1374      4985      1358      4962      1329      5031      1398 PARcau 3.354845e-11 1.000000
    58   0       2002       2191  7.071  19.105 100.0 84.289     1999     2182     2007     2202      8     20      1997      2182      2004      2181      2006      2200      1999      2201      1974      2157      2032      2227 PARcau 1.687303e-09 1.000000
    59   1       4998       1366  8.485  24.042 157.0 45.000     4990     1358     5009     1377     19     19      4993      1355      5010      1372      5004      1378      4987      1361      4965      1333      5034      1402 PARcau 4.183273e-10 1.000000
    59   2       5064       1101 15.435  29.090 355.0 66.038     5055     1087     5075     1116     20     29      5051      1091      5065      1084      5077      1111      5063      1117      5030      1062      5100      1141 PARcau 5.974322e-05 0.999940
    59   0       2002       2197  7.000  19.000 105.0 90.000     1999     2188     2007     2208      8     20      1999      2188      2006      2188      2006      2207      1999      2207      1974      2163      2032      2233 PARcau 1.354297e-03 0.998646
    60   2       5063       1095 15.042  28.692 358.0 68.199     5054     1081     5074     1110     20     29      5050      1085      5064      1079      5075      1106      5061      1111      5029      1056      5099      1135 PARcau 3.055560e-03 0.996944
    60   1       5002       1370  8.485  22.627 140.0 45.000     4994     1363     5012     1380     18     17      4998      1360      5014      1376      5008      1382      4992      1366      4969      1338      5037      1405 PARcau 8.837153e-11 1.000000
    60   0       2002       2203  6.000  19.000  94.5 90.000     2000     2194     2007     2214      7     20      2000      2194      2006      2194      2006      2213      2000      2213      1975      2169      2032      2239 PARcau 2.426856e-03 0.997573
    61   2       5061       1089 15.042  29.262 354.0 69.444     5053     1075     5072     1104     19     29      5049      1078      5063      1072      5073      1100      5059      1105      5028      1050      5097      1129 PARcau 6.086421e-04 0.999391
    61   1       5006       1374  7.810  22.627 151.5 45.000     4998     1366     5016     1385     18     19      5001      1364      5017      1380      5012      1386      4996      1370      4973      1341      5041      1410 PARcau 3.008757e-10 1.000000
    61   0       2002       2209  7.000  18.000 102.0 90.000     1999     2200     2007     2219      8     19      1999      2200      2006      2200      2006      2218      1999      2218      1974      2175      2032      2244 PARcau 3.612920e-04 0.999639
    62   1       5009       1379  8.485  22.627 147.0 45.000     5001     1371     5020     1389     19     18      5005      1368      5021      1384      5015      1390      4999      1374      4976      1346      5045      1414 PARcau 3.468094e-10 1.000000
    62   0       2001       2214  7.000  18.000 101.5 90.000     1998     2206     2006     2225      8     19      1998      2206      2005      2206      2005      2224      1998      2224      1973      2181      2031      2250 PARcau 9.441513e-06 0.999991
    62   2       5059       1082 15.403  29.347 356.5 75.964     5051     1068     5069     1098     18     30      5048      1070      5063      1066      5070      1095      5055      1098      5026      1043      5094      1123 PARcau 6.723302e-05 0.999933
    63   0       2000       2220  7.000  18.000 107.0 90.000     1997     2211     2005     2230      8     19      1997      2211      2004      2211      2004      2229      1997      2229      1972      2186      2030      2255 PARcau 2.080496e-05 0.999979
    63   2       5058       1076 15.524  29.120 347.0 74.055     5050     1062     5068     1091     18     29      5046      1064      5061      1060      5069      1088      5054      1092      5025      1037      5093      1116 PARcau 2.327648e-06 0.999998
    63   1       5013       1383  8.485  22.627 147.5 45.000     5005     1374     5023     1393     18     19      5009      1372      5025      1388      5019      1394      5003      1378      4980      1349      5048      1418 PARcau 6.998671e-08 1.000000
    64   0       1999       2225  7.000  18.000 100.5 90.000     1996     2217     2004     2236      8     19      1996      2217      2003      2217      2003      2235      1996      2235      1971      2192      2029      2261 PARcau 5.644029e-08 1.000000
    64   2       5056       1070 15.524  28.862 349.5 75.964     5049     1056     5066     1085     17     29      5045      1058      5060      1054      5067      1082      5052      1086      5024      1031      5091      1110 PARcau 4.382856e-05 0.999956
    64   1       5017       1387  8.485  22.627 152.0 45.000     5009     1379     5027     1398     18     19      5012      1377      5028      1393      5022      1399      5006      1383      4984      1354      5052      1423 PARcau 3.344739e-10 1.000000
    65   1       5020       1391  9.192  23.335 152.0 45.000     5012     1383     5030     1402     18     19      5015      1380      5032      1397      5025      1403      5009      1387      4987      1358      5055      1427 PARcau 4.586804e-12 1.000000
    65   0       1997       2231  7.071  18.439 103.0 14.036     1994     2222     2003     2241      9     19      1996      2221      2003      2222      1999      2240      1992      2239      1969      2197      2028      2266 PARcau 1.601458e-04 0.999840
    65   2       5055       1064 15.524  28.862 339.5 75.964     5048     1050     5065     1079     17     29      5044      1052      5059      1048      5066      1076      5051      1080      5023      1025      5090      1104 PARcau 8.481158e-04 0.999152
    66   0       1996       2236  7.433  18.500  99.5 18.435     1992     2228     2002     2247     10     19      1995      2226      2002      2229      1996      2246      1989      2244      1967      2203      2027      2272 PARcau 4.800609e-05 0.999952
    66   2       5054       1058 15.207  27.951 333.5 78.690     5047     1044     5064     1073     17     29      5044      1045      5059      1043      5064      1070      5049      1073      5022      1019      5089      1098 PARcau 4.374951e-06 0.999996
    66   1       5024       1395  8.902  23.817 155.5 51.340     5016     1387     5033     1406     17     19      5020      1384      5035      1402      5028      1408      5013      1389      4991      1362      5058      1431 PARcau 3.260563e-07 1.000000
    67   2       5054       1052 15.000  28.000 338.5 90.000     5047     1038     5063     1067     16     29      5047      1038      5062      1038      5062      1066      5047      1066      5022      1013      5088      1092 PARcau 8.248426e-05 0.999918
    67   0       1994       2242  7.159  18.927 103.0 11.310     1990     2233     2000     2252     10     19      1993      2232      2000      2233      1996      2252      1989      2250      1965      2208      2025      2277 PARcau 4.934692e-08 1.000000
    67   1       5027       1400  8.602  22.204 147.0 53.130     5020     1391     5036     1410     16     19      5024      1388      5037      1406      5030      1411      5017      1393      4995      1366      5061      1435 PARcau 9.785775e-07 0.999999
    68   0       1992       2247  7.433  18.500  97.5 18.435     1989     2238     1998     2257      9     19      1992      2237      1999      2239      1993      2257      1986      2254      1964      2213      2023      2282 PARcau 7.973758e-09 1.000000
    68   2       5053       1046 15.297  28.443 337.5 80.538     5046     1032     5063     1061     17     29      5043      1033      5058      1030      5063      1058      5048      1061      5021      1007      5088      1086 PARcau 7.183589e-06 0.999993
    68   1       5031       1404  9.301  22.902 162.0 53.130     5023     1395     5040     1415     17     20      5028      1392      5041      1411      5034      1416      5020      1398      4998      1370      5065      1440 PARcau 1.381235e-09 1.000000
    69   1       5034       1408  8.902  22.611 155.5 53.130     5026     1399     5043     1419     17     20      5031      1396      5044      1414      5037      1420      5024      1401      5001      1374      5068      1444 PARcau 1.757767e-05 0.999982
    69   2       5052       1040 14.000  29.000 340.5 90.000     5046     1025     5061     1055     15     30      5046      1025      5060      1025      5060      1054      5046      1054      5021      1000      5086      1080 PARcau 6.854414e-05 0.999931
    69   0       1990       2253  7.649  19.039 106.0 14.036     1986     2244     1996     2263     10     19      1989      2243      1996      2244      1992      2263      1984      2261      1961      2219      2021      2288 PARcau 2.621856e-07 1.000000
    70   1       5037       1412  9.220  22.804 161.5 51.340     5029     1403     5047     1423     18     20      5034      1400      5048      1418      5041      1424      5027      1406      5004      1378      5072      1448 PARcau 9.009626e-05 0.999910
    70   2       5052       1034 15.000  28.000 343.0 90.000     5045     1020     5061     1049     16     29      5045      1020      5060      1020      5060      1048      5045      1048      5020       995      5086      1074 PARcau 5.242295e-03 0.994758
    70   0       1988       2259  7.762  18.554 101.0 14.036     1984     2250     1994     2269     10     19      1987      2249      1995      2251      1990      2269      1983      2267      1959      2225      2019      2294 PARcau 1.525743e-08 1.000000
    71   0       1987       2264  7.280  19.647 103.5 15.945     1983     2256     1993     2275     10     19      1986      2254      1993      2256      1988      2275      1981      2273      1958      2231      2018      2300 PARcau 2.845411e-08 1.000000
    71   2       5051       1028 15.207  28.779 342.0 81.870     5044     1013     5060     1043     16     30      5041      1014      5056      1012      5060      1040      5045      1043      5019       988      5085      1068 PARcau 2.052197e-05 0.999979
    71   1       5041       1416  9.220  24.207 161.0 51.340     5033     1407     5050     1427     17     20      5037      1404      5052      1423      5045      1429      5030      1410      5008      1382      5075      1452 PARcau 1.979335e-10 1.000000
    72   1       5044       1420 10.000  22.804 159.5 53.130     5037     1411     5054     1431     17     20      5041      1408      5055      1426      5047      1432      5033      1414      5012      1386      5079      1456 PARcau 1.120759e-08 1.000000
    72   0       1986       2270  7.000  19.000 100.0 90.000     1983     2261     1991     2281      8     20      1983      2261      1990      2261      1990      2280      1983      2280      1958      2236      2016      2306 PARcau 6.528498e-06 0.999993
    72   2       5050       1021 15.000  28.000 337.5 90.000     5043     1007     5059     1036     16     29      5043      1007      5058      1007      5058      1035      5043      1035      5018       982      5084      1061 PARcau 9.977097e-04 0.999002
    73   1       5047       1423  9.192  23.335 163.5 45.000     5039     1414     5057     1434     18     20      5043      1412      5059      1428      5053      1435      5036      1418      5014      1389      5082      1459 PARcau 1.540152e-04 0.999846
    73   2       5049       1015 15.000  28.000 331.5 90.000     5043     1001     5059     1030     16     29      5043      1001      5058      1001      5058      1029      5043      1029      5018       976      5084      1055 PARcau 9.949496e-07 0.999999
    73   0       1985       2276  7.071  19.235 104.0  9.462     1982     2267     1991     2287      9     20      1983      2266      1990      2267      1987      2286      1980      2285      1957      2242      2016      2312 PARcau 1.270272e-05 0.999987
    74   1       5049       1425  9.192  23.335 161.5 45.000     5041     1416     5060     1435     19     19      5045      1413      5062      1430      5055      1436      5039      1420      5016      1391      5085      1460 PARcau 2.012917e-08 1.000000
    74   0       1985       2282  7.000  19.000 101.5 90.000     1982     2273     1990     2293      8     20      1982      2273      1989      2273      1989      2292      1982      2292      1957      2248      2015      2318 PARcau 1.745544e-05 0.999983
    74   2       5048       1009 15.000  28.000 332.5 90.000     5041      995     5057     1024     16     29      5041       995      5056       995      5056      1023      5041      1023      5016       970      5082      1049 PARcau 5.055577e-04 0.999494
    75   1       5052       1426  9.220  22.627 164.5 45.000     5043     1418     5063     1436     20     18      5047      1415      5063      1431      5057      1438      5041      1422      5018      1393      5088      1461 PARcau 1.837977e-06 0.999998
    75   0       1985       2287  6.000  20.000  99.5 90.000     1982     2278     1989     2299      7     21      1982      2278      1988      2278      1988      2298      1982      2298      1957      2253      2014      2324 PARcau 1.233915e-04 0.999877
    75   2       5047       1002 15.133  28.284 340.5 81.870     5040      988     5056     1018     16     30      5037       989      5052       987      5056      1015      5041      1017      5015       963      5081      1043 PARcau 7.212105e-04 0.999279
    76   1       5055       1428  9.220  24.083 171.0 41.186     5046     1420     5067     1438     21     18      5049      1417      5067      1433      5061      1440      5043      1424      5021      1395      5092      1463 PARcau 4.846444e-11 1.000000
    76   2       5045        996 15.207  28.935 337.5 80.538     5038      982     5055     1011     17     29      5035       983      5050       980      5055      1009      5040      1011      5013       957      5080      1036 PARcau 6.417829e-07 0.999999
    76   0       1985       2293  6.000  19.000  98.5 90.000     1982     2284     1989     2304      7     20      1982      2284      1988      2284      1988      2303      1982      2303      1957      2259      2014      2329 PARcau 3.298705e-05 0.999967
    77   1       5059       1430  8.902  23.436 176.0 33.690     5049     1422     5071     1439     22     17      5052      1420      5071      1433      5066      1440      5046      1427      5024      1397      5096      1464 PARcau 4.836735e-09 1.000000
    77   0       1985       2299  7.000  19.000 106.5 90.000     1982     2290     1990     2310      8     20      1982      2290      1989      2290      1989      2309      1982      2309      1957      2265      2015      2335 PARcau 2.614903e-04 0.999739
    77   2       5043        990 14.916  28.258 336.0 77.471     5035      977     5052     1006     17     29      5033       978      5047       975      5054      1002      5039      1006      5010       952      5077      1031 PARcau 6.931926e-07 0.999999
    78   1       5061       1431  9.862  22.743 170.5 33.690     5051     1423     5073     1440     22     17      5054      1421      5073      1433      5068      1442      5049      1429      5026      1398      5098      1465 PARcau 6.142881e-08 1.000000
    78   0       1985       2304  7.000  20.000 110.0 90.000     1982     2295     1990     2316      8     21      1982      2295      1989      2295      1989      2315      1982      2315      1957      2270      2015      2341 PARcau 1.181241e-05 0.999988
    78   2       5041        984 14.560  26.926 325.0 74.055     5033      971     5051      999     18     28      5030       973      5044       969      5051       995      5037       999      5008       946      5076      1024 PARcau 2.158455e-05 0.999978
    79   1       5063       1432  9.605  23.901 165.5 37.875     5054     1425     5075     1441     21     16      5057      1421      5076      1436      5070      1443      5051      1429      5029      1400      5100      1466 PARcau 5.720720e-08 1.000000
    79   0       1986       2310  7.000  20.000 101.5 90.000     1982     2300     1990     2321      8     21      1982      2300      1989      2300      1989      2320      1982      2320      1957      2275      2015      2346 PARcau 5.265052e-04 0.999474
    79   2       5038        978 14.705  27.987 333.0 71.565     5030      965     5048      993     18     28      5027       967      5041       962      5050       989      5036       993      5005       940      5073      1018 PARcau 1.439211e-06 0.999999
    80   1       5066       1434  9.862  23.943 169.0 29.055     5056     1426     5078     1443     22     17      5058      1424      5079      1435      5074      1444      5053      1432      5031      1401      5103      1468 PARcau 3.069730e-07 1.000000
    80   0       1986       2315  7.000  20.000 107.0 90.000     1983     2306     1991     2327      8     21      1983      2306      1990      2306      1990      2326      1983      2326      1958      2281      2016      2352 PARcau 2.278619e-05 0.999977
    80   2       5036        972 16.008  27.771 342.5 75.964     5028      959     5046      987     18     28      5025       961      5040       957      5047       984      5031       988      5003       934      5071      1012 PARcau 7.473579e-07 0.999999
    81   1       5068       1435  8.602  22.804 158.5 36.870     5059     1428     5080     1444     21     16      5062      1425      5080      1439      5075      1446      5057      1432      5034      1403      5105      1469 PARcau 6.665600e-10 1.000000
    81   0       1986       2320  7.000  18.000 102.0 90.000     1983     2312     1991     2331      8     19      1983      2312      1990      2312      1990      2330      1983      2330      1958      2287      2016      2356 PARcau 3.560779e-05 0.999964
    81   2       5033        967 15.652  27.731 337.0 63.435     5025      953     5044      981     19     28      5020       958      5034       951      5046       976      5032       983      5000       928      5069      1006 PARcau 4.054234e-06 0.999996
    82   1       5072       1437  9.434  23.022 159.5 33.690     5063     1430     5083     1446     20     16      5065      1427      5084      1440      5079      1448      5060      1435      5038      1405      5108      1471 PARcau 1.459083e-14 1.000000
    82   0       1986       2325  7.000  18.000  99.5 90.000     1983     2317     1991     2336      8     19      1983      2317      1990      2317      1990      2335      1983      2335      1958      2292      2016      2361 PARcau 3.168511e-04 0.999683
    82   2       5031        960 14.983  27.505 337.5 63.435     5022      947     5041      975     19     28      5018       951      5031       945      5044       969      5030       976      4997       922      5066      1000 PARcau 2.445940e-04 0.999755
    83   1       5074       1439  9.605  23.308 174.5 36.870     5065     1432     5086     1448     21     16      5068      1429      5087      1442      5081      1450      5062      1436      5040      1407      5111      1473 PARcau 3.226519e-11 1.000000
    83   0       1986       2330  7.000  18.000 101.5 90.000     1983     2322     1991     2341      8     19      1983      2322      1990      2322      1990      2340      1983      2340      1958      2297      2016      2366 PARcau 1.463751e-05 0.999985
    83   2       5028        954 15.524  28.460 333.0 71.565     5020      941     5038      969     18     28      5016       943      5031       939      5040       966      5025       970      4995       916      5063       994 PARcau 1.041913e-05 0.999990
    84   1       5078       1441  9.708  23.436 170.0 33.690     5068     1434     5089     1450     21     16      5071      1431      5090      1444      5085      1452      5065      1439      5043      1409      5114      1475 PARcau 9.020378e-14 1.000000
    84   0       1986       2335  7.000  18.000 105.0 90.000     1983     2326     1991     2345      8     19      1983      2326      1990      2326      1990      2344      1983      2344      1958      2301      2016      2370 PARcau 3.172343e-05 0.999968
    84   2       5025        948 14.773  27.518 327.5 66.038     5017      935     5036      963     19     28      5012       939      5026       933      5037       958      5024       964      4992       910      5061       988 PARcau 1.375590e-03 0.998624
    85   1       5080       1443 10.607  21.920 177.0 45.000     5071     1436     5091     1453     20     17      5077      1432      5092      1447      5085      1455      5069      1439      5046      1411      5116      1478 PARcau 4.474933e-11 1.000000
    85   0       1986       2339  7.000  18.000  98.0 90.000     1983     2331     1991     2350      8     19      1983      2331      1990      2331      1990      2349      1983      2349      1958      2306      2016      2375 PARcau 2.186423e-03 0.997814
    85   2       5022        942 15.652  28.178 334.5 63.435     5014      928     5033      956     19     28      5009       933      5023       926      5036       951      5022       958      4989       903      5058       981 PARcau 1.738297e-03 0.998262
    86   1       5083       1445 10.700  22.102 172.0 36.870     5074     1438     5093     1455     19     17      5078      1434      5095      1448      5089      1456      5071      1443      5049      1413      5118      1480 PARcau 9.182449e-09 1.000000
    86   0       1985       2345  7.000  19.000 103.0 90.000     1982     2336     1990     2356      8     20      1982      2336      1989      2336      1989      2355      1982      2355      1957      2311      2015      2381 PARcau 3.274652e-05 0.999967
    86   2       5020        934 16.000  26.000 330.0 90.000     5013      921     5030      948     17     27      5013       921      5029       921      5029       947      5013       947      4988       896      5055       973 PARcau 2.180764e-02 0.978192
    87   1       5085       1447  9.899  21.213 168.0 45.000     5077     1440     5096     1457     19     17      5082      1436      5097      1451      5090      1458      5075      1443      5052      1415      5121      1482 PARcau 2.163268e-11 1.000000
    87   0       1984       2349  7.566  17.183  99.0  7.125     1981     2341     1990     2359      9     18      1982      2340      1989      2341      1987      2358      1979      2357      1956      2316      2015      2384 PARcau 1.480197e-03 0.998520
    87   2       5018        926 15.042  27.771 325.5 75.964     5011      913     5028      941     17     28      5007       915      5022       911      5028       938      5014       942      4986       888      5053       966 PARcau 6.654611e-05 0.999933
    88   1       5088       1450  9.899  21.213 156.5 45.000     5080     1442     5099     1459     19     17      5085      1439      5100      1454      5093      1461      5078      1446      5055      1417      5124      1484 PARcau 1.936052e-10 1.000000
    88   0       1983       2354  7.071  19.416 105.0 11.310     1979     2345     1988     2365      9     20      1981      2344      1988      2345      1984      2364      1977      2363      1954      2320      2013      2390 PARcau 3.074700e-05 0.999969
    88   2       5017        919 15.000  27.000 313.5  0.000     5010      905     5026      933     16     28      5010       905      5025       905      5025       932      5010       932      4985       880      5051       958 PARcau 1.149711e-02 0.988503
    89   1       5091       1452  9.605  21.593 150.0 41.634     5083     1444     5101     1462     18     18      5086      1441      5102      1456      5096      1463      5080      1449      5058      1419      5126      1487 PARcau 1.107922e-07 1.000000
    89   0       1981       2358  8.000  18.000 107.0 90.000     1978     2350     1987     2369      9     19      1978      2350      1986      2350      1986      2368      1978      2368      1953      2325      2012      2394 PARcau 9.957537e-07 0.999999
    89   2       5016        911 14.000  27.000 298.0 90.000     5010      898     5025      926     15     28      5010       898      5024       898      5024       925      5010       925      4985       873      5050       951 PARcau 1.015095e-02 0.989849
    90   1       5094       1455  9.220  22.627 149.5 45.000     5086     1446     5104     1465     18     19      5090      1444      5106      1460      5099      1466      5083      1450      5061      1421      5129      1490 PARcau 5.056988e-08 1.000000
    90   0       1980       2363  7.762  19.526 101.0 14.036     1976     2355     1986     2374     10     19      1978      2353      1986      2355      1981      2374      1974      2372      1951      2330      2011      2399 PARcau 3.593347e-06 0.999996
    90   2       5016        905 13.000  26.000 287.5 90.000     5010      892     5024      919     14     27      5010       892      5023       892      5023       918      5010       918      4985       867      5049       944 PARcau 3.868176e-02 0.961318
    91   1       5097       1458  9.192  21.920 151.0 45.000     5089     1450     5108     1468     19     18      5093      1447      5109      1463      5102      1469      5087      1454      5064      1425      5133      1493 PARcau 1.503598e-13 1.000000
    91   0       1978       2368  7.433  18.848 106.0 21.801     1974     2359     1984     2378     10     19      1978      2358      1985      2361      1978      2378      1971      2376      1949      2334      2009      2403 PARcau 8.457483e-06 0.999992
    91   2       5017        899 14.000  26.000 280.5 90.000     5010      886     5025      913     15     27      5010       886      5024       886      5024       912      5010       912      4985       861      5050       938 PARcau 2.359722e-02 0.976403
    92   1       5100       1461  9.605  21.708 154.5 38.660     5092     1452     5111     1470     19     18      5095      1450      5112      1464      5106      1471      5089      1458      5067      1427      5136      1495 PARcau 3.333355e-15 1.000000
    92   0       1977       2373  8.246  18.974 103.0 18.435     1972     2365     1983     2383     11     18      1976      2363      1984      2365      1978      2383      1970      2381      1947      2340      2008      2408 PARcau 5.268066e-06 0.999995
    92   2       5017        893 13.000  26.000 282.5 90.000     5011      880     5025      907     14     27      5011       880      5024       880      5024       906      5011       906      4986       855      5050       932 PARcau 1.076054e-04 0.999892
    93   0       1975       2377  7.616  19.313 107.0 21.801     1971     2369     1981     2388     10     19      1975      2367      1982      2370      1975      2388      1968      2385      1946      2344      2006      2413 PARcau 2.092023e-09 1.000000
    93   1       5104       1463  9.708  21.219 149.0 33.690     5095     1455     5114     1472     19     17      5097      1453      5115      1465      5109      1473      5092      1461      5070      1430      5139      1497 PARcau 2.991420e-16 1.000000
    93   2       5018        887 14.000  27.000 283.5  0.000     5011      873     5026      901     15     28      5011       873      5025       873      5025       900      5011       900      4986       848      5051       926 PARcau 1.973150e-03 0.998027
    94   1       5107       1465  9.899  22.627 148.5 45.000     5098     1459     5118     1474     20     15      5102      1454      5118      1470      5111      1477      5095      1461      5073      1434      5143      1499 PARcau 1.247029e-16 1.000000
    94   0       1973       2383  7.433  18.848 103.5 21.801     1969     2374     1979     2393     10     19      1973      2373      1980      2375      1973      2393      1966      2390      1944      2349      2004      2418 PARcau 1.184863e-10 1.000000
    94   2       5019        881 14.000  26.000 287.5 90.000     5012      868     5027      895     15     27      5012       868      5026       868      5026       894      5012       894      4987       843      5052       920 PARcau 3.098791e-03 0.996901
    95   1       5109       1467  9.899  19.799 157.5 45.000     5101     1460     5119     1476     18     16      5106      1457      5120      1471      5113      1478      5099      1464      5076      1435      5144      1501 PARcau 6.336655e-16 1.000000
    95   0       1971       2387  7.433  18.500 105.5 18.435     1967     2379     1978     2397     11     18      1971      2377      1978      2380      1972      2397      1965      2395      1942      2354      2003      2422 PARcau 1.450733e-10 1.000000
    95   2       5020        875 13.730  28.045 286.5 11.310     5013      861     5029      889     16     28      5016       859      5030       862      5024       889      5011       887      4988       836      5054       914 PARcau 1.088758e-02 0.989112
    96   1       5111       1469  9.899  21.213 166.0 45.000     5103     1462     5122     1478     19     16      5108      1459      5123      1474      5116      1481      5101      1466      5078      1437      5147      1503 PARcau 1.206326e-13 1.000000
    96   0       1970       2392  7.280  18.682 100.5 15.945     1966     2384     1976     2402     10     18      1969      2382      1976      2384      1971      2402      1964      2400      1941      2359      2001      2427 PARcau 8.593340e-06 0.999991
    96   2       5021        868 13.647  27.226 282.0  8.130     5014      855     5030      882     16     27      5016       853      5030       855      5026       882      5013       880      4989       830      5055       907 PARcau 1.005868e-03 0.998994
    97   1       5114       1472  9.899  21.213 173.0 45.000     5106     1464     5125     1481     19     17      5110      1461      5125      1476      5118      1483      5103      1468      5081      1439      5150      1506 PARcau 1.725997e-11 1.000000
    97   2       5022        863 13.647  28.218 283.0  7.125     5015      849     5031      877     16     28      5017       847      5031       849      5027       877      5014       875      4990       824      5056       902 PARcau 8.632294e-04 0.999137
    97   0       1968       2398  7.762  19.780 104.0 15.945     1964     2389     1974     2408     10     19      1968      2387      1975      2389      1970      2408      1962      2406      1939      2364      1999      2433 PARcau 4.039388e-07 1.000000
    98   1       5116       1473  9.899  22.627 170.0 45.000     5107     1465     5126     1483     19     18      5111      1462      5127      1478      5120      1485      5104      1469      5082      1440      5151      1508 PARcau 6.735879e-14 1.000000
    98   0       1967       2403  7.280  18.682 102.0 14.036     1963     2395     1973     2413     10     18      1966      2393      1973      2395      1968      2413      1961      2411      1938      2370      1998      2438 PARcau 2.171340e-05 0.999978
    98   2       5024        857 14.000  27.000 279.5 90.000     5017      843     5032      871     15     28      5017       843      5031       843      5031       870      5017       870      4992       818      5057       896 PARcau 3.081379e-06 0.999997
    99   1       5116       1475  9.192  23.335 173.0 45.000     5108     1466     5126     1485     18     19      5111      1463      5128      1480      5121      1486      5105      1470      5083      1441      5151      1510 PARcau 1.138389e-11 1.000000
    99   2       5025        853 14.142  27.166 280.5  5.711     5018      840     5034      867     16     27      5019       838      5033       840      5030       867      5016       865      4993       815      5059       892 PARcau 8.268298e-03 0.991732
    99   0       1966       2408  7.616  18.974  99.5 18.435     1963     2400     1972     2419      9     19      1966      2398      1973      2401      1967      2419      1960      2416      1938      2375      1997      2444 PARcau 1.773331e-07 1.000000
   100   1       5117       1476  9.605  23.901 164.5 51.340     5109     1467     5127     1487     18     20      5113      1464      5128      1483      5120      1489      5106      1470      5084      1442      5152      1512 PARcau 2.263493e-12 1.000000
   100   2       5025        851 13.153  28.636 287.5 11.310     5018      838     5035      866     17     28      5022       836      5035       838      5029       866      5016       864      4993       813      5060       891 PARcau 4.617464e-03 0.995382
   100   0       1965       2413  7.566  18.337  97.5 11.310     1962     2405     1971     2424      9     19      1963      2404      1971      2405      1967      2423      1960      2422      1937      2380      1996      2449 PARcau 5.355179e-07 1.000000
   101   2       5026        849 14.142  28.160 291.0  6.340     5018      835     5034      863     16     28      5020       833      5034       835      5031       863      5017       861      4993       810      5059       888 PARcau 1.659881e-03 0.998340
   101   1       5119       1479  9.605  23.901 167.0 53.130     5111     1469     5128     1490     17     21      5115      1466      5129      1485      5122      1491      5107      1472      5086      1444      5153      1515 PARcau 1.976686e-10 1.000000
   101   0       1965       2418  7.566  18.173  98.5  8.130     1961     2410     1970     2429      9     19      1962      2409      1970      2410      1967      2428      1960      2427      1936      2385      1995      2454 PARcau 4.275097e-05 0.999957
   102   2       5026        845 14.000  28.000 299.0 90.000     5019      831     5034      860     15     29      5019       831      5033       831      5033       859      5019       859      4994       806      5059       885 PARcau 1.017943e-03 0.998982
   102   1       5120       1482  9.605  24.703 172.5 53.130     5112     1472     5130     1494     18     22      5117      1469      5131      1489      5124      1495      5109      1475      5087      1447      5155      1519 PARcau 4.848267e-14 1.000000
   102   0       1964       2424  7.000  18.000  98.5 90.000     1961     2415     1969     2434      8     19      1961      2415      1968      2415      1968      2433      1961      2433      1936      2390      1994      2459 PARcau 3.836124e-05 0.999962
   103   1       5122       1484  9.708  25.402 183.0 54.462     5114     1474     5132     1496     18     22      5118      1471      5133      1492      5125      1497      5110      1477      5089      1449      5157      1521 PARcau 3.112701e-14 1.000000
   103   2       5026        840 13.153  29.275 303.5  8.130     5019      827     5035      856     16     29      5022       825      5035       827      5031       856      5018       854      4994       802      5060       881 PARcau 1.533462e-02 0.984665
   103   0       1964       2429  7.000  20.000 105.5 90.000     1961     2420     1969     2441      8     21      1961      2420      1968      2420      1968      2440      1961      2440      1936      2395      1994      2466 PARcau 6.092253e-07 0.999999
   104   1       5123       1486 10.308  23.049 170.0 50.194     5115     1476     5132     1498     17     22      5119      1474      5134      1491      5126      1498      5111      1480      5090      1451      5157      1523 PARcau 8.235324e-15 1.000000
   104   2       5027        835 14.000  29.000 305.5  0.000     5020      820     5035      850     15     30      5020       820      5034       820      5034       849      5020       849      4995       795      5060       875 PARcau 5.471734e-02 0.945283
   104   0       1963       2435  7.000  20.000 102.5  0.000     1960     2425     1968     2446      8     21      1960      2425      1967      2425      1967      2445      1960      2445      1935      2400      1993      2471 PARcau 2.133775e-05 0.999979
   105   1       5124       1488 10.000  20.616 157.5 51.340     5117     1479     5132     1500     15     21      5121      1477      5134      1493      5126      1499      5113      1483      5092      1454      5157      1525 PARcau 6.457436e-19 1.000000
   105   2       5026        829 14.000  28.000 318.5 90.000     5020      815     5035      844     15     29      5020       815      5034       815      5034       843      5020       843      4995       790      5060       869 PARcau 3.330057e-03 0.996670
   105   0       1964       2440  7.566  20.156 110.5  7.125     1960     2431     1969     2452      9     21      1961      2430      1968      2431      1966      2451      1958      2450      1935      2406      1994      2477 PARcau 7.043908e-05 0.999930
   106   1       5125       1490 10.700  19.912 147.5 51.340     5118     1482     5132     1501     14     19      5123      1479      5135      1494      5127      1501      5114      1485      5093      1457      5157      1526 PARcau 1.169911e-18 1.000000
   106   2       5026        824 14.000  28.000 313.0 90.000     5019      810     5034      839     15     29      5019       810      5033       810      5033       838      5019       838      4994       785      5059       864 PARcau 8.940009e-04 0.999106
   106   0       1964       2446  8.000  19.000 110.5 90.000     1960     2437     1969     2457      9     20      1960      2437      1968      2437      1968      2456      1960      2456      1935      2412      1994      2482 PARcau 1.440869e-06 0.999999
   107   1       5125       1491 10.308  22.411 131.0 51.340     5119     1484     5134     1505     15     21      5124      1481      5138      1498      5130      1505      5116      1487      5094      1459      5159      1530 PARcau 2.515663e-20 1.000000
   107   0       1964       2451  8.062  19.105 109.5  5.711     1960     2442     1969     2462      9     20      1960      2441      1968      2442      1966      2461      1958      2460      1935      2417      1994      2487 PARcau 2.747345e-05 0.999973
   107   2       5025        818 13.000  29.000 312.5  0.000     5019      803     5033      833     14     30      5019       803      5032       803      5032       832      5019       832      4994       778      5058       858 PARcau 3.772374e-04 0.999623
   108   1       5127       1494  9.605  23.308 122.5 53.973     5120     1486     5136     1507     16     21      5126      1483      5139      1502      5132      1508      5118      1489      5095      1461      5161      1532 PARcau 4.219440e-20 1.000000
   108   0       1963       2456  8.000  19.000 113.5 90.000     1960     2447     1969     2467      9     20      1960      2447      1968      2447      1968      2466      1960      2466      1935      2422      1994      2492 PARcau 3.170051e-05 0.999968
   108   2       5025        811 14.000  29.000 320.0 90.000     5018      797     5033      827     15     30      5018       797      5032       797      5032       826      5018       826      4993       772      5058       852 PARcau 2.444421e-03 0.997555
   109   1       5129       1497  9.192  23.505 110.5 66.371     5122     1489     5139     1509     17     20      5129      1486      5138      1507      5130      1511      5120      1489      5097      1464      5164      1534 PARcau 6.459552e-20 1.000000
   109   0       1963       2460  8.062  18.111 103.5  5.194     1960     2452     1969     2471      9     19      1960      2451      1968      2452      1966      2470      1958      2469      1935      2427      1994      2496 PARcau 1.445601e-04 0.999855
   109   2       5024        806 14.036  28.071 313.0  4.399     5017      792     5032      821     15     29      5018       791      5032       792      5030       820      5016       819      4992       767      5057       846 PARcau 2.639075e-03 0.997361
   110   0       1963       2464  7.000  19.000 105.5 90.000     1960     2455     1968     2475      8     20      1960      2455      1967      2455      1967      2474      1960      2474      1935      2430      1993      2500 PARcau 5.169589e-04 0.999483
   110   1       5131       1501  7.632  22.209 100.5 58.392     5124     1491     5140     1512     16     21      5129      1489      5140      1508      5134      1512      5122      1493      5099      1466      5165      1537 PARcau 8.871447e-16 1.000000
   110   2       5023        800 14.000  28.000 318.5 90.000     5016      786     5031      815     15     29      5016       786      5030       786      5030       814      5016       814      4991       761      5056       840 PARcau 8.407410e-05 0.999916
   111   0       1963       2467  8.000  18.000 103.0  0.000     1959     2458     1968     2477      9     19      1959      2458      1967      2458      1967      2476      1959      2476      1934      2433      1993      2502 PARcau 6.188475e-07 0.999999
   111   1       5132       1504  7.071  19.849  86.0 48.013     5126     1494     5140     1513     14     19      5128      1493      5141      1508      5136      1513      5123      1498      5101      1469      5165      1538 PARcau 5.528182e-13 1.000000
   111   2       5022        794 14.000  28.000 324.0 90.000     5015      780     5030      809     15     29      5015       780      5029       780      5029       808      5015       808      4990       755      5055       834 PARcau 1.131204e-04 0.999887
   112   0       1962       2470  7.649  19.039 105.5 14.036     1958     2462     1968     2481     10     19      1960      2460      1968      2462      1963      2480      1956      2479      1933      2437      1993      2506 PARcau 1.598136e-04 0.999840
   112   2       5021        789 14.000  28.000 326.5 90.000     5014      775     5029      804     15     29      5014       775      5028       775      5028       803      5014       803      4989       750      5054       829 PARcau 2.358660e-04 0.999764
   112   1       5134       1506  7.071  15.556  61.5 45.000     5129     1500     5140     1513     11     13      5131      1497      5142      1508      5137      1513      5126      1502      5104      1475      5165      1538 PARcau 2.274400e-15 1.000000
   113   0       1960       2474  7.762  18.554 107.0 14.036     1956     2466     1966     2485     10     19      1959      2464      1966      2466      1962      2484      1954      2482      1931      2441      1991      2510 PARcau 4.579579e-07 1.000000
   113   2       5020        785 14.000  28.000 323.5 90.000     5013      771     5028      800     15     29      5013       771      5027       771      5027       799      5013       799      4988       746      5053       825 PARcau 4.712589e-03 0.995287
   113   1       5135       1506  7.071  12.728  52.5 45.000     5130     1502     5140     1513     10     11      5133      1499      5142      1508      5137      1513      5128      1504      5105      1477      5165      1538 PARcau 2.598687e-14 1.000000
   114   2       5018        782 14.000  27.000 317.5 90.000     5012      769     5027      797     15     28      5012       769      5026       769      5026       796      5012       796      4987       744      5052       822 PARcau 1.665059e-04 0.999833
   114   1       5135       1507  6.364  10.607  35.0 45.000     5130     1503     5140     1513     10     10      5133      1500      5141      1507      5136      1512      5129      1504      5105      1478      5165      1538 PARcau 4.117520e-11 1.000000
   114   0       1958       2479  7.433  18.848 100.5 21.801     1954     2470     1964     2489     10     19      1958      2469      1965      2471      1958      2489      1951      2486      1929      2445      1989      2514 PARcau 3.284405e-09 1.000000
   115   2       5018        781 15.000  27.000 311.0 90.000     5011      768     5027      796     16     28      5011       768      5026       768      5026       795      5011       795      4986       743      5052       821 PARcau 2.183232e-03 0.997817
   115   0       1957       2482  7.616  18.385  92.0 23.199     1953     2474     1962     2492      9     18      1957      2472      1964      2475      1957      2492      1950      2489      1928      2449      1987      2517 PARcau 9.853963e-06 0.999990
   115   1       5136       1507  6.403   7.810  24.5 53.130     5132     1503     5140     1513      8     10      5136      1502      5141      1508      5136      1512      5131      1506      5107      1478      5165      1538 PARcau 6.212356e-11 1.000000
   116   2       5019        782 15.000  25.000 272.5 90.000     5012      770     5028      796     16     26      5012       770      5027       770      5027       795      5012       795      4987       745      5053       821 PARcau 6.415633e-02 0.935844
   116   0       1953       2491  6.708  18.385  97.5 23.199     1948     2483     1959     2501     11     18      1946      2498      1953      2481      1959      2484      1952      2501      1923      2458      1984      2526 PARcau 6.043264e-07 0.999999
   117   0       1953       2491  6.708  18.385  97.5 23.199     1948     2483     1959     2501     11     18      1946      2498      1953      2481      1959      2484      1952      2501      1923      2458      1984      2526 PARcau 6.043264e-07 0.999999
   117   2       5020        782 12.649  25.298 236.5 18.435     5013      771     5030      795     17     24      5018       768      5030       772      5022       796      5010       792      4988       746      5055       820 PARcau 7.151140e-03 0.992849
   118   2       5020        782 12.748  25.269 229.5 26.565     5013      771     5030      795     17     24      5020       768      5032       774      5020       796      5009       791      4988       746      5055       820 PARcau 7.151140e-03 0.992849
   118   0       1950       2496  8.062  17.889  96.0 26.565     1945     2488     1957     2506     12     18      1943      2502      1951      2486      1958      2490      1950      2506      1920      2463      1982      2531 PARcau 1.465999e-09 1.000000
   119   0       1948       2500  7.632  18.608  97.0 32.005     1943     2492     1954     2509     11     17      1940      2506      1949      2490      1956      2494      1946      2510      1918      2467      1979      2534 PARcau 3.699313e-08 1.000000
   119   2       5024        779  9.899  25.456 199.5 45.000     5014      770     5036      790     22     20      5012       785      5030       767      5037       774      5019       792      4989       745      5061       815 PARcau 2.280816e-08 1.000000
   120   2       5025        779  9.899  25.456 190.0 45.000     5014      770     5036      790     22     20      5012       785      5030       767      5037       774      5019       792      4989       745      5061       815 PARcau 2.280816e-08 1.000000
   120   0       1945       2504  7.159  19.007 102.0 26.565     1940     2496     1952     2514     12     18      1938      2511      1946      2494      1953      2497      1944      2514      1915      2471      1977      2539 PARcau 3.762503e-08 1.000000
   121   2       5027        778  9.301  25.700 181.5 53.130     5017      770     5039      788     22     18      5014       782      5035       767      5040       774      5020       790      4992       745      5064       813 PARcau 8.436625e-10 1.000000
   121   0       1942       2508  8.322  18.446 103.0 33.690     1937     2501     1949     2518     12     17      1934      2514      1944      2498      1951      2503      1941      2518      1912      2476      1974      2543 PARcau 1.715272e-07 1.000000
   122   2       5030        777  9.618  26.163 183.0 63.435     5019      770     5043      787     24     17      5016       779      5039       768      5044       776      5020       788      4994       745      5068       812 PARcau 1.506321e-07 1.000000
   122   0       1940       2513  7.826  18.337 106.0 26.565     1934     2505     1947     2522     13     17      1932      2519      1940      2503      1947      2506      1939      2523      1909      2480      1972      2547 PARcau 3.478049e-06 0.999997
   123   0       1937       2517  7.211  18.868 107.0 30.964     1932     2509     1944     2527     12     18      1929      2523      1939      2507      1945      2511      1935      2527      1907      2484      1969      2552 PARcau 5.531349e-08 1.000000
   123   2       5034        776  9.434  27.785 192.0 59.036     5023      769     5048      785     25     16      5020       779      5044       765      5049       773      5025       787      4998       744      5073       810 PARcau 4.508611e-06 0.999995
   124   0       1935       2521  7.500  19.007 104.5 33.690     1929     2514     1942     2531     13     17      1926      2527      1937      2511      1943      2516      1932      2531      1904      2489      1967      2556 PARcau 1.895854e-07 1.000000
   124   2       5042        774 10.062  27.281 193.5 63.435     5030      767     5055      783     25     16      5027       776      5052       764      5056       773      5032       785      5005       742      5080       808 PARcau 8.275568e-08 1.000000
   125   2       5042        774 10.062  27.281 192.5 63.435     5030      767     5055      783     25     16      5027       776      5052       764      5056       773      5032       785      5005       742      5080       808 PARcau 8.275568e-08 1.000000
   125   0       1932       2526  7.211  19.416 104.0 33.690     1926     2518     1939     2535     13     17      1923      2532      1934      2516      1940      2520      1929      2536      1901      2493      1964      2560 PARcau 1.117546e-08 1.000000
   126   0       1929       2530  7.632  19.474 111.5 29.745     1923     2522     1936     2540     13     18      1921      2537      1931      2520      1937      2524      1928      2541      1898      2497      1961      2565 PARcau 5.808588e-09 1.000000
   126   2       5045        774  9.618  27.505 195.5 63.435     5033      767     5059      782     26     15      5031       776      5055       763      5060       772      5035       784      5008       742      5084       807 PARcau 1.833280e-07 1.000000
   127   2       5047        774  9.962  26.744 195.0 69.444     5035      767     5061      782     26     15      5033       774      5058       764      5061       774      5036       783      5010       742      5086       807 PARcau 3.971866e-07 1.000000
   127   0       1926       2535  8.062  18.788 107.5 26.565     1921     2527     1933     2544     12     17      1919      2541      1927      2524      1934      2528      1926      2545      1896      2502      1958      2569 PARcau 7.433543e-11 1.000000
   128   2       5047        774  9.014  28.040 192.5 68.199     5035      767     5062      782     27     15      5033       775      5059       764      5062       773      5036       783      5010       742      5087       807 PARcau 2.780884e-10 1.000000
   128   0       1924       2539  7.826  19.679 113.0 26.565     1918     2531     1931     2549     13     18      1916      2546      1925      2529      1932      2532      1923      2550      1893      2506      1956      2574 PARcau 5.592688e-07 0.999999
   129   2       5047        774  8.944  29.069 195.5 63.435     5033      767     5062      782     29     15      5032       777      5058       764      5062       772      5036       785      5008       742      5087       807 PARcau 8.928877e-12 1.000000
   129   0       1922       2544  7.632  18.608 101.5 30.964     1917     2536     1929     2554     12     18      1914      2550      1923      2534      1930      2538      1920      2554      1892      2511      1954      2579 PARcau 1.647486e-08 1.000000
   130   2       5044        774  8.944  30.017 181.0 60.255     5031      767     5059      784     28     17      5029       778      5055       763      5059       771      5033       786      5006       742      5084       809 PARcau 1.505956e-07 1.000000
   130   0       1920       2548  7.826  18.795  99.0 26.565     1915     2540     1927     2558     12     18      1912      2555      1921      2538      1928      2542      1919      2558      1890      2515      1952      2583 PARcau 3.579967e-09 1.000000
   131   2       5042        774  9.899  28.284 199.5 45.000     5031      765     5054      786     23     21      5028       781      5048       761      5055       768      5035       788      5006       740      5079       811 PARcau 1.621361e-10 1.000000
   131   0       1917       2554  7.616  19.313 115.5 21.801     1912     2545     1925     2564     13     19      1917      2543      1924      2546      1917      2564      1910      2561      1887      2520      1950      2589 PARcau 3.568344e-09 1.000000
   132   2       5039        774 11.853  26.163 216.5 26.565     5031      763     5050      787     19     24      5028       783      5040       760      5050       765      5039       789      5006       738      5075       812 PARcau 1.847118e-05 0.999982
   132   0       1915       2558  7.762  17.868 101.5 18.435     1910     2551     1922     2568     12     17      1914      2549      1922      2551      1916      2568      1909      2566      1885      2526      1947      2593 PARcau 8.635908e-09 1.000000
   133   2       5038        772 14.000  22.000 235.0 90.000     5031      762     5046      785     15     23      5031       762      5045       762      5045       784      5031       784      5006       737      5071       810 PARcau 1.226569e-04 0.999877
   133   0       1912       2565  7.159  19.007 105.5 26.565     1908     2557     1919     2575     11     18      1905      2572      1913      2555      1920      2558      1911      2575      1883      2532      1944      2600 PARcau 3.400330e-09 1.000000
   134   2       5036        770 15.207  20.887 234.0 78.690     5028      760     5044      782     16     22      5026       761      5041       759      5045       779      5030       782      5003       735      5069       807 PARcau 6.299628e-02 0.937004
   134   0       1910       2571  7.906  19.609 106.0 18.435     1905     2562     1916     2581     11     19      1909      2560      1917      2563      1910      2581      1903      2579      1880      2537      1941      2606 PARcau 2.213405e-05 0.999978
   135   2       5033        768 15.652  21.024 245.0 63.435     5025      759     5044      780     19     21      5022       763      5036       756      5045       775      5031       782      5000       734      5069       805 PARcau 1.485283e-01 0.851472
   135   0       1907       2577  7.826  18.795 107.0 26.565     1902     2569     1914     2587     12     18      1899      2583      1908      2567      1915      2570      1906      2587      1877      2544      1939      2612 PARcau 3.760574e-07 1.000000
   136   2       5031        767 15.700  20.700 240.0 53.130     5022      758     5042      777     20     19      5031       754      5044       770      5031       780      5019       763      4997       733      5067       802 PARcau 6.282374e-01 0.371763
   136   0       1904       2582  7.826  19.242 107.5 26.565     1900     2574     1911     2592     11     18      1897      2589      1905      2571      1912      2575      1904      2592      1875      2549      1936      2617 PARcau 3.428005e-09 1.000000
   137   2       5029        765 15.556  19.799 240.5 45.000     5019      757     5040      775     21     18      5027       753      5041       767      5030       778      5016       764      4994       732      5065       800 PARcau 1.452508e-01 0.854749
   137   0       1902       2587  8.602  18.028 106.0 33.690     1897     2580     1909     2597     12     17      1893      2592      1903      2577      1910      2582      1900      2597      1872      2555      1934      2622 PARcau 5.102648e-07 1.000000
   138   2       5025        763 15.264  22.472 245.5 32.005     5015      755     5038      774     23     19      5020       751      5039       763      5031       776      5012       764      4990       730      5063       799 PARcau 2.755509e-02 0.972445
   138   0       1899       2592  8.485  18.385 110.0 45.000     1894     2585     1906     2602     12     17      1890      2596      1903      2583      1909      2589      1896      2602      1869      2560      1931      2627 PARcau 1.401153e-07 1.000000
   139   2       5022        762 16.263  20.506 255.5 45.000     5012      754     5035      771     23     17      5021       750      5035       764      5024       776      5009       761      4987       729      5060       796 PARcau 7.382489e-01 0.261751
   139   0       1896       2597  8.500  19.007 118.5 26.565     1890     2589     1903     2606     13     17      1888      2603      1896      2586      1904      2590      1895      2607      1865      2564      1928      2631 PARcau 3.037296e-07 1.000000
   140   2       5019        760 15.403  22.743 260.5 33.690     5008      753     5032      770     24     17      5014       748      5033       761      5024       773      5005       761      4983       728      5057       795 PARcau 3.626222e-01 0.637378
   140   0       1893       2601  8.485  18.385 115.0 45.000     1887     2593     1901     2611     14     18      1884      2605      1897      2592      1903      2598      1890      2611      1862      2568      1926      2636 PARcau 1.069550e-06 0.999999
   141   2       5016        759 14.318  22.361 254.0 26.565     5005      752     5029      768     24     16      5009       748      5029       758      5023       771      5003       761      4980       727      5054       793 PARcau 1.995057e-01 0.800494
   141   0       1890       2606  8.602  19.416 119.0 33.690     1884     2598     1898     2615     14     17      1881      2611      1892      2595      1899      2600      1888      2616      1859      2573      1923      2640 PARcau 7.543016e-06 0.999992
   142   0       1887       2610  7.071  18.385 108.0 45.000     1881     2602     1894     2619     13     17      1878      2614      1891      2601      1896      2606      1883      2619      1856      2577      1919      2644 PARcau 1.608714e-11 1.000000
   142   2       5012        758 14.534  22.809 247.5 26.565     5001      751     5025      767     24     16      5005       747      5026       757      5019       770      4999       760      4976       726      5050       792 PARcau 1.587827e-02 0.984122
   143   2       5009        757 14.983  23.927 259.0 26.565     4998      750     5023      766     25     16      5002       746      5023       756      5017       770      4995       759      4973       725      5048       791 PARcau 4.079268e-02 0.959207
   143   0       1883       2614  8.062  18.028 105.0 33.690     1877     2607     1891     2622     14     15      1875      2619      1885      2604      1892      2608      1882      2623      1852      2582      1916      2647 PARcau 1.116878e-05 0.999989
   144   2       5005        756 14.080  23.243 255.5 18.435     4994      749     5018      765     24     16      4996       746      5018       753      5014       767      4992       759      4969       724      5043       790 PARcau 5.071081e-02 0.949289
   144   0       1879       2618  7.071  18.385 105.5 45.000     1873     2611     1888     2626     15     15      1871      2622      1884      2609      1889      2614      1876      2627      1848      2586      1913      2651 PARcau 4.345981e-07 1.000000
   145   2       5001        755 14.080  24.192 254.5 18.435     4990      748     5015      764     25     16      4992       745      5015       753      5011       766      4988       759      4965       723      5040       789 PARcau 4.720093e-01 0.527991
   145   0       1875       2622  7.778  19.092 112.0 45.000     1869     2615     1884     2630     15     15      1866      2626      1880      2613      1885      2618      1872      2632      1844      2590      1909      2655 PARcau 6.888905e-07 0.999999
   146   0       1872       2625  7.071  17.692 104.5 45.000     1865     2619     1880     2634     15     15      1863      2629      1876      2617      1881      2622      1868      2634      1840      2594      1905      2659 PARcau 1.559173e-05 0.999984
   146   2       4997        754 14.116  23.308 247.5 23.962     4986      748     5012      763     26     15      4990       744      5011       753      5006       766      4984       757      4961       723      5037       788 PARcau 3.068956e-03 0.996931
   147   2       4993        754 14.000  25.000 256.0 90.000     4982      747     5008      762     26     15      4982       747      5007       747      5007       761      4982       761      4957       722      5033       787 PARcau 2.142537e-02 0.978575
   147   0       1868       2629  7.071  18.385 111.0 45.000     1861     2622     1876     2638     15     16      1859      2634      1872      2621      1877      2626      1864      2639      1836      2597      1901      2663 PARcau 1.413619e-08 1.000000
   148   2       4990        753 13.757  24.824 246.0 18.435     4978      747     5004      762     26     15      4980       743      5004       751      4999       764      4976       756      4953       722      5029       787 PARcau 1.241632e-01 0.875837
   148   0       1864       2633  7.071  18.385 105.5 45.000     1857     2627     1872     2642     15     15      1855      2638      1868      2625      1873      2630      1860      2643      1832      2602      1897      2667 PARcau 7.236300e-09 1.000000