 Frame  ID  CentroidX  CentroidY  Width  Length  Area  Angle  Box_TLX  Box_TLY  Box_BRX  Box_BRY  Box_W  Box_H  rBox_TLX  rBox_TLY  rBox_TRX  rBox_TRY  rBox_BRX  rBox_BRY  rBox_BLX  rBox_BLY  lBox_TLX  lBox_TLY  lBox_BRX  lBox_BRY  Label       NONpro   PARcau
    21   0       3918        183  8.485  22.627 145.5 45.000     3910      175     3928      193     18     18      3913       172      3929       188      3923       194      3907       178      3885       150      3953       218 PARcau 5.547713e-09 1.000000
    22   0       3916        181  8.602  22.023 153.5 38.660     3908      173     3927      191     19     18      3910       171      3927       185      3922       192      3905       178      3883       148      3952       216 PARcau 2.003240e-04 0.999800
    23   0       3914        180  9.220  22.627 154.0 45.000     3905      172     3925      189     20     17      3909       169      3925       185      3919       192      3903       176      3880       147      3950       214 PARcau 8.122284e-09 1.000000
    23   1       4448        265 10.198  24.515 199.0 11.310     4437      260     4462      273     25     13      4437       258      4461       263      4459       273      4435       268      4412       235      4487       298 PARcau 1.938389e-04 0.999806
    24   0       3911        178  8.602  22.804 150.0 38.660     3903      171     3923      187     20     16      3905       168      3923       182      3918       189      3900       175      3878       146      3948       212 PARcau 1.528713e-16 1.000000
    24   1       4443        264 11.543  23.286 200.0 15.945     4433      258     4456      272     23     14      4434       256      4456       262      4453       273      4430       267      4408       233      4481       297 PARcau 2.661134e-06 0.999997
    25   0       3909        177  8.602  22.204 148.5 36.870     3901      169     3920      186     19     17      3903       167      3921       180      3916       187      3898       174      3876       144      3945       211 PARcau 5.432306e-15 1.000000
    25   1       4438        263 10.595  23.880 197.5 18.435     4428      257     4451      271     23     14      4429       254      4451       262      4448       272      4425       264      4403       232      4476       296 PARcau 1.108094e-02 0.988919
    26   0       3907        175  9.014  21.915 150.0 33.690     3898      168     3918      184     20     16      3900       166      3918       178      3913       186      3895       173      3873       143      3943       209 PARcau 2.237791e-14 1.000000
    26   1       4434        262 10.770  23.409 197.5 19.654     4424      255     4447      270     23     15      4425       253      4447       261      4443       271      4421       263      4399       230      4472       295 PARcau 2.388048e-06 0.999998
    27   0       3904        174  9.434  22.472 154.5 33.690     3895      167     3915      183     20     16      3897       164      3916       176      3911       184      3892       172      3870       142      3940       208 PARcau 5.923076e-12 1.000000
    27   1       4431        260 11.543  22.940 192.0 20.556     4421      254     4443      269     22     15      4422       251      4443       259      4440       270      4418       262      4396       229      4468       294 PARcau 1.711896e-05 0.999983
    28   1       4429        260 11.180  21.471 186.5 26.565     4419      253     4441      268     22     15      4422       250      4441       260      4436       270      4417       260      4394       228      4466       293 PARcau 5.106187e-04 0.999489
    28   0       3902        173  9.014  21.915 156.5 33.690     3892      166     3913      181     21     15      3895       163      3913       176      3908       183      3890       171      3867       141      3938       206 PARcau 8.844837e-12 1.000000
    29   1       4427        259 10.512  20.797 177.5 26.565     4417      252     4438      267     21     15      4420       250      4438       259      4434       269      4415       259      4392       227      4463       292 PARcau 3.381928e-03 0.996618
    29   0       3899        172  8.944  22.361 156.0 26.565     3890      165     3911      180     21     15      3891       163      3911       173      3907       181      3887       171      3865       140      3936       205 PARcau 7.357378e-06 0.999993
    30   1       4424        258 10.296  20.125 167.5 26.565     4415      252     4436      266     21     14      4418       249      4436       258      4431       267      4413       258      4390       227      4461       291 PARcau 4.955828e-02 0.950442
    30   0       3896        170  9.014  22.743 152.5 33.690     3887      164     3908      179     21     15      3889       160      3908       173      3903       180      3884       168      3862       139      3933       204 PARcau 5.077846e-08 1.000000
    31   1       4423        257 11.068  19.609 153.5 18.435     4414      252     4433      265     19     13      4415       249      4434       255      4430       266      4412       259      4389       227      4458       290 PARcau 1.527194e-01 0.847281
    31   0       3893        169  8.944  23.259 157.5 26.565     3884      163     3906      177     22     14      3885       160      3906       170      3902       178      3881       168      3859       138      3931       202 PARcau 6.645739e-12 1.000000
    32   1       4423        257 11.011  18.118 145.5 39.806     4415      250     4432      265     17     15      4419       247      4433       258      4426       267      4412       255      4390       225      4457       290 PARcau 4.829919e-02 0.951701
    32   0       3891        168  8.500  23.071 157.5 29.055     3881      161     3903      176     22     15      3883       158      3903       170      3899       177      3879       166      3856       136      3928       201 PARcau 4.693161e-11 1.000000
    33   1       4424        256 11.180  17.889 149.5 63.435     4418      248     4433      265     15     17      4415       251      4425       246      4433       262      4423       267      4393       223      4458       290 PARcau 2.444057e-01 0.755594
    33   0       3888        167  8.944  22.361 167.5 26.565     3878      160     3900      175     22     15      3880       158      3900       168      3896       176      3876       166      3853       135      3925       200 PARcau 5.670163e-08 1.000000
    34   1       4426        254 11.045  18.111 142.0 84.806     4421      246     4433      265     12     19      4419       246      4430       245      4432       263      4421       264      4396       221      4458       290 PARcau 2.167847e-02 0.978321
    34   0       3885        165  9.434  24.698 162.5 30.964     3875      159     3898      174     23     15      3877       155      3898       168      3893       176      3872       163      3850       134      3923       199 PARcau 1.319497e-10 1.000000
    35   0       3882        164  9.657  24.622 167.5 23.199     3872      158     3895      172     23     14      3873       155      3895       165      3892       174      3869       164      3847       133      3920       197 PARcau 1.019197e-10 1.000000
    35   1       4429        252  9.487  19.925 121.0 16.699     4423      244     4436      264     13     20      4427       242      4436       245      4430       264      4421       261      4398       219      4461       289 PARcau 1.574870e-05 0.999984
    36   0       3880        163  9.014  23.964 163.0 23.199     3869      157     3892      172     23     15      3870       154      3892       164      3889       172      3867       163      3844       132      3917       197 PARcau 1.041312e-08 1.000000
    36   1       4431        251  9.014  22.209 133.5 30.964     4423      243     4440      265     17     22      4421       259      4433       240      4440       245      4429       264      4398       218      4465       290 PARcau 2.600481e-14 1.000000
    37   0       3877        162  9.849  24.597 171.0 26.565     3867      155     3890      170     23     15      3868       152      3890       163      3886       172      3864       161      3842       130      3915       195 PARcau 8.513797e-10 1.000000
    37   1       4433        251  9.220  27.659 178.0 39.806     4424      241     4443      264     19     23      4420       259      4438       238      4445       244      4427       265      4399       216      4468       289 PARcau 3.151829e-09 1.000000
    38   0       3874        161  9.618  25.269 172.0 26.565     3864      154     3887      169     23     15      3865       151      3888       163      3883       171      3861       160      3839       129      3912       194 PARcau 4.780896e-09 1.000000
    38   1       4436        248  8.485  26.173 167.0 45.000     4427      240     4448      260     21     20      4424       255      4443       237      4449       243      4430       261      4402       215      4473       285 PARcau 4.168132e-10 1.000000
    39   0       3872        159  8.944  25.495 170.0 26.565     3861      153     3885      168     24     15      3862       150      3885       161      3881       169      3858       158      3836       128      3910       193 PARcau 1.416862e-10 1.000000
    39   1       4441        246 10.000  24.207 168.5 52.125     4431      238     4452      256     21     18      4428       250      4447       235      4453       243      4434       258      4406       213      4477       281 PARcau 3.752989e-07 1.000000
    40   0       3869        158  9.394  25.715 176.5 26.565     3858      151     3882      166     24     15      3859       148      3882       159      3878       168      3855       156      3833       126      3907       191 PARcau 6.662403e-08 1.000000
    40   1       4444        245  9.301  25.700 171.0 53.130     4434      237     4456      255     22     18      4431       249      4451       233      4457       241      4436       256      4409       212      4481       280 PARcau 7.126307e-06 0.999993
    41   0       3866        156 10.062  25.045 176.5 26.565     3855      149     3879      164     24     15      3857       146      3880       157      3875       166      3853       155      3830       124      3904       189 PARcau 4.676277e-10 1.000000
    41   1       4448        243  8.602  25.239 172.0 56.310     4438      236     4460      253     22     17      4435       247      4456       233      4461       240      4440       254      4413       211      4485       278 PARcau 4.270757e-04 0.999573
    42   0       3863        155  9.394  25.283 177.5 23.962     3853      148     3876      163     23     15      3854       145      3877       156      3873       164      3850       154      3828       123      3901       188 PARcau 8.151783e-10 1.000000
    42   1       4452        241  9.179  25.125 167.0 60.255     4442      234     4464      250     22     16      4439       244      4461       231      4465       239      4444       252      4417       209      4489       275 PARcau 9.445691e-06 0.999991
    43   0       3861        153  9.179  25.045 177.5 26.565     3850      146     3874      162     24     16      3852       144      3874       155      3870       163      3847       152      3825       121      3899       187 PARcau 1.956430e-12 1.000000
    43   1       4456        240  9.014  24.130 166.5 56.310     4446      233     4468      249     22     16      4443       243      4463       229      4468       237      4448       250      4421       208      4493       274 PARcau 1.717710e-05 0.999983
    44   0       3858        152  9.618  25.269 183.0 26.565     3847      145     3871      160     24     15      3849       142      3871       153      3867       162      3844       150      3822       120      3896       185 PARcau 2.055255e-11 1.000000
    44   1       4459        238  9.014  24.965 165.5 56.310     4449      231     4471      247     22     16      4446       241      4467       228      4472       235      4451       249      4424       206      4496       272 PARcau 8.631527e-09 1.000000
    45   0       3855        150  8.944  26.401 182.0 24.775     3844      143     3868      159     24     16      3845       141      3869       152      3865       160      3841       149      3819       118      3893       184 PARcau 3.054221e-13 1.000000
    45   1       4463        236  8.500  23.943 156.5 60.945     4453      229     4475      245     22     16      4451       238      4472       227      4476       234      4455       246      4428       204      4500       270 PARcau 1.780722e-07 1.000000
    46   0       3852        149  9.849  26.833 185.0 26.565     3841      142     3866      157     25     15      3842       139      3866       151      3862       160      3838       148      3816       117      3891       182 PARcau 3.713916e-10 1.000000
    46   1       4466        235  8.062  24.187 153.5 60.255     4457      227     4478      244     21     17      4454       237      4475       225      4479       232      4458       244      4432       202      4503       269 PARcau 9.605487e-06 0.999990
    47   0       3849        147  9.394  26.196 182.5 23.962     3838      140     3862      156     24     16      3839       138      3863       149      3859       157      3835       147      3813       115      3887       181 PARcau 1.294564e-10 1.000000
    47   1       4470        233  8.485  24.042 164.5 45.000     4460      225     4482      242     22     17      4459       238      4476       221      4482       227      4465       244      4435       200      4507       267 PARcau 4.485861e-07 1.000000
    48   0       3846        146  9.849  26.571 183.5 21.801     3835      139     3860      154     25     15      3836       137      3861       146      3857       155      3832       146      3810       114      3885       179 PARcau 2.988933e-09 1.000000
    48   1       4474        231  8.602  24.413 164.5 54.462     4464      223     4486      240     22     17      4461       234      4481       220      4486       227      4466       241      4439       198      4511       265 PARcau 1.078854e-03 0.998921
    49   0       3843        144  9.849  26.833 193.5 26.565     3832      137     3857      153     25     16      3833       134      3857       146      3853       155      3829       143      3807       112      3882       178 PARcau 8.464859e-06 0.999992
    49   1       4478        229  9.434  24.698 172.0 59.036     4468      221     4490      238     22     17      4465       231      4486       218      4491       226      4470       239      4443       196      4515       263 PARcau 2.463822e-05 0.999975
    50   0       3840        143  9.618  25.739 180.0 29.055     3829      136     3854      151     25     15      3831       132      3854       145      3849       153      3827       141      3804       111      3879       176 PARcau 2.578826e-07 1.000000
    50   1       4481        226  9.605  26.101 170.0 53.130     4472      219     4494      236     22     17      4468       230      4489       215      4495       222      4474       238      4447       194      4519       261 PARcau 2.006527e-03 0.997993
    51   0       3838        141 10.296  26.926 195.0 30.964     3827      134     3852      150     25     16      3829       130      3852       144      3847       153      3824       139      3802       109      3877       175 PARcau 1.844727e-08 1.000000
    51   1       4485        224  8.746  25.933 159.0 56.310     4475      217     4498      234     23     17      4472       228      4493       213      4498       221      4476       235      4450       192      4523       259 PARcau 1.713212e-01 0.828679
    52   0       3835        139  9.862  26.669 190.0 30.964     3824      132     3849      149     25     17      3826       129      3849       142      3844       151      3821       137      3799       107      3874       174 PARcau 7.533438e-07 0.999999
    52   1       4489        222  9.179  25.986 159.5 59.744     4479      215     4501      232     22     17      4475       224      4498       211      4502       219      4480       232      4454       190      4526       257 PARcau 1.503744e-01 0.849626
    53   0       3832        138  9.434  26.077 195.5 32.005     3821      130     3846      147     25     17      3824       127      3846       141      3841       149      3819       135      3796       105      3871       172 PARcau 5.079067e-07 1.000000
    53   1       4492        220  9.394  27.060 164.0 63.435     4481      213     4505      230     24     17      4478       223      4502       210      4506       219      4482       231      4456       188      4530       255 PARcau 4.831186e-05 0.999952
    54   0       3830        136 10.735  24.824 188.0 26.565     3819      130     3843      145     24     15      3822       126      3844       138      3839       147      3817       136      3794       105      3868       170 PARcau 7.100968e-06 0.999993
    54   1       4497        218  9.899  21.932 150.5 45.000     4487      211     4508      226     21     15      4486       222      4501       206      4508       213      4493       229      4462       186      4533       251 PARcau 6.698181e-07 0.999999
    55   0       3828        135 10.296  24.597 180.0 26.565     3817      129     3841      144     24     15      3820       125      3842       136      3837       145      3815       134      3792       104      3866       169 PARcau 6.680510e-07 0.999999
    55   1       4499        217  9.220  23.431 161.5 49.399     4489      209     4510      226     21     17      4487       220      4505       205      4511       212      4493       227      4464       184      4535       251 PARcau 1.258679e-04 0.999874
    56   1       4499        216 10.000  23.601 166.0 53.130     4489      208     4511      226     22     18      4487       219      4506       205      4512       213      4493       227      4464       183      4536       251 PARcau 3.674490e-07 1.000000
    56   0       3826        134 10.512  22.594 161.5 23.962     3815      129     3838      142     23     13      3818       124      3839       134      3834       143      3814       134      3790       104      3863       167 PARcau 8.886282e-07 0.999999
    57   1       4499        216  8.485  22.627 160.0 45.000     4490      208     4509      225     19     17      4488       221      4504       205      4510       211      4494       227      4465       183      4534       250 PARcau 3.166669e-04 0.999683
    57   0       3825        134  9.849  19.235 133.5 26.565     3816      129     3835      141     19     12      3819       124      3836       133      3832       142      3815       133      3791       104      3860       166 PARcau 9.566703e-07 0.999999
    58   1       4497        215  9.618  19.912 145.0 29.055     4489      208     4505      225     16     17      4488       222      4497       205      4506       209      4496       227      4464       183      4530       250 PARcau 1.001165e-02 0.989988
    58   0       3824        133  8.559  16.194  85.0  8.130     3816      129     3833      139     17     10      3816       128      3832       130      3831       139      3815       136      3791       104      3858       164 PARcau 1.969033e-06 0.999998
    59   1       4494        214 11.000  18.000 146.5 90.000     4488      206     4500      225     12     19      4488       206      4499       206      4499       224      4488       224      4463       181      4525       250 PARcau 2.268530e-01 0.773147
    59   0       3823        132  6.000  13.000  48.0 90.000     3816      130     3830      137     14      7      3816       130      3829       130      3829       136      3816       136      3791       105      3855       162 PARcau 2.044382e-05 0.999980
    60   0       3821        132  4.000  11.000  21.5 90.000     3816      130     3828      135     12      5      3816       130      3827       130      3827       134      3816       134      3791       105      3853       160 PARcau 3.860408e-04 0.999614
    60   1       4490        213 11.705  19.313 153.5 69.444     4484      205     4499      224     15     19      4481       207      4492       203      4499       221      4488       225      4459       180      4524       249 PARcau 1.289506e-02 0.987105
    61   1       4488        213 11.511  22.327 174.5 56.310     4481      205     4499      224     18     19      4487       202      4499       220      4490       227      4477       208      4456       180      4524       249 PARcau 5.908867e-02 0.940911
    62   1       4487        213 11.011  25.164 205.5 50.194     4478      204     4498      225     20     21      4483       201      4499       220      4491       227      4474       208      4453       179      4523       250 PARcau 6.994127e-01 0.300587
    62   0       3905        128  6.000  15.000  61.5 90.000     3897      126     3913      133     16      7      3897       126      3912       126      3912       132      3897       132      3872       101      3938       158 PARcau 1.465440e-04 0.999853
    63   1       4484        212 10.630  24.083 206.5 41.987     4474      203     4496      223     22     20      4479       200      4497       216      4490       224      4472       208      4449       178      4521       248 PARcau 3.628683e-01 0.637132
    63   0       3906        130 10.689  18.173 128.5 81.870     3896      125     3915      137     19     12      3895       127      3913       124      3915       135      3897       137      3871       100      3940       162 PARcau 5.856926e-05 0.999941
    64   1       4480        210 11.236  24.965 193.5 32.471     4470      203     4493      220     23     17      4473       199      4494       212      4488       222      4467       208      4445       178      4518       245 PARcau 5.475662e-02 0.945243
    64   0       3907        131 14.637  20.156 200.5 81.870     3896      125     3918      140     22     15      3895       126      3915       124      3917       138      3897       141      3871       100      3943       165 PARcau 4.188866e-08 1.000000
    65   1       4476        208 11.402  22.804 187.0 15.945     4466      202     4488      218     22     16      4467       200      4489       206      4486       217      4464       211      4441       177      4513       243 PARcau 3.561214e-01 0.643879
    65   0       3908        133 16.325  20.797 247.0 63.435     3897      125     3919      144     22     19      3896       128      3911       121      3920       139      3906       147      3872       100      3944       169 PARcau 6.034049e-08 1.000000
    66   1       4472        208 10.920  23.243 180.0 18.435     4462      202     4485      215     23     13      4463       199      4485       207      4482       217      4460       210      4437       177      4510       240 PARcau 1.064495e-01 0.893550
    66   0       3909        135 15.652  24.597 278.5 63.435     3900      125     3920      148     20     23      3897       128      3911       121      3922       143      3908       150      3875       100      3945       173 PARcau 8.411839e-12 1.000000
    67   1       4468        207 10.440  22.136 183.0 18.435     4458      201     4481      215     23     14      4459       199      4480       206      4477       216      4456       209      4433       176      4506       240 PARcau 1.329134e-06 0.999999
    67   0       3911        138 14.318  26.833 295.0 63.435     3902      126     3921      152     19     26      3898       129      3911       123      3923       147      3910       153      3877       101      3946       177 PARcau 9.732636e-10 1.000000
    68   1       4464        206 11.068  20.893 182.0 20.556     4455      200     4476      214     21     14      4456       197      4476       205      4472       215      4453       208      4430       175      4501       239 PARcau 2.884208e-03 0.997116
    68   0       3913        141 13.416  28.178 294.0 63.435     3905      128     3923      156     18     28      3912       126      3925       151      3913       157      3900       132      3880       103      3948       181 PARcau 4.451233e-04 0.999555
    69   1       4460        205 10.770  20.616 180.0 21.801     4451      199     4472      213     21     14      4453       196      4472       204      4468       214      4449       206      4426       174      4497       238 PARcau 1.687232e-04 0.999831
    69   0       3914        145 13.342  27.893 281.5 75.964     3907      132     3923      160     16     28      3904       133      3917       130      3924       157      3911       160      3882       107      3948       185 PARcau 2.142653e-07 1.000000
    70   1       4457        204 11.068  20.555 174.5 18.435     4448      198     4468      212     20     14      4449       196      4468       202      4465       213      4445       206      4423       173      4493       237 PARcau 7.670239e-02 0.923298
    70   0       3915        149 12.369  28.160 267.5 74.055     3909      136     3923      164     14     28      3905       137      3917       134      3925       161      3913       164      3884       111      3948       189 PARcau 6.579771e-04 0.999342
    71   1       4453        203 10.920  20.081 167.5 18.435     4444      197     4464      211     20     14      4445       195      4464       201      4461       212      4442       205      4419       172      4489       236 PARcau 5.413961e-02 0.945860
    71   0       3916        153 12.000  28.000 264.0  0.000     3910      139     3923      168     13     29      3910       139      3922       139      3922       167      3910       167      3885       114      3948       193 PARcau 2.805925e-03 0.997194
    72   1       4449        202 11.068  20.555 170.5 18.435     4441      196     4461      209     20     13      4442       194      4461       200      4458       211      4438       204      4416       171      4486       234 PARcau 4.117142e-02 0.958829
    72   0       3916        158 11.000  28.000 260.0 90.000     3911      144     3923      173     12     29      3911       144      3922       144      3922       172      3911       172      3886       119      3948       198 PARcau 9.188377e-04 0.999081
    73   1       4446        200 11.180  20.125 173.0 26.565     4437      194     4457      208     20     14      4439       191      4457       200      4452       210      4434       201      4412       169      4482       233 PARcau 3.215576e-01 0.678442
    73   0       3916        161 11.000  29.000 263.0 90.000     3911      147     3923      177     12     30      3911       147      3922       147      3922       176      3911       176      3886       122      3948       202 PARcau 5.317176e-03 0.994683
    74   1       4442        199 11.236  19.500 162.0 23.199     4434      193     4453      207     19     14      4435       191      4453       198      4449       209      4431       201      4409       168      4478       232 PARcau 8.414776e-03 0.991585
    74   0       3916        165 12.000  28.000 258.0 90.000     3910      152     3923      181     13     29      3910       152      3922       152      3922       180      3910       180      3885       127      3948       206 PARcau 2.650159e-03 0.997350
    75   1       4439        198 10.296  20.125 173.0 26.565     4430      191     4449      206     19     15      4432       189      4450       198      4445       207      4427       198      4405       166      4474       231 PARcau 2.505257e-03 0.997495
    75   0       3916        170 11.597  28.714 252.5  7.125     3910      156     3923      185     13     29      3912       155      3923       156      3920       185      3908       183      3885       131      3948       210 PARcau 1.384585e-05 0.999986
    76   1       4435        196  9.849  20.125 168.0 26.565     4426      190     4446      204     20     14      4428       187      4446       196      4442       205      4424       196      4401       165      4471       229 PARcau 3.635396e-03 0.996365
    76   0       3915        173 11.402  28.862 237.0 14.036     3909      160     3923      189     14     29      3913       158      3924       161      3917       189      3906       186      3884       135      3948       214 PARcau 7.750984e-10 1.000000
    77   1       4431        194 10.770  19.313 164.0 21.801     4423      188     4441      203     18     15      4424       186      4442       193      4438       203      4420       196      4398       163      4466       228 PARcau 2.217397e-02 0.977826
    77   0       3914        177 10.595  29.618 233.0 20.556     3907      164     3922      193     15     29      3903       189      3914       162      3924       165      3913       193      3882       139      3947       218 PARcau 3.087672e-10 1.000000
    78   1       4428        193 11.180  21.471 178.5 26.565     4419      186     4440      201     21     15      4421       183      4440       193      4435       203      4416       193      4394       161      4465       226 PARcau 8.674327e-06 0.999991
    78   0       3912        182 10.770  29.155 230.5 21.801     3905      168     3921      196     16     28      3902       193      3913       166      3923       170      3912       197      3880       143      3946       221 PARcau 2.961469e-12 1.000000
    79   1       4425        191 10.296  24.597 195.0 26.565     4414      185     4437      200     23     15      4416       181      4438       192      4433       201      4411       190      4389       160      4462       225 PARcau 9.531332e-09 1.000000
    79   0       3911        185  9.487  29.155 223.5 21.801     3904      172     3920      200     16     28      3901       197      3912       170      3921       173      3910       200      3879       147      3945       225 PARcau 8.234513e-10 1.000000
    80   0       3910        188 10.770  27.857 212.0 21.801     3903      176     3920      202     17     26      3910       173      3920       177      3910       203      3900       199      3878       151      3945       227 PARcau 5.237181e-10 1.000000
    80   1       4420        189  9.849  26.000 202.0 24.444     4409      183     4434      198     25     15      4410       180      4434       190      4430       199      4406       189      4384       158      4459       223 PARcau 3.253713e-04 0.999675
    81   0       3909        190 10.770  28.231 204.5 23.962     3903      177     3919      203     16     26      3899       200      3910       174      3920       178      3909       204      3878       152      3944       228 PARcau 8.162379e-10 1.000000
    81   1       4415        187  9.849  26.000 203.0 23.199     4403      181     4429      196     26     15      4405       178      4429       188      4425       197      4401       187      4378       156      4454       221 PARcau 6.865478e-06 0.999993
    82   0       3909        191 10.308  28.040 205.5 21.801     3902      178     3919      204     17     26      3899       201      3910       175      3919       179      3909       205      3877       153      3944       229 PARcau 5.929275e-14 1.000000
    82   1       4410        185  9.849  26.000 202.0 23.199     4399      178     4423      194     24     16      4400       176      4424       186      4420       195      4396       185      4374       153      4448       219 PARcau 1.909877e-05 0.999981
    83   0       3908        191 10.308  28.430 207.0 23.199     3901      179     3918      205     17     26      3898       202      3910       176      3919       180      3908       206      3876       154      3943       230 PARcau 3.094180e-10 1.000000
    83   1       4405        184 10.296  25.495 199.0 26.565     4394      177     4418      192     24     15      4396       174      4419       185      4414       194      4391       183      4369       152      4443       217 PARcau 7.511493e-05 0.999925
    84   0       3907        193 10.512  28.399 213.5 26.565     3899      181     3918      206     19     25      3896       203      3909       177      3918       182      3906       207      3874       156      3943       231 PARcau 8.173344e-07 0.999999
    84   1       4401        183  9.618  25.739 198.5 29.745     4391      175     4415      192     24     17      4392       172      4415       185      4410       193      4388       181      4366       150      4440       217 PARcau 3.462617e-06 0.999997
    85   0       3904        195 11.314  28.284 213.0 45.000     3895      183     3916      207     21     24      3891       200      3911       180      3919       188      3899       208      3870       158      3941       232 PARcau 5.277062e-06 0.999995
    85   1       4397        181  9.434  25.807 196.0 33.690     4387      173     4410      190     23     17      4389       169      4410       184      4405       192      4384       177      4362       148      4435       215 PARcau 3.543017e-11 1.000000
    86   0       3902        196 10.630  28.284 230.5 45.000     3892      186     3915      209     23     23      3889       202      3909       182      3916       190      3896       210      3867       161      3940       234 PARcau 1.011830e-06 0.999999
    86   1       4392        178 10.000  25.239 203.5 33.690     4382      169     4405      188     23     19      4385       167      4406       181      4400       189      4379       175      4357       144      4430       213 PARcau 4.109799e-11 1.000000
    87   0       3899        199 11.314  29.000 238.0 45.000     3889      189     3912      212     23     23      3885       205      3906       185      3914       193      3893       213      3864       164      3937       237 PARcau 4.493238e-10 1.000000
    87   1       4388        175 10.630  25.000 200.0 36.870     4378      167     4400      185     22     18      4381       164      4401       179      4394       187      4374       172      4353       142      4425       210 PARcau 1.438475e-13 1.000000
    88   0       3897        201 11.402  29.069 236.5 49.399     3886      191     3910      214     24     23      3882       206      3904       187      3911       196      3889       215      3861       166      3935       239 PARcau 1.781569e-10 1.000000
    88   1       4383        172  9.899  25.456 206.5 45.000     4374      163     4395      182     21     19      4378       159      4396       177      4389       184      4371       166      4349       138      4420       207 PARcau 2.140902e-10 1.000000
    89   0       3894        204  9.899  29.698 236.5 45.000     3883      193     3907      216     24     23      3880       211      3901       190      3908       197      3887       218      3858       168      3932       241 PARcau 7.778103e-13 1.000000
    89   1       4379        169 10.630  24.839 210.0 40.601     4369      160     4391      179     22     19      4373       157      4392       173      4385       181      4366       165      4344       135      4416       204 PARcau 2.002387e-07 1.000000
    90   0       3891        206  9.899  28.284 227.5 45.000     3881      196     3904      219     23     23      3878       213      3898       193      3905       200      3885       220      3856       171      3929       244 PARcau 1.699057e-07 1.000000
    90   1       4375        166 10.630  24.042 209.0 45.000     4366      157     4387      176     21     19      4371       154      4388       171      4380       178      4363       161      4341       132      4412       201 PARcau 7.784339e-07 0.999999
    91   1       4372        164 11.314  24.042 205.0 45.000     4363      155     4383      174     20     19      4368       152      4385       169      4377       177      4360       160      4338       130      4408       199 PARcau 1.932410e-07 1.000000
    91   0       3889        209 10.630  29.069 222.0 49.399     3878      199     3902      221     24     22      3874       214      3896       195      3903       203      3881       222      3853       174      3927       246 PARcau 2.727347e-09 1.000000
    92   0       3887        211 10.607  28.991 217.5 45.000     3876      201     3899      224     23     23      3873       217      3893       197      3901       204      3880       225      3851       176      3924       249 PARcau 3.382291e-08 1.000000
    92   1       4369        161 10.607  23.335 189.0 45.000     4360      153     4380      171     20     18      4364       149      4381       165      4373       173      4357       156      4335       128      4405       196 PARcau 1.068667e-05 0.999989
    93   1       4365        158 10.404  22.743 174.0 33.690     4356      151     4375      168     19     17      4358       148      4377       161      4371       169      4352       157      4331       126      4400       193 PARcau 5.137498e-04 0.999486
    93   0       3884        214 11.314  28.284 217.5 45.000     3874      204     3897      226     23     22      3870       220      3890       200      3898       208      3878       228      3849       179      3922       251 PARcau 1.004418e-10 1.000000
    94   0       3882        216  9.899  28.284 221.0 45.000     3872      206     3894      229     22     23      3869       223      3889       203      3896       210      3876       230      3847       181      3919       254 PARcau 6.176937e-10 1.000000
    94   1       4361        156  9.899  22.627 175.0 45.000     4352      147     4372      165     20     18      4357       143      4373       159      4366       166      4350       150      4327       122      4397       190 PARcau 1.399597e-05 0.999986
    95   0       3880        219 11.314  28.284 217.5 45.000     3871      209     3892      231     21     22      3866       225      3886       205      3894       213      3874       233      3846       184      3917       256 PARcau 2.422272e-12 1.000000
    95   1       4357        153  9.192  23.335 167.5 45.000     4348      144     4368      162     20     18      4352       141      4369       158      4362       164      4346       148      4323       119      4393       187 PARcau 6.109918e-08 1.000000
    96   0       3878        222 10.000  28.601 211.5 36.870     3869      211     3890      235     21     24      3866       230      3883       207      3891       213      3874       236      3844       186      3915       260 PARcau 9.429178e-11 1.000000
    96   1       4353        149  9.192  21.920 160.5 45.000     4345      141     4364      159     19     18      4349       139      4364       154      4358       161      4342       145      4320       116      4389       184 PARcau 1.763168e-15 1.000000
    97   0       3877        224 10.308  26.800 206.5 36.870     3868      214     3888      236     20     22      3865       231      3881       210      3889       216      3873       238      3843       189      3913       261 PARcau 6.516490e-08 1.000000
    97   1       4350        146  9.899  21.213 164.0 45.000     4342      138     4360      156     18     18      4346       136      4361       151      4354       158      4339       143      4317       113      4385       181 PARcau 9.449982e-07 0.999999
    98   0       3876        226 10.296  25.554 205.0 29.745     3868      216     3886      239     18     23      3864       235      3877       213      3886       218      3873       240      3843       191      3911       264 PARcau 1.069741e-09 1.000000
    98   1       4346        144 11.314  21.213 172.5 45.000     4338      136     4356      153     18     17      4343       132      4358       147      4350       155      4335       140      4313       111      4381       178 PARcau 4.880637e-11 1.000000
    99   0       3874        229 11.180  25.495 209.5 26.565     3867      219     3884      242     17     23      3864       238      3875       215      3885       220      3874       243      3842       194      3909       267 PARcau 4.330039e-06 0.999996
    99   1       4343        141 11.314  21.213 180.5 45.000     4335      133     4353      151     18     18      4340       130      4355       145      4347       153      4332       138      4310       108      4378       176 PARcau 4.254338e-11 1.000000
   100   0       3873        232 10.512  25.269 195.0 26.565     3867      222     3883      245     16     23      3863       241      3874       219      3884       223      3872       246      3842       197      3908       270 PARcau 3.480709e-08 1.000000
   100   1       4340        138 11.011  21.708 185.0 38.660     4332      130     4350      148     18     18      4335       127      4352       141      4345       149      4328       136      4307       105      4375       173 PARcau 9.970052e-14 1.000000
   101   0       3873        235 10.770  24.698 197.5 21.801     3867      224     3881      247     14     23      3872       221      3882       225      3873       248      3863       244      3842       199      3906       272 PARcau 5.558590e-05 0.999944
   101   1       4337        136 12.530  20.125 192.0 26.565     4329      127     4347      145     18     18      4331       126      4349       135      4343       146      4325       137      4304       102      4372       170 PARcau 1.029138e-14 1.000000
   102   0       3872        238 11.281  23.049 195.0 14.036     3866      228     3880      250     14     22      3869       225      3880       228      3875       250      3864       248      3841       203      3905       275 PARcau 3.907542e-04 0.999609
   102   1       4334        133 11.314  22.627 196.5 45.000     4325      125     4344      143     19     18      4330       121      4346       137      4338       145      4322       129      4300       100      4369       168 PARcau 1.556529e-13 1.000000
   103   0       3872        240 11.180  23.195 192.0  9.462     3867      230     3880      253     13     23      3868       228      3879       230      3876       253      3865       251      3842       205      3905       278 PARcau 2.034797e-02 0.979652
   103   1       4331        130 12.042  21.213 199.5 45.000     4323      121     4341      140     18     19      4328       119      4343       134      4334       142      4319       127      4298        96      4366       165 PARcau 1.865828e-19 1.000000
   104   0       3872        243 11.000  21.000 192.5 90.000     3867      233     3879      255     12     22      3867       233      3878       233      3878       254      3867       254      3842       208      3904       280 PARcau 9.715942e-02 0.902841
   104   1       4328        127 12.728  21.213 214.0 45.000     4319      119     4338      137     19     18      4325       116      4340       131      4331       140      4316       125      4294        94      4363       162 PARcau 2.548051e-16 1.000000
   105   0       3872        246 11.000  22.000 195.0  0.000     3867      235     3879      258     12     23      3867       235      3878       235      3878       257      3867       257      3842       210      3904       283 PARcau 9.641204e-02 0.903588
   105   1       4326        126 13.454  18.385 195.0 45.000     4317      119     4336      135     19     16      4324       115      4337       128      4328       138      4315       125      4292        94      4361       160 PARcau 5.539250e-18 1.000000
   106   0       3873        248 11.000  22.000 184.0 90.000     3868      238     3880      261     12     23      3868       238      3879       238      3879       260      3868       260      3843       213      3905       286 PARcau 2.626225e-01 0.737377
   106   1       4325        125 14.000  16.000 165.5 90.000     4317      118     4334      133     17     15      4317       118      4333       118      4333       132      4317       132      4292        93      4359       158 PARcau 1.082338e-25 1.000000
   107   1       4325        124 13.463  15.042 141.5 68.199     4317      118     4333      132     16     14      4315       121      4329       116      4334       128      4320       134      4292        93      4358       157 PARcau 1.195185e-19 1.000000
   107   0       3873        251 11.000  21.000 190.0 90.000     3868      241     3880      263     12     22      3868       241      3879       241      3879       262      3868       262      3843       216      3905       288 PARcau 1.376171e-04 0.999862
   108   1       4325        124 11.000  13.000 102.0  0.000     4318      118     4332      130     14     12      4318       118      4331       118      4331       129      4318       129      4293        93      4357       155 PARcau 2.314592e-15 1.000000
   108   0       3874        254 11.402  22.136 186.5 71.565     3869      244     3882      266     13     22      3865       245      3876       242      3883       263      3872       266      3844       219      3907       291 PARcau 7.486404e-02 0.925136
   109   1       4325        123  9.341  11.885  84.0 75.964     4319      118     4332      129     13     11      4317       120      4329       117      4331       126      4320       129      4294        93      4357       154 PARcau 8.432614e-15 1.000000
   109   0       3876        257 12.083  22.361 194.0 63.435     3870      246     3884      268     14     22      3865       249      3876       244      3886       264      3875       269      3845       221      3909       293 PARcau 4.169054e-03 0.995831
   110   1       4325        122  9.000  11.000  61.0 90.000     4319      118     4331      128     12     10      4319       118      4330       118      4330       127      4319       127      4294        93      4356       153 PARcau 1.480901e-15 1.000000
   110   0       3877        260 11.543  23.564 202.5 71.565     3871      249     3886      272     15     23      3868       250      3879       246      3886       269      3875       272      3846       224      3911       297 PARcau 4.976940e-04 0.999502
   111   1       4326        122  8.544  12.649  35.0 71.565     4320      117     4332      128     12     11      4318       120      4330       116      4333       124      4321       128      4295        92      4357       153 PARcau 2.738549e-13 1.000000
   111   0       3879        262 10.817  24.187 205.0 60.255     3872      252     3888      275     16     23      3877       249      3889       270      3880       276      3868       255      3847       227      3913       300 PARcau 4.454007e-06 0.999996
   112   0       3881        265 11.180  23.707 205.5 63.435     3873      255     3891      277     18     22      3880       252      3891       273      3881       278      3870       257      3848       230      3916       302 PARcau 3.644783e-07 1.000000
   112   1       4331        116  6.500  14.396  66.0 19.983     4327      108     4336      123      9     15      4331       107      4337       110      4332       123      4326       121      4302        83      4361       148 PARcau 1.512940e-12 1.000000
   113   0       3883        268 10.630  25.456 211.0 45.000     3874      258     3894      280     20     22      3878       256      3896       274      3888       281      3870       263      3849       233      3919       305 PARcau 4.068575e-09 1.000000
   113   1       4332        119  9.192  17.393  85.5 19.983     4325      113     4338      129     13     16      4330       111      4339       114      4333       131      4325       127      4300        88      4363       154 PARcau 1.591147e-14 1.000000
   114   0       3885        271 10.817  25.807 215.5 54.462     3876      260     3896      283     20     23      3882       257      3897       278      3888       284      3873       263      3851       235      3921       308 PARcau 4.662134e-10 1.000000
   114   1       4333        123 11.402  13.601  97.0 16.699     4326      117     4340      130     14     13      4329       115      4340       118      4336       131      4325       128      4301        92      4365       155 PARcau 2.441847e-13 1.000000
   115   0       3888        274 10.607  26.163 207.5 45.000     3879      264     3899      285     20     21      3882       261      3901       280      3893       287      3875       269      3854       239      3924       310 PARcau 1.437025e-09 1.000000
   115   1       4333        126 13.000  13.928 126.5 21.801     4326      118     4341      134     15     16      4330       117      4342       122      4337       135      4325       130      4301        93      4366       159 PARcau 5.455716e-13 1.000000
   116   0       3890        277  9.899  26.870 208.0 45.000     3881      267     3902      288     21     21      3884       264      3903       283      3896       290      3877       271      3856       242      3927       313 PARcau 1.168706e-11 1.000000
   116   1       4334        128 12.530  20.125 156.0 63.435     4326      119     4342      137     16     18      4323       122      4334       116      4343       134      4332       140      4301        94      4367       162 PARcau 3.456272e-11 1.000000
   117   0       3893        280  9.899  26.870 215.5 45.000     3883      270     3906      290     23     20      3887       267      3906       286      3899       293      3880       274      3858       245      3931       315 PARcau 3.621455e-09 1.000000
   117   1       4335        131 11.853  21.691 175.0 63.435     4327      121     4344      142     17     21      4324       124      4335       118      4344       138      4334       143      4302        96      4369       167 PARcau 7.401289e-14 1.000000
   118   0       3897        282 10.000  27.459 217.5 33.690     3886      273     3910      293     24     20      3888       271      3911       286      3905       294      3882       279      3861       248      3935       318 PARcau 2.592175e-08 1.000000
   118   1       4337        135 10.062  22.809 182.0 63.435     4330      125     4345      147     15     22      4336       123      4346       143      4337       148      4327       127      4305       100      4370       172 PARcau 7.272319e-12 1.000000
   119   0       3900        285 10.296  26.926 213.5 30.964     3889      276     3913      294     24     18      3891       273      3914       287      3909       296      3886       282      3864       251      3938       319 PARcau 1.078489e-08 1.000000
   119   1       4338        139 10.770  23.409 185.5 70.017     4332      128     4346      152     14     24      4329       130      4339       126      4347       148      4337       152      4307       103      4371       177 PARcau 6.442155e-12 1.000000
   120   0       3904        286 10.062  26.387 209.0 26.565     3893      279     3918      295     25     16      3894       276      3918       288      3913       297      3890       285      3868       254      3943       320 PARcau 9.288297e-09 1.000000
   120   1       4339        144 10.112  23.838 165.0 80.538     4335      133     4346      157     11     24      4332       133      4342       132      4346       155      4336       157      4310       108      4371       182 PARcau 5.812924e-12 1.000000
   121   0       3906        288 10.735  26.613 206.5 26.565     3895      281     3920      296     25     15      3897       278      3921       289      3916       299      3892       287      3870       256      3945       321 PARcau 3.366696e-08 1.000000
   121   1       4340        149 10.050  24.187 182.0 81.870     4335      137     4347      162     12     25      4333       137      4343       136      4346       160      4336       161      4310       112      4372       187 PARcau 2.392787e-09 1.000000
   122   0       3908        289 10.735  26.177 194.0 28.610     3896      282     3921      297     25     15      3898       278      3921       290      3916       300      3893       287      3871       257      3946       322 PARcau 9.817823e-10 1.000000
   122   1       4341        155  9.618  23.759 168.5 81.254     4336      142     4347      167     11     25      4334       143      4343       141      4347       165      4337       166      4311       117      4372       192 PARcau 1.098524e-14 1.000000
   123   0       3909        289 11.180  24.597 188.5 26.565     3897      283     3922      298     25     15      3900       279      3922       290      3917       300      3895       289      3872       258      3947       323 PARcau 2.246021e-05 0.999978
   123   1       4341        159 10.000  23.000 182.0 90.000     4336      147     4347      171     11     24      4336       147      4346       147      4346       170      4336       170      4311       122      4372       196 PARcau 3.421421e-04 0.999658
   124   0       3909        290 10.404  24.130 170.0 33.690     3898      284     3922      299     24     15      3902       279      3922       292      3916       301      3896       287      3873       259      3947       324 PARcau 4.334716e-06 0.999996
   124   1       4341        163 10.000  24.000 196.5  0.000     4336      151     4347      176     11     25      4336       151      4346       151      4346       175      4336       175      4311       126      4372       201 PARcau 2.835009e-05 0.999972
   125   0       3910        290  9.862  22.209 166.0 30.964     3900      284     3922      299     22     15      3903       280      3922       292      3917       300      3898       289      3875       259      3947       324 PARcau 1.411164e-06 0.999999
   125   1       4341        167 10.000  24.000 196.0 90.000     4336      155     4347      180     11     25      4336       155      4346       155      4346       179      4336       179      4311       130      4372       205 PARcau 1.053161e-06 0.999999
   126   0       3911        291  9.708  22.051 151.5 32.471     3901      285     3923      300     22     15      3904       281      3923       293      3917       301      3899       289      3876       260      3948       325 PARcau 7.930914e-04 0.999207
   126   1       4340        172 11.000  25.000 207.5 90.000     4335      160     4347      186     12     26      4335       160      4346       160      4346       185      4335       185      4310       135      4372       211 PARcau 6.595650e-07 0.999999
   127   0       3913        292 10.000  20.809 147.0 33.690     3903      286     3924      300     21     14      3907       282      3924       294      3918       302      3901       290      3878       261      3949       325 PARcau 2.410889e-05 0.999976
   127   1       4340        176 10.689  25.402 195.0  9.462     4335      165     4347      190     12     25      4336       163      4347       165      4342       190      4332       188      4310       140      4372       215 PARcau 8.246809e-09 1.000000
   128   0       3915        293 10.296  21.095 129.0 29.745     3905      287     3926      300     21     13      3908       283      3926       294      3921       303      3903       292      3880       262      3951       325 PARcau 3.459603e-04 0.999654
   128   1       4339        182 10.198  25.495 197.5 11.310     4333      170     4346      195     13     25      4336       168      4346       170      4341       195      4331       193      4308       145      4371       220 PARcau 1.980046e-09 1.000000
   129   0       3917        293 10.595  21.360 152.5 18.435     3907      288     3929      300     22     12      3908       286      3929       292      3925       302      3905       296      3882       263      3954       325 PARcau 5.239912e-04 0.999476
   129   1       4337        188 10.198  25.179 195.5  8.130     4332      176     4345      201     13     25      4334       174      4344       176      4341       201      4331       199      4307       151      4370       226 PARcau 6.764990e-07 0.999999
   130   0       3920        294  9.220  21.587 138.0 14.036     3909      289     3931      301     22     12      3910       287      3931       292      3929       301      3908       296      3884       264      3956       326 PARcau 2.750445e-02 0.972496
   130   1       4336        192 10.308  25.224 196.0 14.036     4331      181     4344      206     13     25      4334       179      4344       181      4338       206      4328       203      4306       156      4369       231 PARcau 2.711315e-06 0.999997
   131   0       3923        295 10.308  22.074 152.0 14.036     3911      290     3934      302     23     12      3912       287      3934       292      3931       302      3910       297      3886       265      3959       327 PARcau 3.596608e-02 0.964034
   131   1       4335        197 10.198  25.318 192.0  9.462     4330      186     4342      211     12     25      4332       184      4342       186      4338       211      4328       209      4305       161      4367       236 PARcau 8.322486e-08 1.000000
   132   0       3924        295 10.548  22.277 169.5  9.462     3914      290     3937      302     23     12      3914       288      3936       292      3935       302      3913       299      3889       265      3962       327 PARcau 2.057450e-02 0.979425
   132   1       4334        202  9.487  25.000 187.5 15.945     4328      190     4341      215     13     25      4333       188      4342       191      4335       215      4326       212      4303       165      4366       240 PARcau 2.137512e-07 1.000000
   133   0       3927        295 10.000  23.000 169.0 90.000     3916      291     3940      302     24     11      3916       291      3939       291      3939       301      3916       301      3891       266      3965       327 PARcau 3.157806e-01 0.684219
   133   1       4332        206  9.487  24.352 189.0 18.435     4327      195     4340      219     13     24      4332       193      4341       196      4333       219      4324       216      4302       170      4365       244 PARcau 4.984792e-08 1.000000
   134   0       3930        296 10.000  24.000 186.0 90.000     3918      291     3943      302     25     11      3918       291      3942       291      3942       301      3918       301      3893       266      3968       327 PARcau 3.253514e-01 0.674649
   134   1       4331        211  9.962  24.192 187.0 18.435     4326      200     4339      224     13     24      4330       198      4339       201      4332       224      4322       221      4301       175      4364       249 PARcau 2.538434e-07 1.000000
   135   0       3933        296 10.548  23.135 185.5  6.340     3922      291     3946      303     24     12      3922       290      3945       292      3944       303      3921       300      3897       266      3971       328 PARcau 7.138771e-02 0.928612
   135   1       4330        215 10.308  24.254 185.5 14.036     4324      204     4337      228     13     24      4328       202      4338       205      4332       228      4322       226      4299       179      4362       253 PARcau 1.950586e-06 0.999998
   136   0       3936        296 11.000  24.000 190.0  0.000     3925      291     3950      303     25     12      3925       291      3949       291      3949       302      3925       302      3900       266      3975       328 PARcau 1.645999e-02 0.983540
   136   1       4328        220 10.308  24.254 184.0 14.036     4322      209     4335      233     13     24      4326       207      4336       210      4330       233      4320       231      4297       184      4360       258 PARcau 1.398447e-05 0.999986
   137   0       3939        296 11.000  25.000 198.0 90.000     3927      291     3953      303     26     12      3927       291      3952       291      3952       302      3927       302      3902       266      3978       328 PARcau 1.228155e-01 0.877185
   137   1       4327        225  9.962  24.192 187.0 18.435     4321      214     4334      238     13     24      4326       212      4335       215      4328       238      4318       235      4296       189      4359       263 PARcau 1.292292e-07 1.000000
   138   0       3943        296 10.548  26.235 203.5 81.870     3930      291     3957      303     27     12      3929       292      3955       289      3956       299      3930       303      3905       266      3982       328 PARcau 1.592671e-07 1.000000
   138   1       4325        229  9.487  24.739 181.0 14.036     4320      218     4332      243     12     25      4324       216      4333       219      4327       243      4318       240      4295       193      4357       268 PARcau 1.094968e-05 0.999989
   139   0       3946        295 10.548  26.120 213.0 84.806     3934      291     3961      303     27     12      3933       291      3959       289      3960       299      3934       302      3909       266      3986       328 PARcau 3.634918e-03 0.996365
   139   1       4324        234  9.962  23.901 186.0 15.945     4318      223     4331      247     13     24      4323       221      4332       224      4326       247      4316       244      4293       198      4356       272 PARcau 3.049879e-04 0.999695
   140   0       3950        295 11.402  27.893 224.0 75.964     3937      289     3965      303     28     14      3935       293      3962       286      3965       297      3938       304      3912       264      3990       328 PARcau 1.128062e-05 0.999989
   140   1       4323        239 10.112  23.838 182.0 11.310     4318      228     4330      252     12     24      4320       226      4330       228      4326       251      4316       250      4293       203      4355       277 PARcau 9.230981e-05 0.999908
   141   0       3953        294 10.308  27.409 213.5 75.964     3941      289     3968      302     27     13      3939       293      3966       286      3968       296      3942       303      3916       264      3993       327 PARcau 1.396521e-08 1.000000
   141   1       4322        243 10.000  23.000 179.5 90.000     4317      232     4328      256     11     24      4317       232      4327       232      4327       255      4317       255      4292       207      4353       281 PARcau 1.173695e-03 0.998826
   142   1       4321        247 10.000  22.000 173.0 90.000     4316      236     4327      259     11     23      4316       236      4326       236      4326       258      4316       258      4291       211      4352       284 PARcau 7.542688e-04 0.999246
   142   0       3957        293 10.308  28.640 215.5 73.301     3945      287     3972      302     27     15      3942       292      3970       284      3972       294      3945       302      3920       262      3997       327 PARcau 1.349734e-08 1.000000
   143   1       4320        249  9.618  22.946 167.0 11.310     4315      238     4327      261     12     23      4318       237      4327       238      4323       261      4313       259      4290       213      4352       286 PARcau 4.832537e-03 0.995167
   143   0       3961        292  9.657  28.692 213.0 66.801     3949      286     3976      301     27     15      3946       293      3973       282      3976       291      3950       302      3924       261      4001       326 PARcau 8.691716e-08 1.000000
   144   1       4319        249 10.124  20.893 157.0 21.801     4313      240     4326      260     13     20      4318       238      4327       241      4320       261      4310       257      4288       215      4351       285 PARcau 1.206483e-04 0.999879
   144   0       3965        291 10.770  28.636 216.0 65.556     3953      285     3980      300     27     15      3950       292      3976       280      3980       290      3954       302      3928       260      4005       325 PARcau 1.079463e-07 1.000000
   145   1       4319        247  9.862  19.474 139.0 30.964     4313      239     4327      257     14     18      4310       253      4319       236      4328       241      4318       258      4288       214      4352       282 PARcau 1.191301e-04 0.999881
   145   0       3969        290 10.440  28.792 218.0 69.444     3956      283     3984      299     28     16      3954       290      3981       280      3984       290      3957       300      3931       258      4009       324 PARcau 4.677986e-11 1.000000
   146   1       4320        244  9.192  16.263 112.5 45.000     4314      237     4327      252     13     15      4311       247      4322       235      4329       242      4317       253      4289       212      4352       277 PARcau 2.263787e-05 0.999977
   146   0       3973        289 10.124  28.504 218.0 68.199     3960      282     3987      298     27     16      3958       289      3984       279      3988       288      3961       299      3935       257      4012       323 PARcau 4.799087e-12 1.000000
   147   0       3977        288  9.849  28.792 215.5 68.199     3964      280     3991      297     27     17      3961       288      3988       278      3992       287      3965       297      3939       255      4016       322 PARcau 6.093496e-12 1.000000
   147   1       4322        241 10.000  11.000  76.0 90.000     4317      236     4328      248     11     12      4317       236      4327       236      4327       247      4317       247      4292       211      4353       273 PARcau 8.841646e-02 0.911584
   148   0       3980        286  9.849  27.731 211.5 63.435     3969      279     3994      296     25     17      3966       288      3991       276      3995       285      3970       297      3944       254      4019       321 PARcau 2.611193e-10 1.000000
   148   1       4323        238  8.246  16.492 101.5 14.036     4318      231     4329      247     11     16      4321       229      4329       231      4325       247      4317       245      4293       206      4354       272 PARcau 1.998658e-03 0.998001
   149   0       3984        285 10.296  27.785 209.5 60.255     3973      277     3998      295     25     18      3970       287      3994       273      3999       282      3975       296      3948       252      4023       320 PARcau 1.849420e-11 1.000000
   149   1       4324        235  7.826  19.679 117.5 26.565     4319      227     4331      246     12     19      4316       242      4325       225      4332       228      4323       246      4294       202      4356       271 PARcau 3.941942e-07 1.000000