 Frame  ID  CentroidX  CentroidY  Width  Length  Area  Angle  Box_TLX  Box_TLY  Box_BRX  Box_BRY  Box_W  Box_H  rBox_TLX  rBox_TLY  rBox_TRX  rBox_TRY  rBox_BRX  rBox_BRY  rBox_BLX  rBox_BLY  lBox_TLX  lBox_TLY  lBox_BRX  lBox_BRY  Label       NONpro   PARcau
    21   0       4025       2482 11.662  29.155 261.0 59.036     4017     2469     4035     2497     18     28      4022      2467      4037      2492      4027      2498      4012      2473      3992      2444      4060      2522 PARcau 5.761424e-11 1.000000
    21   1        678        411  5.657   8.485  38.0 45.000      675      407      683      416      8      9       677       406       683       412       679       416       673       410       650       382       708       441 PARcau 1.059688e-10 1.000000
    22   1        679        410  7.071  11.314  63.5 45.000      674      406      686      416     12     10       678       404       686       412       681       417       673       409       649       381       711       441 PARcau 2.573601e-09 1.000000
    22   0       4020       2474 11.180  29.069 259.0 63.435     4012     2461     4030     2488     18     27      4018      2458      4031      2484      4021      2489      4008      2463      3987      2436      4055      2513 PARcau 2.373918e-12 1.000000
    23   1        681        411  8.860  14.230  87.5 18.435      675      406      689      417     14     11       675       404       689       409       686       417       673       413       650       381       714       442 PARcau 6.944518e-05 0.999931
    23   0       4015       2465 11.180  29.069 260.0 63.435     4006     2452     4025     2479     19     27      4013      2449      4026      2475      4016      2480      4003      2454      3981      2427      4050      2504 PARcau 4.894425e-11 1.000000
    24   1        682        411  8.246  15.524  92.5 14.036      675      406      690      417     15     11       675       405       690       409       688       417       673       413       650       381       715       442 PARcau 1.172500e-04 0.999883
    24   0       4009       2457 12.298  28.623 251.0 63.435     4001     2444     4019     2471     18     27      4008      2441      4021      2466      4010      2472      3997      2446      3976      2419      4044      2496 PARcau 1.212651e-13 1.000000
    25   1        682        411  8.078  17.270  99.5 21.801      675      407      692      417     17     10       676       404       692       411       689       418       673       412       650       382       717       442 PARcau 1.637471e-05 0.999984
    25   0       4004       2449 12.083  29.069 246.0 63.435     3995     2437     4014     2462     19     25      4003      2433      4016      2459      4005      2464      3992      2438      3970      2412      4039      2487 PARcau 1.890444e-12 1.000000
    26   1        684        411  8.246  18.439 100.5 11.310      675      406      693      417     18     11       675       405       693       409       691       417       673       413       650       381       718       442 PARcau 2.756641e-04 0.999724
    26   0       3999       2442 11.715  27.409 244.0 51.340     3990     2430     4009     2455     19     25      3995      2427      4012      2449      4003      2456      3986      2435      3965      2405      4034      2480 PARcau 9.190192e-13 1.000000
    27   1        684        411  8.246  17.464 103.5 14.036      676      406      694      417     18     11       677       405       694       409       692       417       675       413       651       381       719       442 PARcau 6.011652e-05 0.999940
    27   0       3996       2438 12.093  28.040 248.0 59.036     3987     2427     4007     2451     20     24      3994      2423      4009      2447      3998      2453      3984      2429      3962      2402      4032      2476 PARcau 1.197667e-09 1.000000
    28   1        687        411  9.000  18.000  73.5  0.000      677      407      696      417     19     10       677       407       695       407       695       416       677       416       652       382       721       442 PARcau 1.754606e-04 0.999825
    28   0       3997       2436 12.349  27.212 247.0 70.017     3989     2424     4006     2450     17     26      3986      2425      3998      2421      4007      2446      3996      2451      3964      2399      4031      2475 PARcau 1.960109e-08 1.000000
    29   1        688        410  8.000  14.000  69.5 90.000      681      407      696      416     15      9       681       407       695       407       695       415       681       415       656       382       721       441 PARcau 1.007767e-05 0.999990
    29   0       3997       2432 11.281  28.147 246.5 77.471     3991     2419     4006     2447     15     28      3989      2420      4000      2417      4006      2445      3995      2447      3966      2394      4031      2472 PARcau 6.210615e-06 0.999994
    30   1        689        410  8.062  12.369  46.0 78.690      682      407      696      416     14      9       682       408       694       405       695       413       683       416       657       382       721       441 PARcau 9.997262e-06 0.999990
    30   0       3996       2425 11.180  27.459 241.5 78.690     3991     2412     4004     2440     13     28      3988      2412      3999      2410      4004      2437      3993      2439      3966      2387      4029      2465 PARcau 8.141947e-10 1.000000
    31   0       3996       2417 12.166  28.443 247.5 80.538     3990     2403     4003     2432     13     29      3987      2403      3999      2401      4004      2429      3992      2431      3965      2378      4028      2457 PARcau 8.460569e-07 0.999999
    32   0       3995       2408 11.000  28.000 238.5 90.000     3990     2394     4002     2423     12     29      3990      2394      4001      2394      4001      2422      3990      2422      3965      2369      4027      2448 PARcau 3.679666e-07 1.000000
    33   0       3994       2399 11.543  28.111 239.0 84.806     3988     2385     4001     2414     13     29      3987      2385      3998      2384      4001      2412      3989      2413      3963      2360      4026      2439 PARcau 1.282620e-06 0.999999
    34   0       3994       2396 11.402  26.683 233.0 75.964     3988     2383     4002     2410     14     27      3985      2384      3996      2381      4002      2407      3991      2410      3963      2358      4027      2435 PARcau 2.282174e-07 1.000000
    35   0       3994       2396 12.000  26.000 230.5 90.000     3989     2383     4002     2410     13     27      3989      2383      4001      2383      4001      2409      3989      2409      3964      2358      4027      2435 PARcau 3.093322e-07 1.000000
    36   0       3994       2396 11.673  27.372 222.0 80.538     3989     2382     4002     2410     13     28      3986      2383      3997      2381      4002      2408      3990      2410      3964      2357      4027      2435 PARcau 1.059855e-05 0.999989
    37   0       3994       2394 11.000  27.000 217.5 90.000     3989     2381     4001     2409     12     28      3989      2381      4000      2381      4000      2408      3989      2408      3964      2356      4026      2434 PARcau 5.946221e-05 0.999941
    38   0       3994       2391 11.000  28.000 207.0 90.000     3989     2377     4001     2406     12     29      3989      2377      4000      2377      4000      2405      3989      2405      3964      2352      4026      2431 PARcau 1.600584e-04 0.999840
    39   0       3994       2388 10.000  28.000 209.5 90.000     3989     2374     4000     2403     11     29      3989      2374      3999      2374      3999      2402      3989      2402      3964      2349      4025      2428 PARcau 1.121926e-03 0.998878
    39   1        700        412  5.852   7.433  31.5 18.435      697      409      705      417      8      8       698       408       705       411       703       416       696       414       672       384       730       442 PARcau 8.532172e-07 0.999999
    40   1        701        412  6.708   9.849  38.5 26.565      697      408      707      418     10     10       697       407       706       411       703       417       694       413       672       383       732       443 PARcau 7.792107e-09 1.000000
    40   0       3994       2385 10.607  27.866 180.0  9.462     3989     2372     4001     2401     12     29      3991      2371      4002      2373      3997      2400      3987      2399      3964      2347      4026      2426 PARcau 1.737817e-05 0.999983
    41   1        701        412  5.657   9.899  34.0 45.000      698      409      706      418      8      9       699       407       706       414       702       418       695       411       673       384       731       443 PARcau 1.135298e-09 1.000000
    41   0       3995       2381  8.559  28.111 152.0 85.601     3991     2370     4001     2399     10     29      3989      2370      3998      2369      4000      2397      3992      2398      3966      2345      4026      2424 PARcau 2.646412e-04 0.999735
    42   0       3995       2379 11.045  28.160 183.0  6.340     3989     2366     4001     2395     12     29      3990      2365      4001      2366      3998      2394      3987      2393      3964      2341      4026      2420 PARcau 1.189837e-06 0.999999
    43   0       3995       2375 11.000  27.000 200.0 90.000     3989     2363     4001     2391     12     28      3989      2363      4000      2363      4000      2390      3989      2390      3964      2338      4026      2416 PARcau 7.149356e-06 0.999993
    44   1        704        410  7.071   7.810  26.5 45.000      698      407      709      415     11      8       703       405       708       410       703       416       698       411       673       382       734       440 PARcau 1.552941e-05 0.999985
    44   0       3995       2371 11.673  28.359 219.5  9.462     3989     2359     4003     2387     14     28      3991      2357      4003      2359      3998      2387      3987      2385      3964      2334      4028      2412 PARcau 1.793648e-06 0.999998
    45   0       3996       2367 10.920  27.354 225.0 18.435     3989     2354     4004     2381     15     27      3995      2352      4005      2355      3997      2381      3986      2378      3964      2329      4029      2406 PARcau 1.448193e-10 1.000000
    45   1        707        409  8.062  14.142  64.5 82.875      700      406      715      415     15      9       699       406       713       404       714       412       700       414       675       381       740       440 PARcau 7.387427e-05 0.999926
    46   0       3997       2362 11.236  28.040 228.5 21.801     3990     2350     4006     2377     16     27      3997      2347      4007      2351      3997      2377      3986      2373      3965      2325      4031      2402 PARcau 1.350238e-09 1.000000
    46   1        709        409  8.062  18.111 101.5  5.711      700      405      719      415     19     10       700       404       718       406       717       414       699       412       675       380       744       440 PARcau 7.469362e-10 1.000000
    47   1        711        409  9.552  20.304 133.5  9.462      701      405      722      416     21     11       701       403       721       407       720       416       700       413       676       380       747       441 PARcau 1.291212e-07 1.000000
    47   0       3999       2358 11.180  29.069 243.0 26.565     3991     2346     4009     2373     18     27      3987      2369      4000      2343      4010      2348      3997      2374      3966      2321      4034      2398 PARcau 2.071574e-09 1.000000
    48   1        713        410  9.000  20.000 132.5 90.000      704      406      725      416     21     10       704       406       724       406       724       415       704       415       679       381       750       441 PARcau 6.788433e-04 0.999321
    48   0       4000       2355 11.180  27.295 230.5 26.565     3993     2343     4010     2369     17     26      3989      2364      4002      2340      4012      2345      3999      2369      3968      2318      4035      2394 PARcau 3.505231e-09 1.000000
    49   1        715        410  9.000  20.000 136.5 90.000      705      406      726      416     21     10       705       406       725       406       725       415       705       415       680       381       751       441 PARcau 3.835692e-05 0.999962
    49   0       4002       2351 11.236  28.040 237.5 30.964     3994     2339     4012     2365     18     26      3990      2360      4005      2336      4014      2342      4000      2366      3969      2314      4037      2390 PARcau 1.762312e-09 1.000000
    50   1        717        410  9.000  21.000 117.0 90.000      706      406      728      416     22     10       706       406       727       406       727       415       706       415       681       381       753       441 PARcau 3.518068e-04 0.999648
    50   0       4005       2346 11.102  28.430 238.5 33.690     3996     2334     4016     2359     20     25      3992      2354      4008      2331      4017      2337      4001      2361      3971      2309      4041      2384 PARcau 1.827818e-14 1.000000
    51   1        717        410  9.000  20.000 119.0 90.000      708      406      729      416     21     10       708       406       728       406       728       415       708       415       683       381       754       441 PARcau 6.048033e-05 0.999940
    51   0       4007       2341 11.236  27.735 245.5 33.690     3998     2331     4019     2354     21     23      3994      2350      4010      2327      4019      2333      4004      2356      3973      2306      4044      2379 PARcau 7.561821e-10 1.000000
    52   1        720        410  9.000  21.000  85.0 90.000      708      406      730      416     22     10       708       406       729       406       729       415       708       415       683       381       755       441 PARcau 5.793712e-04 0.999421
    52   0       4009       2338 12.021  27.577 245.0 45.000     4000     2328     4022     2351     22     23      3996      2344      4015      2324      4024      2333      4004      2352      3975      2303      4047      2376 PARcau 5.962909e-07 0.999999
    53   1        722        410  8.062  17.263  61.0 78.690      712      406      730      416     18     10       711       408       728       405       729       413       712       416       687       381       755       441 PARcau 6.888031e-07 0.999999
    53   0       4013       2335 11.314  28.284 247.5 45.000     4003     2325     4025     2347     22     22      3999      2341      4019      2321      4027      2329      4007      2349      3978      2300      4050      2372 PARcau 5.601271e-12 1.000000
    54   1        724        410  7.071  14.142  48.0 81.870      717      407      732      416     15      9       716       408       730       406       731       413       717       415       692       382       757       441 PARcau 2.360640e-03 0.997639
    54   0       4017       2331 11.402  28.425 242.5 50.194     4006     2321     4030     2342     24     21      4003      2335      4025      2317      4032      2326      4010      2344      3981      2296      4055      2367 PARcau 1.563531e-08 1.000000
    55   1        727        410  6.000  13.000  43.0 90.000      720      407      734      414     14      7       720       407       733       407       733       413       720       413       695       382       759       439 PARcau 3.673647e-03 0.996326
    55   0       4023       2326 11.402  28.425 255.5 51.340     4011     2317     4036     2337     25     20      4008      2331      4030      2313      4037      2322      4015      2340      3986      2292      4061      2362 PARcau 4.434236e-11 1.000000
    56   1        730        411  6.265  15.008  38.0 30.964      720      407      736      416     16      9       723       403       736       411       733       416       720       409       695       382       761       441 PARcau 3.980804e-06 0.999996
    56   0       4027       2322 12.500  28.814 257.0 51.340     4016     2313     4041     2333     25     20      4012      2326      4035      2308      4042      2318      4020      2336      3991      2288      4066      2358 PARcau 2.307776e-08 1.000000
    57   1        733        412  7.071  15.133  60.5  7.125      724      408      740      417     16      9       724       407       739       409       738       416       723       414       699       383       765       442 PARcau 5.062659e-07 1.000000
    57   0       4032       2319 12.083  28.178 248.5 63.435     4020     2312     4046     2329     26     17      4017      2320      4042      2307      4047      2318      4022      2331      3995      2287      4071      2354 PARcau 1.041756e-09 1.000000
    58   1        734        412  7.000  13.000  70.5 90.000      728      409      742      417     14      8       728       409       741       409       741       416       728       416       703       384       767       442 PARcau 1.586491e-04 0.999841
    58   0       4037       2317 12.083  27.731 251.0 63.435     4024     2310     4052     2326     28     16      4022      2317      4047      2305      4052      2316      4027      2328      3999      2285      4077      2351 PARcau 9.263001e-08 1.000000
    59   1        735        412  7.000  13.000  74.0 90.000      729      409      743      417     14      8       729       409       742       409       742       416       729       416       704       384       768       442 PARcau 2.931829e-07 1.000000
    59   0       4043       2315 11.673  28.745 255.0 77.471     4030     2310     4059     2324     29     14      4028      2313      4056      2306      4058      2318      4030      2324      4005      2285      4084      2349 PARcau 2.190014e-04 0.999781
    60   1        736        412  7.906  11.068  59.5 71.565      730      408      743      417     13      9       730       410       740       406       743       414       732       417       705       383       768       442 PARcau 3.087628e-05 0.999969
    60   0       4048       2315 11.000  27.000 241.0 90.000     4035     2310     4063     2322     28     12      4035      2310      4062      2310      4062      2321      4035      2321      4010      2285      4088      2347 PARcau 1.583322e-03 0.998417
    61   1        736        411  7.000  12.000  51.5 90.000      730      407      743      415     13      8       730       407       742       407       742       414       730       414       705       382       768       440 PARcau 1.625952e-07 1.000000
    61   0       4053       2315 12.000  28.000 245.5 90.000     4040     2310     4069     2323     29     13      4040      2310      4068      2310      4068      2322      4040      2322      4015      2285      4094      2348 PARcau 8.239409e-05 0.999918
    62   1        736        407  8.246   9.220  32.5 75.964      731      404      741      413     10      9       730       405       739       403       741       411       732       413       706       379       766       438 PARcau 1.723839e-06 0.999998
    62   0       4059       2315 12.042  27.166 239.5 84.289     4046     2310     4074     2323     28     13      4045      2311      4072      2308      4073      2320      4046      2323      4021      2285      4099      2348 PARcau 6.716121e-03 0.993284
    63   0       4065       2315 12.000  27.000 245.5 90.000     4052     2309     4080     2322     28     13      4052      2309      4079      2309      4079      2321      4052      2321      4027      2284      4105      2347 PARcau 2.809939e-03 0.997190
    64   0       4071       2315 12.000  27.000 253.5 90.000     4058     2309     4086     2322     28     13      4058      2309      4085      2309      4085      2321      4058      2321      4033      2284      4111      2347 PARcau 5.657974e-04 0.999434
    65   0       4075       2315 12.000  27.000 254.0 90.000     4063     2309     4091     2322     28     13      4063      2309      4090      2309      4090      2321      4063      2321      4038      2284      4116      2347 PARcau 1.005684e-03 0.998994
    66   0       4080       2314 12.369  26.683 237.5 14.036     4067     2308     4094     2323     27     15      4068      2305      4094      2311      4091      2323      4065      2317      4042      2283      4119      2348 PARcau 1.295462e-04 0.999870
    67   0       4085       2315 12.855  26.800 249.5 14.036     4073     2308     4099     2325     26     17      4074      2306      4100      2312      4097      2325      4071      2318      4048      2283      4124      2350 PARcau 1.709944e-08 1.000000
    68   0       4089       2317 12.083  26.833 235.0 26.565     4077     2310     4103     2327     26     17      4080      2306      4104      2318      4099      2329      4075      2317      4052      2285      4128      2352 PARcau 2.469940e-07 1.000000
    69   0       4093       2319 11.180  27.731 230.5 26.565     4081     2311     4107     2328     26     17      4083      2308      4108      2320      4103      2330      4078      2318      4056      2286      4132      2353 PARcau 5.598267e-09 1.000000
    70   0       4097       2321 11.662  27.785 238.0 30.964     4085     2312     4110     2331     25     19      4088      2308      4112      2322      4106      2332      4082      2318      4060      2287      4135      2356 PARcau 1.958104e-10 1.000000
    71   0       4101       2322 11.236  26.912 235.5 33.690     4089     2314     4114     2333     25     19      4093      2310      4115      2325      4109      2335      4087      2319      4064      2289      4139      2358 PARcau 5.577832e-14 1.000000
    72   0       4105       2325 11.314  26.870 228.5 45.000     4095     2316     4118     2337     23     21      4100      2312      4119      2331      4111      2339      4092      2320      4070      2291      4143      2362 PARcau 5.660453e-10 1.000000
    73   0       4109       2329 10.607  27.577 245.5 45.000     4099     2318     4121     2341     22     23      4103      2315      4123      2335      4115      2342      4096      2323      4074      2293      4146      2366 PARcau 4.654262e-10 1.000000
    74   0       4112       2332 11.314  26.870 232.0 45.000     4102     2322     4123     2345     21     23      4107      2319      4126      2338      4118      2346      4099      2327      4077      2297      4148      2370 PARcau 1.025827e-08 1.000000
    75   0       4115       2337 11.402  27.459 237.0 56.310     4106     2326     4125     2351     19     25      4112      2322      4127      2345      4118      2352      4103      2329      4081      2301      4150      2376 PARcau 1.378102e-11 1.000000
    76   0       4118       2343 11.180  27.731 243.0 63.435     4110     2331     4127     2357     17     26      4117      2328      4129      2353      4119      2358      4107      2333      4085      2306      4152      2382 PARcau 2.147294e-10 1.000000
    77   0       4120       2350 11.180  28.178 233.5 63.435     4114     2337     4129     2365     15     28      4119      2335      4132      2360      4122      2365      4109      2340      4089      2312      4154      2390 PARcau 4.395073e-06 0.999996
    78   0       4123       2358 11.402  28.160 237.5 74.055     4117     2345     4131     2373     14     28      4113      2346      4124      2343      4132      2370      4121      2373      4092      2320      4156      2398 PARcau 2.459482e-10 1.000000
    79   0       4125       2368 11.281  27.951 220.0 78.690     4119     2355     4132     2383     13     28      4117      2355      4128      2353      4133      2380      4122      2383      4094      2330      4157      2408 PARcau 4.638003e-09 1.000000
    80   0       4127       2377 10.050  27.459 223.0 80.538     4121     2364     4134     2392     13     28      4119      2364      4129      2363      4134      2390      4124      2391      4096      2339      4159      2417 PARcau 4.461521e-10 1.000000
    81   0       4128       2387 10.689  28.535 228.0 78.690     4123     2373     4135     2402     12     29      4120      2374      4131      2372      4136      2400      4126      2402      4098      2348      4160      2427 PARcau 2.856935e-07 1.000000
    82   0       4130       2396 10.000  27.000 216.0 90.000     4125     2383     4136     2411     11     28      4125      2383      4135      2383      4135      2410      4125      2410      4100      2358      4161      2436 PARcau 6.255860e-08 1.000000
    83   0       4132       2405 10.548  26.235 216.0 82.875     4127     2393     4139     2420     12     27      4125      2393      4135      2392      4139      2418      4128      2419      4102      2368      4164      2445 PARcau 1.954172e-05 0.999980
    84   0       4134       2414 11.281  26.968 211.5 78.690     4129     2401     4142     2428     13     27      4126      2402      4137      2399      4142      2426      4131      2428      4104      2376      4167      2453 PARcau 1.546844e-10 1.000000
    85   0       4137       2422 11.180  26.476 214.5 78.690     4131     2411     4145     2437     14     26      4129      2411      4140      2409      4145      2435      4134      2437      4106      2386      4170      2462 PARcau 5.424141e-10 1.000000
    86   0       4141       2431 11.068  26.879 217.5 71.565     4135     2419     4149     2445     14     26      4131      2420      4142      2417      4150      2442      4140      2446      4110      2394      4174      2470 PARcau 1.848339e-09 1.000000
    87   0       4144       2440 11.853  26.163 226.0 63.435     4138     2428     4153     2454     15     26      4144      2425      4155      2449      4145      2454      4133      2431      4113      2403      4178      2479 PARcau 6.923388e-09 1.000000
    88   0       4148       2448 11.180  25.942 226.5 63.435     4141     2436     4157     2461     16     25      4147      2434      4159      2457      4149      2462      4137      2439      4116      2411      4182      2486 PARcau 2.291872e-14 1.000000
    89   0       4149       2452 10.595  24.824 218.5 71.565     4143     2441     4158     2465     15     24      4140      2442      4150      2439      4158      2462      4148      2466      4118      2416      4183      2490 PARcau 1.923274e-09 1.000000
    90   0       4146       2452 11.000  23.000 208.5 90.000     4141     2441     4153     2465     12     24      4141      2441      4152      2441      4152      2464      4141      2464      4116      2416      4178      2490 PARcau 6.300669e-07 0.999999
    91   0       4143       2453 11.885  24.233 208.5 21.801     4136     2442     4151     2465     15     23      4142      2439      4153      2444      4144      2466      4133      2462      4111      2417      4176      2490 PARcau 3.794435e-09 1.000000
    92   0       4139       2453 11.314  23.345 201.5 45.000     4130     2444     4149     2464     19     20      4127      2457      4144      2441      4152      2449      4135      2465      4105      2419      4174      2489 PARcau 1.714827e-08 1.000000
    93   0       4136       2452 12.083  22.361 201.0 63.435     4127     2444     4148     2461     21     17      4124      2451      4144      2441      4149      2452      4129      2462      4102      2419      4173      2486 PARcau 3.168842e-05 0.999968
    94   0       4137       2448 12.000  20.000 183.0 90.000     4128     2442     4149     2455     21     13      4128      2442      4148      2442      4148      2454      4128      2454      4103      2417      4174      2480 PARcau 4.876794e-05 0.999951
    95   0       4139       2443 12.042  19.799 183.0 45.000     4132     2435     4149     2453     17     18      4137      2433      4151      2447      4142      2455      4128      2441      4107      2410      4174      2478 PARcau 1.294442e-04 0.999871
    96   0       4141       2440 11.543  22.142 184.5 83.660     4136     2430     4149     2453     13     23      4134      2430      4146      2429      4148      2451      4137      2452      4111      2405      4174      2478 PARcau 1.739903e-02 0.982601
    97   0       4144       2437 11.402  24.042 175.5 16.699     4138     2427     4152     2451     14     24      4142      2425      4153      2428      4146      2451      4135      2448      4113      2402      4177      2476 PARcau 2.561697e-07 1.000000
    98   0       4148       2435 10.630  24.083 168.5 41.186     4139     2426     4158     2445     19     19      4136      2441      4152      2423      4160      2430      4144      2448      4114      2401      4183      2470 PARcau 9.970186e-14 1.000000
    99   0       4152       2434 11.314  25.456 198.0 45.000     4141     2425     4164     2446     23     21      4139      2439      4157      2421      4165      2429      4147      2447      4116      2400      4189      2471 PARcau 6.340150e-12 1.000000
   100   0       4157       2431 12.298  25.045 211.5 63.435     4147     2422     4170     2441     23     19      4144      2431      4166      2420      4172      2431      4149      2442      4122      2397      4195      2466 PARcau 9.692666e-08 1.000000
   101   0       4164       2427 11.180  25.942 217.5 63.435     4153     2419     4176     2436     23     17      4150      2428      4173      2416      4178      2426      4155      2438      4128      2394      4201      2461 PARcau 1.033047e-07 1.000000
   102   0       4170       2423 11.853  26.163 222.5 63.435     4159     2415     4183     2433     24     18      4156      2424      4179      2412      4185      2423      4161      2434      4134      2390      4208      2458 PARcau 2.022020e-09 1.000000
   103   0       4175       2419 11.180  25.495 217.5 63.435     4164     2411     4188     2429     24     18      4162      2420      4185      2409      4190      2419      4167      2430      4139      2386      4213      2454 PARcau 7.611309e-10 1.000000
   104   0       4176       2418 11.927  25.656 221.5 56.310     4166     2409     4189     2428     23     19      4163      2420      4184      2406      4191      2416      4169      2430      4141      2384      4214      2453 PARcau 3.306610e-14 1.000000
   105   0       4178       2416 12.021  26.163 230.5 45.000     4167     2407     4190     2427     23     20      4164      2421      4183      2403      4191      2411      4173      2430      4142      2382      4215      2452 PARcau 8.253980e-10 1.000000
   106   0       4179       2414 10.700  27.102 222.5 51.340     4169     2405     4192     2425     23     20      4165      2418      4187      2402      4193      2410      4172      2427      4144      2380      4217      2450 PARcau 3.964777e-10 1.000000
   107   0       4182       2411 11.314  26.907 214.5 41.634     4172     2402     4194     2422     22     20      4169      2417      4187      2397      4195      2405      4177      2425      4147      2377      4219      2447 PARcau 4.578206e-11 1.000000
   108   0       4185       2408 11.314  26.870 214.5 45.000     4175     2398     4197     2419     22     21      4172      2413      4191      2394      4199      2402      4180      2421      4150      2373      4222      2444 PARcau 3.668294e-11 1.000000
   109   0       4189       2404 10.607  27.577 219.5 45.000     4179     2394     4201     2415     22     21      4176      2410      4195      2390      4203      2398      4183      2417      4154      2369      4226      2440 PARcau 2.051565e-12 1.000000
   110   0       4194       2399 10.817  27.459 229.0 56.310     4184     2390     4207     2410     23     20      4180      2402      4203      2387      4209      2396      4186      2411      4159      2365      4232      2435 PARcau 1.001224e-10 1.000000
   111   0       4200       2395 11.715  26.632 226.5 51.340     4190     2386     4213     2405     23     19      4187      2398      4207      2381      4215      2390      4194      2407      4165      2361      4238      2430 PARcau 5.319404e-09 1.000000
   112   0       4207       2390 11.180  26.833 232.5 63.435     4196     2382     4220     2400     24     18      4193      2391      4217      2379      4222      2389      4198      2401      4171      2357      4245      2425 PARcau 2.899876e-09 1.000000
   113   0       4214       2386 11.180  26.833 231.5 63.435     4203     2377     4227     2396     24     19      4200      2387      4224      2375      4229      2385      4205      2397      4178      2352      4252      2421 PARcau 2.217792e-12 1.000000
   114   0       4221       2380 11.180  26.833 232.5 63.435     4210     2372     4234     2390     24     18      4207      2382      4231      2370      4236      2380      4212      2392      4185      2347      4259      2415 PARcau 4.983858e-09 1.000000
   115   0       4228       2375 11.511  25.933 220.5 56.310     4218     2367     4241     2385     23     18      4214      2378      4236      2364      4242      2373      4221      2388      4193      2342      4266      2410 PARcau 4.140057e-07 1.000000
   116   0       4235       2370 11.314  24.759 216.5 45.000     4225     2362     4247     2380     22     18      4223      2375      4240      2357      4248      2365      4231      2383      4200      2337      4272      2405 PARcau 3.132642e-05 0.999969
   117   0       4243       2364 11.314  25.456 216.5 45.000     4233     2355     4255     2375     22     20      4230      2369      4248      2351      4256      2359      4238      2377      4208      2330      4280      2400 PARcau 1.057922e-07 1.000000
   118   0       4250       2358 11.314  25.456 217.5 45.000     4240     2349     4261     2369     21     20      4237      2363      4255      2345      4263      2353      4245      2371      4215      2324      4286      2394 PARcau 2.344325e-07 1.000000
   119   0       4256       2352 11.314  25.456 217.5 45.000     4247     2343     4268     2363     21     20      4244      2357      4262      2339      4270      2347      4252      2365      4222      2318      4293      2388 PARcau 7.011432e-05 0.999930
   120   0       4263       2346  9.899  26.870 228.5 45.000     4254     2336     4275     2358     21     22      4251      2352      4270      2333      4277      2340      4258      2359      4229      2311      4300      2383 PARcau 2.584384e-12 1.000000
   121   0       4270       2339 11.314  26.870 234.0 45.000     4261     2329     4282     2351     21     22      4257      2345      4276      2326      4284      2334      4265      2353      4236      2304      4307      2376 PARcau 4.276651e-05 0.999957
   122   0       4277       2333 11.314  26.870 230.0 45.000     4267     2322     4288     2345     21     23      4264      2339      4283      2320      4291      2328      4272      2347      4242      2297      4313      2370 PARcau 2.246659e-07 1.000000
   123   0       4283       2326 11.314  26.870 234.0 45.000     4274     2315     4294     2338     20     23      4270      2331      4289      2312      4297      2320      4278      2339      4249      2290      4319      2363 PARcau 3.048420e-09 1.000000
   124   0       4289       2319 11.314  26.870 239.0 45.000     4280     2308     4300     2332     20     24      4276      2324      4295      2305      4303      2313      4284      2332      4255      2283      4325      2357 PARcau 3.788692e-13 1.000000
   125   0       4295       2311 11.314  27.586 233.5 45.000     4287     2301     4307     2324     20     23      4282      2317      4302      2298      4310      2306      4290      2325      4262      2276      4332      2349 PARcau 2.491829e-12 1.000000
   126   0       4302       2304 11.102  27.609 234.0 35.538     4293     2293     4314     2316     21     23      4290      2311      4306      2289      4315      2295      4299      2318      4268      2268      4339      2341 PARcau 4.396912e-07 1.000000
   127   0       4310       2297 11.402  27.803 241.0 36.870     4300     2286     4322     2309     22     23      4297      2304      4314      2282      4323      2289      4306      2311      4275      2261      4347      2334 PARcau 7.542547e-10 1.000000
   128   0       4317       2290  9.899  28.284 240.5 45.000     4307     2279     4329     2302     22     23      4304      2296      4324      2276      4331      2283      4311      2303      4282      2254      4354      2327 PARcau 1.085249e-08 1.000000
   129   0       4325       2282 11.314  28.284 242.0 45.000     4315     2272     4337     2294     22     22      4311      2288      4331      2268      4339      2276      4319      2296      4290      2247      4362      2319 PARcau 3.350656e-15 1.000000
   130   0       4332       2276 10.607  27.577 236.0 45.000     4322     2266     4344     2288     22     22      4318      2282      4338      2263      4345      2270      4326      2290      4297      2241      4369      2313 PARcau 1.122125e-08 1.000000
   131   0       4339       2270 11.314  26.870 236.5 45.000     4329     2260     4352     2281     23     21      4326      2275      4345      2256      4353      2264      4334      2283      4304      2235      4377      2306 PARcau 7.211841e-13 1.000000
   132   0       4346       2263 11.314  27.586 232.0 45.000     4336     2253     4358     2274     22     21      4333      2269      4352      2249      4360      2257      4341      2277      4311      2228      4383      2299 PARcau 2.353656e-12 1.000000
   133   0       4352       2257 11.314  26.870 234.0 45.000     4342     2247     4364     2268     22     21      4339      2262      4358      2243      4366      2251      4347      2270      4317      2222      4389      2293 PARcau 1.515343e-08 1.000000
   134   0       4359       2250 12.728  28.284 249.0 45.000     4349     2239     4371     2262     22     23      4345      2256      4365      2236      4374      2245      4354      2265      4324      2214      4396      2287 PARcau 5.878916e-10 1.000000
   135   0       4365       2243 11.314  26.870 236.0 45.000     4356     2233     4376     2255     20     22      4352      2249      4371      2230      4379      2238      4360      2257      4331      2208      4401      2280 PARcau 2.359438e-11 1.000000
   136   0       4370       2238 11.314  26.173 234.5 45.000     4361     2227     4382     2249     21     22      4358      2243      4376      2224      4384      2232      4366      2251      4336      2202      4407      2274 PARcau 2.981589e-08 1.000000
   137   0       4373       2236 11.314  26.173 231.5 45.000     4364     2226     4385     2247     21     21      4361      2241      4379      2222      4387      2230      4369      2249      4339      2201      4410      2272 PARcau 2.659839e-07 1.000000
   138   0       4376       2236 11.662  27.785 251.5 59.036     4364     2227     4389     2247     25     20      4361      2238      4385      2224      4391      2234      4367      2248      4339      2202      4414      2272 PARcau 2.950622e-07 1.000000
   139   0       4379       2237 11.885  28.022 247.5 74.055     4366     2231     4394     2246     28     15      4364      2236      4391      2228      4394      2240      4367      2247      4341      2206      4419      2271 PARcau 2.531070e-08 1.000000
   140   0       4385       2238 11.000  28.000 239.5 90.000     4372     2234     4401     2246     29     12      4372      2234      4400      2234      4400      2245      4372      2245      4347      2209      4426      2271 PARcau 6.811663e-05 0.999932
   141   0       4394       2239 11.000  28.000 249.5 90.000     4380     2234     4409     2246     29     12      4380      2234      4408      2234      4408      2245      4380      2245      4355      2209      4434      2271 PARcau 1.423327e-04 0.999858
   142   0       4403       2239 10.000  28.000 241.0 90.000     4390     2235     4419     2246     29     11      4390      2235      4418      2235      4418      2245      4390      2245      4365      2210      4444      2271 PARcau 1.768118e-06 0.999998
   143   0       4413       2239 11.000  29.000 256.5 90.000     4399     2234     4429     2246     30     12      4399      2234      4428      2234      4428      2245      4399      2245      4374      2209      4454      2271 PARcau 6.031555e-05 0.999940
   144   0       4423       2238 11.000  29.000 253.5 90.000     4409     2233     4439     2245     30     12      4409      2233      4438      2233      4438      2244      4409      2244      4384      2208      4464      2270 PARcau 5.848090e-05 0.999941
   145   0       4433       2237 11.102  28.935 251.0 80.538     4419     2232     4448     2245     29     13      4418      2234      4446      2229      4448      2240      4419      2245      4394      2207      4473      2270 PARcau 3.618600e-06 0.999996
   146   0       4443       2236 11.885  29.517 256.0 78.690     4429     2231     4459     2244     30     13      4427      2233      4456      2228      4459      2239      4430      2245      4404      2206      4484      2269 PARcau 1.827978e-08 1.000000
   147   0       4453       2235 11.885  28.535 245.0 78.690     4440     2230     4469     2243     29     13      4438      2232      4466      2226      4469      2238      4441      2243      4415      2205      4494      2268 PARcau 3.918997e-06 0.999996
   148   0       4463       2234 11.000  27.000 237.5 90.000     4450     2229     4478     2241     28     12      4450      2229      4477      2229      4477      2240      4450      2240      4425      2204      4503      2266 PARcau 1.444792e-08 1.000000
   149   0       4472       2233 12.000  26.000 244.5 90.000     4460     2228     4487     2241     27     13      4460      2228      4486      2228      4486      2240      4460      2240      4435      2203      4512      2266 PARcau 7.944453e-04 0.999206