 Frame  ID  CentroidX  CentroidY  Width  Length  Area  Angle  Box_TLX  Box_TLY  Box_BRX  Box_BRY  Box_W  Box_H  rBox_TLX  rBox_TLY  rBox_TRX  rBox_TRY  rBox_BRX  rBox_BRY  rBox_BLX  rBox_BLY  lBox_TLX  lBox_TLY  lBox_BRX  lBox_BRY  Label       NONpro   PARcau
    29   0       1204        269 10.630  26.249 214.0 50.194     1194      260     1217      280     23     20      1191       274      1211       257      1218       265      1198       282      1169       235      1242       305 PARcau 1.766928e-11 1.000000
    30   0       1200        273 11.102  26.800 215.5 53.130     1189      264     1212      283     23     19      1186       277      1207       261      1214       270      1192       286      1164       239      1237       308 PARcau 5.030557e-10 1.000000
    31   0       1195        277 10.817  26.926 224.5 59.036     1182      269     1208      286     26     17      1180       280      1203       266      1209       275      1186       289      1157       244      1233       311 PARcau 4.010074e-10 1.000000
    32   0       1189        281 10.512  26.163 211.0 63.435     1177      274     1202      289     25     15      1175       282      1199       271      1203       280      1180       292      1152       249      1227       314 PARcau 3.804631e-09 1.000000
    33   0       1183        284 10.794  27.286 216.0 75.964     1170      278     1197      291     27     13      1168       282      1195       275      1197       286      1171       292      1145       253      1222       316 PARcau 1.248491e-05 0.999987
    34   0       1177        287 10.595  27.391 209.5 69.444     1164      281     1191      294     27     13      1162       287      1188       277      1191       287      1166       297      1139       256      1216       319 PARcau 1.692065e-07 1.000000
    35   0       1170        289 10.440  27.514 213.5 71.565     1157      283     1184      297     27     14      1155       289      1181       280      1184       290      1158       299      1132       258      1209       322 PARcau 6.878165e-06 0.999993
    36   0       1161        292 10.607  26.879 209.5 80.538     1148      286     1175      299     27     13      1147       289      1173       284      1175       295      1148       299      1123       261      1200       324 PARcau 3.083720e-08 1.000000
    37   0       1150        293 10.607  27.866 223.5 80.538     1137      288     1165      300     28     12      1136       290      1163       286      1165       296      1137       301      1112       263      1190       325 PARcau 1.323876e-07 1.000000
    38   0       1139        294 10.000  27.000 220.0 90.000     1126      290     1154      301     28     11      1126       290      1153       290      1153       300      1126       300      1101       265      1179       326 PARcau 1.060170e-08 1.000000
    39   0       1129        295 10.000  27.000 215.5 90.000     1115      290     1143      301     28     11      1115       290      1142       290      1142       300      1115       300      1090       265      1168       326 PARcau 5.473372e-06 0.999995
    40   0       1117        295 10.000  27.000 211.5 90.000     1104      290     1132      301     28     11      1104       290      1131       290      1131       300      1104       300      1079       265      1157       326 PARcau 1.788962e-04 0.999821
    41   0       1107        295 10.000  26.000 213.0 90.000     1094      290     1121      301     27     11      1094       290      1120       290      1120       300      1094       300      1069       265      1146       326 PARcau 2.836414e-09 1.000000
    42   0       1097        294 10.000  26.000 215.5 90.000     1084      290     1111      301     27     11      1084       290      1110       290      1110       300      1084       300      1059       265      1136       326 PARcau 1.768180e-05 0.999982
    43   0       1091        294 11.000  25.000 221.5 90.000     1078      289     1104      301     26     12      1078       289      1103       289      1103       300      1078       300      1053       264      1129       326 PARcau 1.990858e-03 0.998009
    44   0       1091        293 11.000  24.000 198.5 90.000     1079      288     1104      300     25     12      1079       288      1103       288      1103       299      1079       299      1054       263      1129       325 PARcau 1.481885e-03 0.998518
    45   0       1095        294 12.000  18.000 155.0 90.000     1087      288     1106      301     19     13      1087       288      1105       288      1105       300      1087       300      1062       263      1131       326 PARcau 1.760586e-04 0.999824
    46   0       1101        294 12.349  14.577 126.0 30.964     1094      287     1109      303     15     16      1100       284      1110       291      1103       303      1092       297      1069       262      1134       328 PARcau 1.010484e-02 0.989895
    47   0       1105        296 11.180  19.235 154.5 60.255     1099      288     1114      306     15     18      1096       290      1106       285      1115       302      1105       307      1074       263      1139       331 PARcau 2.819958e-05 0.999972
    48   0       1111        299 10.630  24.042 180.5 45.000     1101      290     1121      309     20     19      1106       287      1123       304      1115       311      1098       294      1076       265      1146       334 PARcau 6.080667e-08 1.000000
    49   0       1118        303 10.817  26.077 202.5 33.690     1106      295     1130      313     24     18      1109       291      1131       305      1125       314      1103       300      1081       270      1155       338 PARcau 1.547733e-10 1.000000
    50   0       1126        308 10.817  26.627 195.5 33.690     1115      299     1138      317     23     18      1117       295      1139       310      1133       319      1111       304      1090       274      1163       342 PARcau 2.081580e-12 1.000000
    51   0       1133        313 10.630  27.019 218.0 38.660     1122      304     1146      323     24     19      1126       300      1147       317      1140       325      1119       308      1097       279      1171       348 PARcau 1.217330e-13 1.000000
    52   0       1141        318 10.630  26.870 231.5 45.000     1131      309     1153      330     22     21      1135       305      1154       324      1147       332      1128       313      1106       284      1178       355 PARcau 1.252399e-13 1.000000
    53   0       1147        323 10.630  26.870 225.5 45.000     1137      313     1158      335     21     22      1141       310      1160       329      1153       337      1134       318      1112       288      1183       360 PARcau 2.226359e-11 1.000000
    54   0       1146        323 11.102  27.042 225.5 56.310     1138      312     1157      336     19     24      1143       309      1158       331      1149       338      1134       315      1113       287      1182       361 PARcau 1.196257e-11 1.000000
    55   0       1142        321 11.180  24.331 206.5 80.538     1136      310     1150      334     14     24      1134       310      1145       308      1149       332      1138       334      1111       285      1175       359 PARcau 1.822478e-05 0.999982
    56   0       1138        321 11.853  21.691 182.5 26.565     1131      311     1147      332     16     21      1138       308      1149       314      1139       333      1129       328      1106       286      1172       357 PARcau 1.275191e-05 0.999987
    57   0       1133        322 11.511  23.717 193.0 56.310     1123      314     1145      331     22     17      1120       323      1140       310      1146       319      1127       333      1098       289      1170       356 PARcau 6.023691e-11 1.000000
    58   0       1126        323 10.198  25.495 204.0 78.690     1114      317     1140      330     26     13      1113       320      1138       315      1140       325      1115       330      1089       292      1165       355 PARcau 6.196241e-07 0.999999
    59   0       1120        322 10.000  26.000 202.5 90.000     1108      317     1135      328     27     11      1108       317      1134       317      1134       327      1108       327      1083       292      1160       353 PARcau 1.796287e-07 1.000000
    60   0       1116        321 10.000  26.000 202.0 90.000     1104      316     1131      327     27     11      1104       316      1130       316      1130       326      1104       326      1079       291      1156       352 PARcau 2.405861e-05 0.999976
    61   0       1113        321 10.000  26.000 205.5 90.000     1101      316     1128      327     27     11      1101       316      1127       316      1127       326      1101       326      1076       291      1153       352 PARcau 2.971264e-07 1.000000
    62   0       1112        321 11.045  26.173 204.5 84.289     1099      316     1126      328     27     12      1098       317      1124       314      1125       325      1099       328      1074       291      1151       353 PARcau 8.713911e-05 0.999913
    63   0       1110        321 10.000  26.000 201.5 90.000     1097      317     1124      328     27     11      1097       317      1123       317      1123       327      1097       327      1072       292      1149       353 PARcau 3.639166e-06 0.999996
    64   0       1108        321 10.000  25.000 178.0 90.000     1096      317     1122      328     26     11      1096       317      1121       317      1121       327      1096       327      1071       292      1147       353 PARcau 1.777999e-08 1.000000
    65   0       1106        320  9.618  25.739 149.0  8.130     1095      316     1121      327     26     11      1095       315      1120       318      1119       328      1093       324      1070       291      1146       352 PARcau 2.283973e-07 1.000000
    66   0       1102        320  9.220  24.739 124.0 13.241     1093      315     1118      327     25     12      1093       313      1117       319      1115       328      1091       322      1068       290      1143       352 PARcau 8.703773e-09 1.000000
    67   0       1099        319  8.544  26.249 122.5 17.354     1090      314     1116      327     26     13      1091       312      1116       320      1113       328      1088       320      1065       289      1141       352 PARcau 1.286419e-10 1.000000
    68   0       1095        318  9.487  26.249 149.5 18.435     1086      313     1111      326     25     13      1086       311      1111       319      1108       328      1083       320      1061       288      1136       351 PARcau 2.605781e-09 1.000000
    69   0       1091        317  9.849  26.000 164.0 23.199     1082      310     1107      325     25     15      1083       309      1107       319      1103       328      1079       318      1057       285      1132       350 PARcau 6.624663e-13 1.000000
    70   0       1089        315  9.708  26.215 158.5 35.538     1080      308     1104      325     24     17      1082       305      1103       320      1098       328      1076       313      1055       283      1129       350 PARcau 1.506701e-07 1.000000
    71   0       1087        314 10.000  25.807 180.5 36.870     1077      306     1100      324     23     18      1079       303      1100       318      1094       326      1073       311      1052       281      1125       349 PARcau 5.131596e-10 1.000000
    72   0       1083        312  9.862  26.669 192.5 30.964     1073      304     1096      322     23     18      1074       301      1097       315      1092       323      1069       310      1048       279      1121       347 PARcau 1.232561e-09 1.000000
    73   0       1078        309 10.000  26.401 205.0 36.870     1068      300     1091      320     23     20      1071       297      1092       313      1086       321      1065       305      1043       275      1116       345 PARcau 1.013128e-11 1.000000
    74   0       1075        306 10.000  26.401 196.0 38.660     1065      297     1087      316     22     19      1067       294      1088       310      1082       318      1061       302      1040       272      1112       341 PARcau 2.514113e-07 1.000000
    75   0       1071        303  9.899  25.456 201.0 45.000     1061      294     1083      314     22     20      1065       291      1083       309      1076       316      1058       298      1036       269      1108       339 PARcau 3.804923e-08 1.000000
    76   0       1066        300 10.308  26.632 202.0 39.806     1057      291     1078      312     21     21      1059       288      1079       305      1073       313      1052       296      1032       266      1103       337 PARcau 9.015778e-12 1.000000
    77   0       1061        296  9.899  25.456 207.0 45.000     1052      286     1073      308     21     22      1056       284      1074       302      1067       309      1049       291      1027       261      1098       333 PARcau 3.106090e-09 1.000000
    78   0       1057        292  9.899  25.456 208.5 45.000     1048      282     1068      304     20     22      1051       280      1069       298      1062       305      1044       287      1023       257      1093       329 PARcau 1.244496e-08 1.000000
    79   0       1052        287  9.899  26.870 209.5 45.000     1043      277     1063      299     20     22      1046       275      1065       294      1058       301      1039       282      1018       252      1088       324 PARcau 6.164542e-14 1.000000
    80   0       1048        283  9.899  26.870 206.5 45.000     1039      273     1059      295     20     22      1042       271      1061       290      1054       297      1035       278      1014       248      1084       320 PARcau 5.023522e-09 1.000000
    81   0       1045        281  9.899  26.173 213.5 45.000     1036      270     1056      293     20     23      1039       268      1058       286      1051       293      1032       275      1011       245      1081       318 PARcau 7.342078e-11 1.000000
    82   0       1041        277 11.102  26.800 215.5 53.130     1033      267     1052      290     19     23      1038       264      1054       285      1045       292      1029       270      1008       242      1077       315 PARcau 6.237765e-06 0.999994
    83   0       1039        275 10.308  27.409 204.0 53.130     1030      264     1049      287     19     23      1034       261      1051       282      1043       289      1026       267      1005       239      1074       312 PARcau 1.755785e-07 1.000000
    84   0       1036        272 10.308  26.632 204.0 51.340     1028      262     1047      285     19     23      1032       259      1049       279      1041       286      1024       265      1003       237      1072       310 PARcau 5.551732e-10 1.000000
    85   0       1035        270  9.899  25.456 207.0 45.000     1026      260     1045      283     19     23      1029       258      1047       276      1040       283      1022       265      1001       235      1070       308 PARcau 1.731910e-05 0.999983
   128   1       4988       1242  7.071  16.971  83.0 45.000     4983     1236     4995     1250     12     14      4980      1246      4992      1234      4997      1239      4985      1251      4958      1211      5020      1275 PARcau 3.281950e-06 0.999997
   129   1       4982       1250  7.071  15.556  80.5 45.000     4977     1245     4989     1258     12     13      4974      1253      4985      1242      4990      1247      4979      1258      4952      1220      5014      1283 PARcau 8.304587e-06 0.999992
   130   1       4977       1258  7.778  14.849  80.0 45.000     4973     1252     4984     1266     11     14      4970      1261      4980      1250      4986      1256      4975      1266      4948      1227      5009      1291 PARcau 1.876123e-07 1.000000
   131   1       4973       1267  6.708  14.765  72.0 26.565     4969     1261     4979     1275     10     14      4967      1272      4974      1259      4980      1262      4973      1275      4944      1236      5004      1300 PARcau 1.539595e-06 0.999998
   132   1       4970       1276  6.708  14.318  72.5 26.565     4966     1270     4976     1284     10     14      4970      1268      4976      1271      4970      1284      4964      1281      4941      1245      5001      1309 PARcau 4.099237e-07 1.000000
   133   1       4967       1284  7.382  14.983  86.5 26.565     4963     1277     4974     1292     11     15      4967      1275      4974      1279      4967      1292      4961      1289      4938      1252      4999      1317 PARcau 4.109926e-06 0.999996
   134   1       4966       1290  7.159  14.534  84.0 26.565     4961     1284     4972     1298     11     14      4966      1282      4972      1285      4966      1298      4959      1295      4936      1259      4997      1323 PARcau 2.074509e-06 0.999998
   135   1       4963       1296  6.708  15.652  77.5 26.565     4958     1290     4969     1304     11     14      4956      1301      4963      1287      4969      1290      4962      1304      4933      1265      4994      1329 PARcau 2.809628e-05 0.999972
   136   1       4959       1302  7.632  16.378  88.5 30.964     4955     1296     4966     1311     11     15      4952      1307      4960      1293      4967      1297      4958      1311      4930      1271      4991      1336 PARcau 6.909446e-07 0.999999
   137   1       4956       1308  8.500  15.882  94.0 26.565     4952     1302     4963     1317     11     15      4956      1299      4964      1303      4956      1317      4949      1313      4927      1277      4988      1342 PARcau 2.151482e-07 1.000000
   138   1       4953       1314  7.906  15.116  85.5 33.690     4948     1308     4960     1322     12     14      4945      1318      4954      1306      4960      1310      4952      1323      4923      1283      4985      1347 PARcau 9.531169e-07 0.999999
   139   1       4949       1321  7.500  16.008  86.5 36.870     4944     1314     4955     1329     11     15      4941      1325      4951      1312      4957      1317      4947      1329      4919      1289      4980      1354 PARcau 2.334800e-06 0.999998
   140   1       4945       1327  8.062  15.652  87.5 26.565     4940     1321     4952     1335     12     14      4945      1318      4952      1322      4945      1336      4938      1332      4915      1296      4977      1360 PARcau 1.304232e-05 0.999987
   141   1       4939       1334  7.071  15.556  85.0 45.000     4934     1328     4946     1342     12     14      4931      1337      4942      1326      4947      1331      4936      1342      4909      1303      4971      1367 PARcau 4.349387e-06 0.999996
   142   1       4932       1342  7.071  16.971  95.0 45.000     4927     1336     4940     1351     13     15      4924      1346      4936      1334      4941      1339      4929      1351      4902      1311      4965      1376 PARcau 3.414034e-07 1.000000
   143   1       4927       1350  7.810  16.401  86.0 36.870     4921     1344     4934     1358     13     14      4919      1354      4929      1341      4935      1346      4925      1359      4896      1319      4959      1383 PARcau 3.488352e-08 1.000000
   144   1       4920       1358  7.810  16.401  94.5 38.660     4915     1352     4927     1367     12     15      4912      1362      4922      1349      4928      1354      4918      1367      4890      1327      4952      1392 PARcau 1.675144e-08 1.000000
   145   1       4914       1366  7.500  16.800  89.0 36.870     4909     1360     4922     1375     13     15      4907      1371      4917      1357      4923      1362      4913      1375      4884      1335      4947      1400 PARcau 7.422474e-08 1.000000
   146   1       4909       1375  7.382  14.983  85.5 26.565     4905     1369     4916     1383     11     14      4910      1367      4916      1370      4910      1384      4903      1380      4880      1344      4941      1408 PARcau 1.817525e-06 0.999998
   147   1       4905       1384  6.708  16.553  88.5 26.565     4901     1377     4912     1392     11     15      4899      1390      4906      1375      4912      1378      4905      1393      4876      1352      4937      1417 PARcau 6.395668e-07 0.999999
   148   1       4902       1394  9.000  15.000  95.0 90.000     4898     1387     4908     1403     10     16      4898      1387      4907      1387      4907      1402      4898      1402      4873      1362      4933      1428 PARcau 2.665787e-06 0.999997
   149   1       4899       1403  8.500  16.771 101.0 26.565     4895     1395     4906     1412     11     17      4899      1393      4907      1397      4899      1412      4892      1408      4870      1370      4931      1437 PARcau 1.252627e-07 1.000000