 Frame  ID  CentroidX  CentroidY  Width  Length  Area  Angle  Box_TLX  Box_TLY  Box_BRX  Box_BRY  Box_W  Box_H  rBox_TLX  rBox_TLY  rBox_TRX  rBox_TRY  rBox_BRX  rBox_BRY  rBox_BLX  rBox_BLY  lBox_TLX  lBox_TLY  lBox_BRX  lBox_BRY  Label       NONpro   PARcau
    21   0       2131       1186  9.000  21.000 148.0 90.000     2127     1176     2137     1198     10     22      2127      1176      2136      1176      2136      1197      2127      1197      2102      1151      2162      1223 PARcau 3.114549e-07 1.000000
    21   1       3850        576  9.394  25.715 171.5 26.565     3839      570     3863      584     24     14      3841       566      3864       578      3860       586      3837       575      3814       545      3888       609 PARcau 2.267505e-14 1.000000
    22   0       2133       1177  9.000  21.000 145.0 90.000     2129     1167     2139     1189     10     22      2129      1167      2138      1167      2138      1188      2129      1188      2104      1142      2164      1214 PARcau 8.942202e-09 1.000000
    22   1       3859        580  8.944  24.597 158.5 26.565     3849      574     3871      588     22     14      3850       571      3872       582      3868       590      3846       579      3824       549      3896       613 PARcau 3.125953e-09 1.000000
    23   0       2135       1168  9.000  21.000 144.0 90.000     2131     1158     2141     1180     10     22      2131      1158      2140      1158      2140      1179      2131      1179      2106      1133      2166      1205 PARcau 2.926156e-04 0.999707
    23   1       3868        585  8.944  24.597 164.5 26.565     3857      579     3881      593     24     14      3859       575      3881       586      3877       594      3855       583      3832       554      3906       618 PARcau 8.465990e-11 1.000000
    24   0       2137       1159  9.000  21.000 149.5 90.000     2133     1149     2143     1171     10     22      2133      1149      2142      1149      2142      1170      2133      1170      2108      1124      2168      1196 PARcau 1.375961e-09 1.000000
    24   1       3877        589  8.944  24.597 175.0 26.565     3866      583     3890      597     24     14      3868       580      3890       591      3886       599      3864       588      3841       558      3915       622 PARcau 1.227232e-08 1.000000
    25   0       2139       1151  9.000  20.000 146.0 90.000     2135     1141     2145     1162     10     21      2135      1141      2144      1141      2144      1161      2135      1161      2110      1116      2170      1187 PARcau 8.081306e-08 1.000000
    25   1       3886        593  8.944  23.707 160.5 26.565     3875      587     3898      601     23     14      3877       584      3898       595      3894       603      3873       592      3850       562      3923       626 PARcau 1.170763e-07 1.000000
    26   0       2141       1142  9.000  20.000 143.5 90.000     2137     1132     2147     1153     10     21      2137      1132      2146      1132      2146      1152      2137      1152      2112      1107      2172      1178 PARcau 1.956014e-06 0.999998
    26   1       3895        597  9.192  25.348 163.5 21.801     3884      591     3908      604     24     13      3885       588      3908       598      3905       606      3881       597      3859       566      3933       629 PARcau 1.438262e-08 1.000000
    27   1       3904        600  8.544  23.770 153.0 23.199     3894      595     3917      607     23     12      3895       592      3917       601      3914       609      3892       600      3869       570      3942       632 PARcau 3.399451e-11 1.000000
    27   0       2143       1132  8.631  20.988 142.0 11.310     2138     1123     2149     1144     11     21      2141      1122      2149      1123      2145      1144      2136      1142      2113      1098      2174      1169 PARcau 5.549430e-07 0.999999
    28   1       3913        603  8.732  24.233 163.0 21.801     3903      598     3927      610     24     12      3904       595      3927       604      3923       612      3901       603      3878       573      3952       635 PARcau 1.280640e-08 1.000000
    28   0       2144       1123  9.124  20.887 137.0 11.310     2140     1114     2151     1135     11     21      2142      1112      2151      1114      2147      1134      2138      1133      2115      1089      2176      1160 PARcau 5.079842e-08 1.000000
    29   0       2146       1114  9.000  21.000 142.5 90.000     2142     1104     2152     1126     10     22      2142      1104      2151      1104      2151      1125      2142      1125      2117      1079      2177      1151 PARcau 1.524600e-11 1.000000
    29   1       3922        606  8.860  23.717 163.5 18.435     3912      601     3935      614     23     13      3913       598      3935       606      3933       614      3910       607      3887       576      3960       639 PARcau 6.569047e-10 1.000000
    30   0       2148       1105  9.124  21.869 155.0 11.310     2143     1095     2154     1117     11     22      2145      1094      2154      1095      2150      1117      2141      1115      2118      1070      2179      1142 PARcau 5.401399e-09 1.000000
    30   1       3931        610  8.500  23.479 151.0 26.565     3921      604     3944      617     23     13      3923       601      3944       612      3940       619      3919       609      3896       579      3969       642 PARcau 2.472254e-08 1.000000
    31   0       2149       1096  9.487  21.587 149.0 14.036     2144     1086     2155     1108     11     22      2147      1084      2156      1087      2151      1108      2142      1105      2119      1061      2180      1133 PARcau 1.614259e-07 1.000000
    31   1       3941        614  8.944  24.597 161.5 26.565     3930      608     3953      622     23     14      3932       605      3954       616      3950       624      3928       613      3905       583      3978       647 PARcau 1.625059e-11 1.000000
    32   0       2150       1087  9.618  21.783 149.5  9.462     2146     1077     2157     1099     11     22      2147      1075      2157      1077      2153      1098      2144      1097      2121      1052      2182      1124 PARcau 1.719132e-10 1.000000
    32   1       3949        618  8.944  24.597 171.5 26.565     3938      612     3962      627     24     15      3940       609      3962       620      3958       628      3936       617      3913       587      3987       652 PARcau 1.052532e-11 1.000000
    33   1       3956        623  9.849  24.597 164.5 26.565     3947      616     3969      632     22     16      3948       613      3970       624      3966       633      3944       622      3922       591      3994       657 PARcau 5.067810e-09 1.000000
    33   0       2151       1078  9.000  20.000 144.0 90.000     2147     1068     2157     1089     10     21      2147      1068      2156      1068      2156      1088      2147      1088      2122      1043      2182      1114 PARcau 5.935525e-09 1.000000
    34   0       2153       1069  9.124  21.869 152.0 11.310     2148     1059     2159     1081     11     22      2150      1057      2159      1059      2155      1080      2146      1079      2123      1034      2184      1106 PARcau 2.303855e-06 0.999998
    34   1       3965        628  8.944  23.707 153.0 26.565     3955      622     3977      637     22     15      3957       619      3978       630      3974       638      3953       627      3930       597      4002       662 PARcau 5.658637e-11 1.000000
    35   0       2154       1060  9.000  21.000 149.0 90.000     2150     1050     2160     1072     10     22      2150      1050      2159      1050      2159      1071      2150      1071      2125      1025      2185      1097 PARcau 1.525866e-07 1.000000
    35   1       3973        633  9.394  23.479 157.5 26.565     3964      627     3985      642     21     15      3965       624      3986       634      3982       643      3961       632      3939       602      4010       667 PARcau 1.271119e-10 1.000000
    36   0       2155       1051  9.055  21.378 149.5  9.462     2151     1041     2162     1063     11     22      2153      1040      2162      1041      2158      1062      2149      1061      2126      1016      2187      1088 PARcau 5.524785e-07 0.999999
    36   1       3982        638  8.602  24.413 164.5 33.690     3972      631     3994      647     22     16      3974       628      3994       642      3989       649      3969       635      3947       606      4019       672 PARcau 2.120196e-12 1.000000
    37   0       2157       1043  9.220  21.378 139.0 11.310     2153     1032     2163     1054     10     22      2155      1031      2164      1033      2160      1054      2151      1052      2128      1007      2188      1079 PARcau 4.353256e-07 1.000000
    37   1       3990        643  8.944  23.707 153.0 26.565     3981      637     4002      651     21     14      3982       634      4003       645      3999       653      3978       642      3956       612      4027       676 PARcau 1.700113e-12 1.000000
    38   0       2160       1033  9.000  20.000 135.5 90.000     2156     1024     2166     1045     10     21      2156      1024      2165      1024      2165      1044      2156      1044      2131       999      2191      1070 PARcau 4.945905e-06 0.999995
    38   1       3999        647  8.944  22.361 152.5 26.565     3989      641     4011      655     22     14      3991       639      4011       649      4007       657      3987       647      3964       616      4036       680 PARcau 4.775172e-09 1.000000
    39   0       2162       1026  9.708  20.304 136.5 11.310     2157     1016     2168     1036     11     20      2159      1014      2168      1016      2165      1036      2155      1034      2132       991      2193      1061 PARcau 2.787632e-07 1.000000
    39   1       4008        652  9.394  23.479 162.0 26.565     3998      645     4021      659     23     14      4000       643      4021       653      4017       662      3996       651      3973       620      4046       684 PARcau 4.292251e-09 1.000000
    40   0       2164       1016  9.000  21.000 143.0 90.000     2160     1006     2170     1028     10     22      2160      1006      2169      1006      2169      1027      2160      1027      2135       981      2195      1053 PARcau 2.161996e-08 1.000000
    40   1       4017        655  8.944  24.597 168.0 26.565     4007      649     4031      663     24     14      4009       646      4031       657      4027       665      4005       654      3982       624      4056       688 PARcau 3.515491e-07 1.000000
    41   0       2167       1007  9.487  20.616 144.5 14.036     2162      998     2173     1019     11     21      2165       996      2174       999      2169      1019      2160      1016      2137       973      2198      1044 PARcau 4.679573e-08 1.000000
    41   1       4027        659  9.849  24.698 169.5 21.801     4016      653     4040      667     24     14      4018       650      4041       659      4037       668      4014       659      3991       628      4065       692 PARcau 1.614262e-08 1.000000
    42   1       4036        663  8.062  24.597 159.5 26.565     4025      657     4049      671     24     14      4027       654      4049       665      4045       672      4023       661      4000       632      4074       696 PARcau 7.710803e-10 1.000000
    42   0       2169        996 10.000  21.000 156.0 90.000     2164      986     2175     1008     11     22      2164       986      2174       986      2174      1007      2164      1007      2139       961      2200      1033 PARcau 1.357932e-05 0.999986
    43   1       4044        667  9.192  23.505 153.5 23.199     4034      661     4056      675     22     14      4035       658      4057       668      4053       676      4032       667      4009       636      4081       700 PARcau 4.723721e-08 1.000000
    43   0       2170        985  9.000  21.000 149.5 90.000     2166      975     2176      997     10     22      2166       975      2175       975      2175       996      2166       996      2141       950      2201      1022 PARcau 3.930163e-07 1.000000
    44   1       4051        671  8.322  23.436 155.5 33.690     4042      665     4063      680     21     15      4044       662      4063       675      4059       682      4039       669      4017       640      4088       705 PARcau 2.169693e-08 1.000000
    44   0       2171        976  8.000  21.000 138.0 90.000     2167      965     2176      987      9     22      2167       965      2175       965      2175       986      2167       986      2142       940      2201      1012 PARcau 2.853425e-06 0.999997
    45   1       4059        677  8.602  23.022 157.0 33.690     4049      670     4070      686     21     16      4052       667      4071       680      4066       687      4047       674      4024       645      4095       711 PARcau 3.053417e-10 1.000000
    45   0       2171        966  9.000  21.000 139.0 90.000     2167      956     2177      978     10     22      2167       956      2176       956      2176       977      2167       977      2142       931      2202      1003 PARcau 1.223900e-06 0.999999
    46   1       4064        681  9.434  23.324 159.5 30.964     4055      674     4076      690     21     16      4057       671      4077       683      4072       691      4052       679      4030       649      4101       715 PARcau 5.529531e-13 1.000000
    46   0       2172        956  8.000  21.000 142.0 90.000     2168      946     2177      968      9     22      2168       946      2176       946      2176       967      2168       967      2143       921      2202       993 PARcau 5.006974e-06 0.999995
    47   1       4070        685  9.434  23.854 171.0 33.690     4061      677     4082      694     21     17      4063       674      4083       687      4078       695      4058       682      4036       652      4107       719 PARcau 2.794858e-10 1.000000
    47   0       2171        947  9.000  20.000 136.5 90.000     2167      937     2177      958     10     21      2167       937      2176       937      2176       957      2167       957      2142       912      2202       983 PARcau 3.061239e-06 0.999997
    48   1       4077        688  8.944  22.361 158.5 26.565     4067      681     4088      696     21     15      4069       679      4089       689      4085       697      4065       687      4042       656      4113       721 PARcau 8.034826e-07 0.999999
    48   0       2171        939  9.000  20.000 144.0 90.000     2167      929     2177      950     10     21      2167       929      2176       929      2176       949      2167       949      2142       904      2202       975 PARcau 6.825421e-05 0.999932
    49   1       4079        687  9.708  22.456 157.5 11.310     4069      682     4091      694     22     12      4069       680      4091       685      4089       694      4067       690      4044       657      4116       719 PARcau 4.122605e-06 0.999996
    49   0       2170        930  9.000  20.000 146.5 90.000     2166      920     2176      941     10     21      2166       920      2175       920      2175       940      2166       940      2141       895      2201       966 PARcau 7.090592e-05 0.999929
    50   1       4076        684  9.000  23.000 150.5 90.000     4066      680     4090      690     24     10      4066       680      4089       680      4089       689      4066       689      4041       655      4115       715 PARcau 5.313139e-05 0.999947
    50   0       2169        921  9.000  20.000 141.0 90.000     2165      911     2175      932     10     21      2165       911      2174       911      2174       931      2165       931      2140       886      2200       957 PARcau 1.124240e-05 0.999989
    51   1       4072        682  9.055  23.087 142.5  6.340     4061      678     4085      688     24     10      4061       677      4084       679      4083       688      4060       686      4036       653      4110       713 PARcau 4.165017e-05 0.999958
    51   0       2168        913  9.000  20.000 148.0 90.000     2164      903     2174      924     10     21      2164       903      2173       903      2173       923      2164       923      2139       878      2199       949 PARcau 2.042497e-04 0.999796
    52   1       4067        681  9.000  17.000  96.5 90.000     4059      677     4077      687     18     10      4059       677      4076       677      4076       686      4059       686      4034       652      4102       712 PARcau 3.388316e-05 0.999966
    52   0       2167        904  9.000  20.000 136.0 90.000     2163      894     2173      915     10     21      2163       894      2172       894      2172       914      2163       914      2138       869      2198       940 PARcau 5.943638e-04 0.999406
    53   1       4062        680  9.000  13.000  78.5 90.000     4057      676     4071      686     14     10      4057       676      4070       676      4070       685      4057       685      4032       651      4096       711 PARcau 5.467333e-04 0.999453
    53   0       2167        895  9.000  20.000 141.5 90.000     2163      885     2173      906     10     21      2163       885      2172       885      2172       905      2163       905      2138       860      2198       931 PARcau 1.851497e-04 0.999815
    54   1       4060        680  9.000  10.000  65.5 90.000     4055      676     4066      686     11     10      4055       676      4065       676      4065       685      4055       685      4030       651      4091       711 PARcau 1.789202e-01 0.821080
    54   0       2167        887  8.000  21.000 147.0 90.000     2163      877     2172      899      9     22      2163       877      2171       877      2171       898      2163       898      2138       852      2197       924 PARcau 4.091152e-04 0.999591
    55   1       4056        679  9.000  16.000  95.0 90.000     4049      675     4066      685     17     10      4049       675      4065       675      4065       684      4049       684      4024       650      4091       710 PARcau 6.208941e-07 0.999999
    55   0       2167        879  9.000  21.000 158.5 90.000     2163      869     2173      891     10     22      2163       869      2172       869      2172       890      2163       890      2138       844      2198       916 PARcau 1.478815e-07 1.000000
    56   1       4051        677  8.139  21.869  99.0 11.310     4041      673     4063      683     22     10      4041       671      4062       675      4061       683      4039       679      4016       648      4088       708 PARcau 3.675020e-09 1.000000
    56   0       2167        871  9.000  21.000 151.5  0.000     2163      860     2173      882     10     22      2163       860      2172       860      2172       881      2163       881      2138       835      2198       907 PARcau 1.299083e-05 0.999987
    57   1       4043        674  8.732  21.915 120.5 26.565     4034      668     4056      681     22     13      4036       665      4055       675      4052       683      4032       673      4009       643      4081       706 PARcau 1.381587e-11 1.000000
    57   0       2168        862 10.000  20.000 147.5 90.000     2164      852     2175      873     11     21      2164       852      2174       852      2174       872      2164       872      2139       827      2200       898 PARcau 1.132443e-05 0.999989
    58   1       4036        670  8.544  22.472 121.5 21.801     4026      664     4048      678     22     14      4027       662      4048       670      4045       678      4024       670      4001       639      4073       703 PARcau 9.481087e-06 0.999990
    58   0       2169        853  9.000  20.000 140.0 90.000     2165      843     2175      864     10     21      2165       843      2174       843      2174       863      2165       863      2140       818      2200       889 PARcau 1.914649e-05 0.999981
    59   1       4029        667  9.220  23.537 138.5 14.036     4018      661     4041      674     23     13      4018       660      4041       665      4039       674      4016       669      3993       636      4066       699 PARcau 9.937930e-10 1.000000
    59   0       2171        844  9.000  19.000 135.5 90.000     2167      835     2177      855     10     20      2167       835      2176       835      2176       854      2167       854      2142       810      2202       880 PARcau 7.253476e-05 0.999927
    60   0       2172        836  9.000  20.000 144.5 90.000     2168      826     2178      847     10     21      2168       826      2177       826      2177       846      2168       846      2143       801      2203       872 PARcau 4.275066e-07 1.000000
    60   1       4021        664  9.341  22.322 137.5 15.945     4011      658     4033      671     22     13      4011       656      4033       662      4030       671      4009       665      3986       633      4058       696 PARcau 4.614521e-05 0.999954
    61   0       2174        827  9.000  20.000 137.0 90.000     2170      817     2180      838     10     21      2170       817      2179       817      2179       837      2170       837      2145       792      2205       863 PARcau 1.087028e-09 1.000000
    61   1       4014        660  8.944  22.361 123.0 26.565     4003      655     4026      668     23     13      4005       651      4025       661      4021       669      4001       659      3978       630      4051       693 PARcau 9.198413e-10 1.000000
    62   0       2175        819  8.000  20.000 132.5 90.000     2171      809     2180      830      9     21      2171       809      2179       809      2179       829      2171       829      2146       784      2205       855 PARcau 1.834331e-08 1.000000
    62   1       4007        658  8.544  23.087 136.5 18.435     3996      652     4019      665     23     13      3997       650      4019       657      4016       665      3994       658      3971       627      4044       690 PARcau 2.284731e-07 1.000000
    63   0       2176        809  8.000  20.000 135.5 90.000     2172      800     2181      821      9     21      2172       800      2180       800      2180       820      2172       820      2147       775      2206       846 PARcau 2.897711e-07 1.000000
    63   1       3998        655  8.382  22.611 120.0 18.435     3988      649     4010      662     22     13      3989       647      4010       654      4008       662      3986       655      3963       624      4035       687 PARcau 9.417513e-11 1.000000
    64   0       2175        801  9.000  19.000 134.0 90.000     2171      792     2181      812     10     20      2171       792      2180       792      2180       811      2171       811      2146       767      2206       837 PARcau 4.543427e-06 0.999995
    64   1       3990        652  8.544  21.840 118.5 15.945     3980      648     4002      659     22     11      3981       645      4002       651      3999       659      3978       653      3955       623      4027       684 PARcau 1.419154e-06 0.999999
    65   0       2176        793  9.000  20.000 136.0 90.000     2172      783     2182      804     10     21      2172       783      2181       783      2181       803      2172       803      2147       758      2207       829 PARcau 3.525982e-05 0.999965
    65   1       3982        650  8.860  23.162 140.0 14.036     3971      646     3994      657     23     11      3972       643      3994       649      3992       657      3969       652      3946       621      4019       682 PARcau 1.551112e-08 1.000000
    66   0       2175        784  9.000  19.000 131.5 90.000     2171      775     2181      795     10     20      2171       775      2180       775      2180       794      2171       794      2146       750      2206       820 PARcau 1.063713e-06 0.999999
    66   1       3973        648  9.708  23.436 154.5 11.310     3962      643     3986      655     24     12      3962       641      3985       646      3983       655      3960       651      3937       618      4011       680 PARcau 3.891486e-08 1.000000
    67   0       2175        776  9.000  20.000 134.0 90.000     2171      766     2181      787     10     21      2171       766      2180       766      2180       786      2171       786      2146       741      2206       812 PARcau 4.411072e-06 0.999996
    67   1       3965        646  8.732  23.648 158.0 14.036     3954      642     3977      653     23     11      3954       639      3977       645      3975       653      3952       648      3929       617      4002       678 PARcau 2.980424e-07 1.000000
    68   0       2175        767  8.000  20.000 132.0 90.000     2171      757     2180      778      9     21      2171       757      2179       757      2179       777      2171       777      2146       732      2205       803 PARcau 3.757010e-06 0.999996
    68   1       3956        644  8.732  23.648 153.5 14.036     3945      640     3968      651     23     11      3945       637      3968       643      3966       651      3943       646      3920       615      3993       676 PARcau 1.804522e-06 0.999998
    69   1       3947        642  8.246  23.770 147.5 14.036     3936      638     3960      649     24     11      3936       635      3959       641      3957       649      3934       643      3911       613      3985       674 PARcau 7.155244e-07 0.999999
    69   0       2174        757  9.000  19.000 128.5  0.000     2170      748     2180      768     10     20      2170       748      2179       748      2179       767      2170       767      2145       723      2205       793 PARcau 1.877750e-06 0.999998
    70   0       2173        749  9.000  20.000 139.0 90.000     2169      739     2179      760     10     21      2169       739      2178       739      2178       759      2169       759      2144       714      2204       785 PARcau 5.723838e-09 1.000000
    70   1       3937        640  9.124  24.026 157.0 11.310     3926      635     3950      647     24     12      3926       633      3949       638      3948       647      3924       642      3901       610      3975       672 PARcau 4.405495e-08 1.000000
    71   0       2172        740  8.000  19.000 129.0 90.000     2169      731     2178      751      9     20      2169       731      2177       731      2177       750      2169       750      2144       706      2203       776 PARcau 3.304162e-07 1.000000
    71   1       3928        637  8.732  24.622 153.0 14.036     3917      633     3941      644     24     11      3917       630      3941       636      3939       644      3915       639      3892       608      3966       669 PARcau 3.777928e-08 1.000000
    72   0       2171        731  9.000  20.000 138.5 90.000     2168      721     2178      742     10     21      2168       721      2177       721      2177       741      2168       741      2143       696      2203       767 PARcau 7.460228e-08 1.000000
    72   1       3920        634  9.487  24.352 167.5 18.435     3909      629     3933      641     24     12      3910       626      3933       634      3930       643      3907       635      3884       604      3958       666 PARcau 8.835596e-07 0.999999
    73   1       3912        631  8.944  24.597 162.0 26.565     3901      625     3925      638     24     13      3903       621      3925       632      3921       640      3899       629      3876       600      3950       663 PARcau 7.055006e-11 1.000000
    73   0       2171        722  9.000  20.000 134.0 90.000     2167      712     2177      733     10     21      2167       712      2176       712      2176       732      2167       732      2142       687      2202       758 PARcau 1.590873e-06 0.999998
    74   0       2171        713  9.000  19.000 134.0 90.000     2167      704     2177      724     10     20      2167       704      2176       704      2176       723      2167       723      2142       679      2202       749 PARcau 1.068874e-05 0.999989
    74   1       3904        626  8.944  23.259 160.0 26.565     3893      620     3916      634     23     14      3895       617      3916       627      3912       635      3891       625      3868       595      3941       659 PARcau 1.951618e-08 1.000000
    75   0       2171        704  9.000  20.000 137.0 90.000     2167      694     2177      715     10     21      2167       694      2176       694      2176       714      2167       714      2142       669      2202       740 PARcau 1.712760e-09 1.000000
    75   1       3895        622  8.944  22.825 154.5 26.565     3885      616     3907      630     22     14      3887       612      3907       623      3903       631      3883       620      3860       591      3932       655 PARcau 1.216701e-09 1.000000
    76   0       2170        695 10.000  20.000 147.5 90.000     2166      685     2177      706     11     21      2166       685      2176       685      2176       705      2166       705      2141       660      2202       731 PARcau 4.096620e-05 0.999959
    76   1       3887        618  9.014  23.243 148.5 18.435     3877      612     3899      625     22     13      3877       610      3899       617      3896       626      3874       618      3852       587      3924       650 PARcau 3.294590e-11 1.000000
    77   0       2170        686  9.000  19.000 136.5 90.000     2166      677     2176      697     10     20      2166       677      2175       677      2175       696      2166       696      2141       652      2201       722 PARcau 9.055137e-05 0.999909
    77   1       3878        613  8.944  22.361 149.0 26.565     3868      608     3890      621     22     13      3870       604      3890       614      3886       622      3866       612      3843       583      3915       646 PARcau 2.126672e-12 1.000000
    78   0       2170        677  9.552  20.156 146.5 81.870     2166      667     2177      688     11     21      2164       667      2174       666      2176       686      2167       687      2141       642      2202       713 PARcau 8.399082e-06 0.999992
    78   1       3869        610  8.944  23.707 155.0 26.565     3859      604     3881      617     22     13      3861       600      3882       611      3878       619      3857       608      3834       579      3906       642 PARcau 8.877551e-10 1.000000
    79   0       2170        669  9.000  19.000 135.5 90.000     2166      660     2176      680     10     20      2166       660      2175       660      2175       679      2166       679      2141       635      2201       705 PARcau 3.925173e-07 1.000000
    79   1       3861        607  9.014  23.243 153.5 18.435     3850      601     3873      614     23     13      3851       598      3873       606      3870       614      3848       607      3825       576      3898       639 PARcau 2.460186e-10 1.000000
    80   0       2170        660  9.000  19.000 135.5 90.000     2166      651     2176      671     10     20      2166       651      2175       651      2175       670      2166       670      2141       626      2201       696 PARcau 7.040526e-04 0.999296
    80   1       3852        604  9.394  23.479 157.5 26.565     3841      599     3864      611     23     12      3843       594      3864       604      3860       613      3839       602      3816       574      3889       636 PARcau 2.423987e-08 1.000000
    81   0       2169        652  8.000  19.000 127.0 90.000     2166      643     2175      663      9     20      2166       643      2174       643      2174       662      2166       662      2141       618      2200       688 PARcau 7.694750e-07 0.999999
    81   1       3843        601  8.732  23.648 153.0 14.036     3832      596     3855      608     23     12      3832       594      3855       600      3853       608      3830       603      3807       571      3880       633 PARcau 2.496460e-10 1.000000
    82   0       2168        643  8.000  20.000 133.0  0.000     2165      633     2174      654      9     21      2165       633      2173       633      2173       653      2165       653      2140       608      2199       679 PARcau 1.763849e-05 0.999982
    82   1       3833        598  8.544  22.136 142.0 18.435     3823      593     3845      605     22     12      3824       590      3845       597      3842       605      3821       598      3798       568      3870       630 PARcau 2.617556e-10 1.000000
    83   0       2167        634  9.000  19.000 130.5 90.000     2163      625     2173      645     10     20      2163       625      2172       625      2172       644      2163       644      2138       600      2198       670 PARcau 7.980866e-05 0.999920
    83   1       3825        595  8.544  23.409 141.5 18.435     3814      591     3837      602     23     11      3815       587      3837       595      3834       603      3812       595      3789       566      3862       627 PARcau 2.499441e-11 1.000000
    84   0       2166        626  9.000  19.000 129.5  0.000     2162      617     2172      637     10     20      2162       617      2171       617      2171       636      2162       636      2137       592      2197       662 PARcau 2.462215e-09 1.000000
    84   1       3816        592  9.487  22.136 147.0 18.435     3806      587     3828      599     22     12      3807       584      3828       591      3825       600      3804       593      3781       562      3853       624 PARcau 6.939593e-10 1.000000
    85   0       2165        618  8.000  19.000 119.5 90.000     2162      609     2171      629      9     20      2162       609      2170       609      2170       628      2162       628      2137       584      2196       654 PARcau 3.155595e-06 0.999997
    85   1       3809        588  8.944  23.259 154.5 26.565     3798      582     3821      596     23     14      3800       579      3821       589      3817       597      3796       587      3773       557      3846       621 PARcau 1.091506e-07 1.000000
    86   1       3803        584  8.944  23.707 148.5 26.565     3793      577     3814      592     21     15      3794       575      3815       586      3811       594      3790       583      3768       552      3839       617 PARcau 8.335637e-09 1.000000
    86   0       2163        609  8.000  19.000 126.5 90.000     2160      600     2169      620      9     20      2160       600      2168       600      2168       619      2160       619      2135       575      2194       645 PARcau 7.978110e-06 0.999992
    87   1       3797        580  8.944  21.471 141.5 26.565     3788      573     3808      588     20     15      3789       571      3808       581      3804       589      3785       579      3763       548      3833       613 PARcau 1.650999e-08 1.000000
    87   0       2162        601  9.000  18.000 125.5 90.000     2158      592     2168      611     10     19      2158       592      2167       592      2167       610      2158       610      2133       567      2193       636 PARcau 1.360779e-08 1.000000
    88   1       3792        577  9.220  21.260 135.0 40.601     3784      570     3803      585     19     15      3787       565      3803       579      3797       586      3781       572      3759       545      3828       610 PARcau 1.440390e-05 0.999986
    88   0       2160        593  9.000  18.000 130.5 90.000     2156      584     2166      603     10     19      2156       584      2165       584      2165       602      2156       602      2131       559      2191       628 PARcau 3.324917e-07 1.000000
    89   1       3790        576  9.179  21.523 136.0 30.964     3781      570     3801      584     20     14      3783       566      3801       577      3797       585      3778       574      3756       545      3826       609 PARcau 1.638574e-05 0.999984
    89   0       2159        585  9.000  18.000 130.5 90.000     2155      576     2165      595     10     19      2155       576      2164       576      2164       594      2155       594      2130       551      2190       620 PARcau 2.458003e-06 0.999997
    90   1       3786        575  9.220  20.616 126.0 14.036     3776      571     3796      582     20     11      3776       568      3796       573      3794       582      3774       577      3751       546      3821       607 PARcau 2.710960e-08 1.000000
    90   0       2157        576  9.000  19.000 135.0 90.000     2153      567     2163      587     10     20      2153       567      2162       567      2162       586      2153       586      2128       542      2188       612 PARcau 7.535508e-08 1.000000
    91   1       3779        574  9.124  20.887 126.5 11.310     3769      570     3790      580     21     10      3769       567      3790       571      3788       580      3768       576      3744       545      3815       605 PARcau 1.491280e-06 0.999998
    91   0       2156        568  9.552  19.164 133.5 81.870     2152      559     2163      579     11     20      2151       559      2160       558      2163       577      2153       578      2127       534      2188       604 PARcau 2.077972e-05 0.999979
    92   0       2156        560  9.000  19.000 129.5 90.000     2152      550     2162      570     10     20      2152       550      2161       550      2161       569      2152       569      2127       525      2187       595 PARcau 3.631750e-08 1.000000
    92   1       3771        572  8.000  20.000 126.0 90.000     3761      569     3782      578     21      9      3761       569      3781       569      3781       577      3761       577      3736       544      3807       603 PARcau 7.189116e-08 1.000000
    93   1       3763        571  8.000  20.000 125.5 90.000     3754      568     3775      577     21      9      3754       568      3774       568      3774       576      3754       576      3729       543      3800       602 PARcau 4.134107e-08 1.000000
    93   0       2155        551  9.000  19.000 126.5 90.000     2151      542     2161      562     10     20      2151       542      2160       542      2160       561      2151       561      2126       517      2186       587 PARcau 1.110790e-06 0.999999
    94   1       3756        570  9.000  20.000 131.5 90.000     3746      567     3767      577     21     10      3746       567      3766       567      3766       576      3746       576      3721       542      3792       602 PARcau 1.114544e-06 0.999999
    94   0       2155        543  9.000  18.000 124.5 90.000     2151      534     2161      553     10     19      2151       534      2160       534      2160       552      2151       552      2126       509      2186       578 PARcau 3.666495e-08 1.000000
    95   1       3747        570  8.000  20.000 121.5 90.000     3737      567     3758      576     21      9      3737       567      3757       567      3757       575      3737       575      3712       542      3783       601 PARcau 1.176778e-06 0.999999
    95   0       2154        534  9.708  19.320 133.5 78.690     2150      525     2161      545     11     20      2148       526      2157       524      2161       543      2151       545      2125       500      2186       570 PARcau 2.515761e-06 0.999997
    96   0       2154        527  9.000  19.000 129.5  0.000     2150      517     2160      537     10     20      2150       517      2159       517      2159       536      2150       536      2125       492      2185       562 PARcau 1.287784e-09 1.000000
    96   1       3739        569  8.000  20.000 117.5 90.000     3730      566     3751      575     21      9      3730       566      3750       566      3750       574      3730       574      3705       541      3776       600 PARcau 9.392588e-07 0.999999
    97   0       2154        518  9.000  19.000 131.0 90.000     2150      509     2160      529     10     20      2150       509      2159       509      2159       528      2150       528      2125       484      2185       554 PARcau 1.665652e-06 0.999998
    97   1       3730        568  8.062  21.095 124.5  5.194     3720      564     3742      573     22      9      3720       563      3741       565      3740       573      3719       571      3695       539      3767       598 PARcau 1.704437e-06 0.999998
    98   0       2154        510  8.000  19.000 128.0 90.000     2150      501     2159      521      9     20      2150       501      2158       501      2158       520      2150       520      2125       476      2184       546 PARcau 7.775008e-08 1.000000
    98   1       3721        566  8.000  22.000 129.5 90.000     3710      563     3733      572     23      9      3710       563      3732       563      3732       571      3710       571      3685       538      3758       597 PARcau 1.171842e-08 1.000000
    99   0       2153        502  9.000  19.000 127.5 90.000     2149      493     2159      513     10     20      2149       493      2158       493      2158       512      2149       512      2124       468      2184       538 PARcau 7.186248e-06 0.999993
    99   1       3713        565  8.000  22.000 127.0 90.000     3702      561     3725      570     23      9      3702       561      3724       561      3724       569      3702       569      3677       536      3750       595 PARcau 1.843650e-08 1.000000
   100   0       2152        494  9.000  19.000 127.0 90.000     2148      485     2158      505     10     20      2148       485      2157       485      2157       504      2148       504      2123       460      2183       530 PARcau 1.528923e-06 0.999998
   100   1       3704        562  8.246  21.840 133.5 14.036     3694      558     3716      569     22     11      3694       555      3715       561      3713       569      3692       563      3669       533      3741       594 PARcau 2.501266e-09 1.000000
   101   0       2150        486  8.000  18.000 124.0 90.000     2147      477     2156      496      9     19      2147       477      2155       477      2155       495      2147       495      2122       452      2181       521 PARcau 5.453142e-06 0.999995
   101   1       3695        559  8.544  20.881 125.5 18.435     3686      555     3707      566     21     11      3687       552      3707       558      3704       566      3684       560      3661       530      3732       591 PARcau 1.726843e-08 1.000000
   102   0       2149        478  9.000  19.000 136.5 90.000     2145      469     2155      489     10     20      2145       469      2154       469      2154       488      2145       488      2120       444      2180       514 PARcau 4.818184e-05 0.999952
   102   1       3688        557  8.732  21.708 135.0 14.036     3678      552     3699      563     21     11      3678       550      3699       555      3697       564      3676       558      3653       527      3724       588 PARcau 1.822806e-06 0.999998
   103   0       2147        470  9.000  19.000 128.0 90.000     2143      461     2153      481     10     20      2143       461      2152       461      2152       480      2143       480      2118       436      2178       506 PARcau 3.103557e-06 0.999997
   103   1       3680        554  9.341  21.101 133.0 14.036     3670      550     3691      561     21     11      3671       547      3691       552      3689       561      3668       556      3645       525      3716       586 PARcau 2.939090e-04 0.999706
   104   0       2146        463  8.559  18.173 120.0 81.870     2142      454     2152      473     10     19      2140       454      2149       453      2151       471      2143       472      2117       429      2177       498 PARcau 4.408521e-07 1.000000
   104   1       3673        553  9.124  20.887 133.0 11.310     3663      548     3684      559     21     11      3663       546      3684       550      3682       559      3662       555      3638       523      3709       584 PARcau 2.238716e-04 0.999776
   105   0       2144        456  9.000  18.000 126.0 90.000     2140      447     2150      466     10     19      2140       447      2149       447      2149       465      2140       465      2115       422      2175       491 PARcau 2.349222e-07 1.000000
   105   1       3665        551  9.000  20.000 135.5 90.000     3656      547     3677      557     21     10      3656       547      3676       547      3676       556      3656       556      3631       522      3702       582 PARcau 4.020046e-04 0.999598
   106   0       2143        448  9.000  18.000 121.0 90.000     2139      439     2149      458     10     19      2139       439      2148       439      2148       457      2139       457      2114       414      2174       483 PARcau 1.286307e-05 0.999987
   106   1       3658        551  9.000  20.000 135.0 90.000     3648      547     3669      557     21     10      3648       547      3668       547      3668       556      3648       556      3623       522      3694       582 PARcau 3.762574e-03 0.996237
   107   0       2142        441  9.000  18.000 127.5 90.000     2138      432     2148      451     10     19      2138       432      2147       432      2147       450      2138       450      2113       407      2173       476 PARcau 9.525611e-08 1.000000
   107   1       3650        550  9.000  20.000 134.0  0.000     3640      546     3661      556     21     10      3640       546      3660       546      3660       555      3640       555      3615       521      3686       581 PARcau 1.030155e-05 0.999990
   108   0       2142        434  9.055  18.111 120.5 81.870     2138      425     2148      444     10     19      2136       425      2145       424      2147       442      2138       443      2113       400      2173       469 PARcau 1.021557e-05 0.999990
   108   1       3641        549  8.000  21.000 144.0 90.000     3631      546     3653      555     22      9      3631       546      3652       546      3652       554      3631       554      3606       521      3678       580 PARcau 1.230082e-04 0.999877
   109   1       3633        549  8.062  22.091 133.5  5.194     3622      545     3645      555     23     10      3622       544      3644       546      3643       554      3621       552      3597       520      3670       580 PARcau 6.067807e-08 1.000000
   110   1       3624        548  8.631  21.966 138.5 11.310     3614      544     3636      554     22     10      3614       541      3635       546      3634       554      3612       550      3589       519      3661       579 PARcau 4.967490e-07 1.000000
   111   1       3616        546  8.860  22.192 146.5 14.036     3605      541     3628      552     23     11      3606       539      3627       544      3625       553      3603       547      3580       516      3653       577 PARcau 8.099190e-08 1.000000
   112   1       3608        543  9.220  21.378 136.5 11.310     3598      539     3619      550     21     11      3598       537      3619       541      3617       550      3596       546      3573       514      3644       575 PARcau 7.997855e-07 0.999999
   113   1       3601        540  9.124  19.906 134.0 11.310     3592      536     3612      547     20     11      3592       534      3611       538      3610       547      3590       543      3567       511      3637       572 PARcau 3.264594e-06 0.999997
   114   1       3593        538  9.000  18.000 119.0 90.000     3585      534     3604      544     19     10      3585       534      3603       534      3603       543      3585       543      3560       509      3629       569 PARcau 5.889874e-09 1.000000
   115   1       3587        536  9.000  18.000 120.0 90.000     3578      532     3597      542     19     10      3578       532      3596       532      3596       541      3578       541      3553       507      3622       567 PARcau 9.148430e-06 0.999991
   116   1       3579        535  8.544  18.974 121.0 18.435     3570      531     3590      541     20     10      3572       528      3590       534      3587       542      3569       536      3545       506      3615       566 PARcau 2.945569e-06 0.999997
   117   1       3573        534  9.000  18.000 130.0 90.000     3564      530     3583      540     19     10      3564       530      3582       530      3582       539      3564       539      3539       505      3608       565 PARcau 1.529794e-07 1.000000
   118   1       3566        534  9.000  20.000 141.0 90.000     3556      530     3577      540     21     10      3556       530      3576       530      3576       539      3556       539      3531       505      3602       565 PARcau 4.102481e-06 0.999996
   119   1       3558        534  8.000  21.000 135.5 90.000     3548      531     3570      540     22      9      3548       531      3569       531      3569       539      3548       539      3523       506      3595       565 PARcau 2.639432e-05 0.999974
   120   1       3550        534  8.000  21.000 135.5 90.000     3540      531     3562      540     22      9      3540       531      3561       531      3561       539      3540       539      3515       506      3587       565 PARcau 3.663737e-06 0.999996
   121   1       3542        534  9.000  20.000 137.0 90.000     3532      530     3553      540     21     10      3532       530      3552       530      3552       539      3532       539      3507       505      3578       565 PARcau 1.159538e-06 0.999999
   122   1       3533        533  9.000  21.000 140.0 90.000     3523      529     3545      539     22     10      3523       529      3544       529      3544       538      3523       538      3498       504      3570       564 PARcau 1.927861e-06 0.999998
   123   1       3525        531  9.124  21.869 144.0 11.310     3515      526     3537      537     22     11      3515       524      3536       528      3535       537      3513       533      3490       501      3562       562 PARcau 3.898737e-07 1.000000
   124   1       3518        529 10.000  20.000 146.0 90.000     3508      524     3529      535     21     11      3508       524      3528       524      3528       534      3508       534      3483       499      3554       560 PARcau 6.414711e-06 0.999994
   125   1       3510        527  9.055  19.235 141.0  8.130     3501      522     3521      533     20     11      3501       521      3520       524      3519       533      3500       530      3476       497      3546       558 PARcau 7.830264e-07 0.999999
   126   1       3503        525  9.124  19.906 144.5 11.310     3494      521     3515      532     21     11      3494       519      3514       523      3512       532      3493       528      3469       496      3540       557 PARcau 2.640518e-06 0.999997
   127   1       3497        525 10.000  19.000 146.5 90.000     3488      520     3508      531     20     11      3488       520      3507       520      3507       530      3488       530      3463       495      3533       556 PARcau 2.756637e-03 0.997243
   128   1       3490        524 10.000  19.000 156.5 90.000     3481      520     3501      531     20     11      3481       520      3500       520      3500       530      3481       530      3456       495      3526       556 PARcau 5.515025e-07 0.999999
   129   1       3483        525 10.000  19.000 153.5 90.000     3474      520     3494      531     20     11      3474       520      3493       520      3493       530      3474       530      3449       495      3519       556 PARcau 6.949970e-07 0.999999
   130   1       3476        525  9.000  20.000 148.5 90.000     3466      521     3487      531     21     10      3466       521      3486       521      3486       530      3466       530      3441       496      3512       556 PARcau 1.500690e-07 1.000000
   131   1       3468        525  9.000  21.000 157.5 90.000     3458      521     3480      531     22     10      3458       521      3479       521      3479       530      3458       530      3433       496      3505       556 PARcau 1.415772e-04 0.999858
   132   1       3460        525  9.000  20.000 148.5 90.000     3450      521     3471      531     21     10      3450       521      3470       521      3470       530      3450       530      3425       496      3496       556 PARcau 1.196079e-07 1.000000
   133   1       3452        524 10.000  21.000 161.0 90.000     3442      520     3464      531     22     11      3442       520      3463       520      3463       530      3442       530      3417       495      3489       556 PARcau 7.892053e-07 0.999999
   134   1       3444        523  9.552  20.304 148.0  9.462     3435      518     3456      529     21     11      3435       516      3455       520      3454       529      3434       526      3410       493      3481       554 PARcau 3.044457e-05 0.999970
   135   1       3438        521 10.000  21.000 160.0 90.000     3428      517     3450      528     22     11      3428       517      3449       517      3449       527      3428       527      3403       492      3475       553 PARcau 4.749839e-05 0.999953
   136   1       3432        520 10.000  19.000 155.5 90.000     3423      516     3443      527     20     11      3423       516      3442       516      3442       526      3423       526      3398       491      3468       552 PARcau 5.707588e-04 0.999429
   137   1       3426        520 10.548  19.164 154.5  8.130     3417      515     3437      527     20     12      3417       514      3436       516      3435       527      3416       524      3392       490      3462       552 PARcau 9.727098e-03 0.990273
   138   1       3420        520 10.000  19.000 152.0 90.000     3411      516     3431      527     20     11      3411       516      3430       516      3430       526      3411       526      3386       491      3456       552 PARcau 3.519254e-04 0.999648
   139   1       3414        521 11.000  20.000 169.0 90.000     3404      516     3425      528     21     12      3404       516      3424       516      3424       527      3404       527      3379       491      3450       553 PARcau 6.527584e-03 0.993472
   140   1       3407        522 11.000  19.000 160.0 90.000     3398      517     3418      529     20     12      3398       517      3417       517      3417       528      3398       528      3373       492      3443       554 PARcau 2.089232e-05 0.999979
   141   1       3401        523 11.000  21.000 176.5 90.000     3390      518     3412      530     22     12      3390       518      3411       518      3411       529      3390       529      3365       493      3437       555 PARcau 6.042387e-04 0.999396
   142   1       3394        523 10.000  21.000 169.0 90.000     3384      519     3406      530     22     11      3384       519      3405       519      3405       529      3384       529      3359       494      3431       555 PARcau 1.089484e-04 0.999891
   143   1       3388        523 10.000  21.000 170.0 90.000     3378      518     3400      529     22     11      3378       518      3399       518      3399       528      3378       528      3353       493      3425       554 PARcau 2.822514e-05 0.999972
   144   1       3382        521 10.112  21.708 168.0  9.462     3372      516     3394      528     22     12      3372       515      3393       518      3392       528      3370       525      3347       491      3419       553 PARcau 4.049437e-09 1.000000
   145   1       3376        519 11.068  21.506 175.0 18.435     3367      513     3388      527     21     14      3368       511      3388       517      3385       528      3364       521      3342       488      3413       552 PARcau 2.058061e-06 0.999998
   146   1       3372        516 11.180  20.125 165.5 26.565     3363      510     3383      524     20     14      3365       507      3383       516      3378       526      3360       517      3338       485      3408       549 PARcau 4.372871e-07 1.000000
   147   1       3370        515 12.000  17.000 155.5 90.000     3362      510     3380      523     18     13      3362       510      3379       510      3379       522      3362       522      3337       485      3405       548 PARcau 7.132570e-05 0.999929
   148   1       3371        516 12.000  15.000 134.5 90.000     3364      511     3380      524     16     13      3364       511      3379       511      3379       523      3364       523      3339       486      3405       549 PARcau 7.075661e-02 0.929243
   149   1       3372        518 10.512  14.089 113.0 63.435     3366      513     3381      527     15     14      3364       517      3377       511      3381       520      3369       527      3341       488      3406       552 PARcau 1.944665e-03 0.998055