 Frame  ID  CentroidX  CentroidY  Width  Length  Area  Angle  Box_TLX  Box_TLY  Box_BRX  Box_BRY  Box_W  Box_H  rBox_TLX  rBox_TLY  rBox_TRX  rBox_TRY  rBox_BRX  rBox_BRY  rBox_BLX  rBox_BLY  lBox_TLX  lBox_TLY  lBox_BRX  lBox_BRY  Label       NONpro   PARcau
    21   0       4502       1327 13.416  17.889 184.5 63.435     4495     1318     4510     1337     15     19      4492      1322      4504      1316      4512      1332      4500      1338      4470      1293      4535      1362 PARcau 3.816684e-02 0.961833
    21   1       2678        390  9.055  18.248 115.0 80.538     2674      381     2684      400     10     19      2672       381      2681       380      2684       398      2675       399      2649       356      2709       425 PARcau 6.936086e-06 0.999993
    22   0       4501       1323 14.000  16.000 175.5 90.000     4494     1316     4509     1333     15     17      4494      1316      4508      1316      4508      1332      4494      1332      4469      1291      4534      1358 PARcau 2.866364e-01 0.713364
    22   1       2679        395  8.000  18.000 116.0 90.000     2676      386     2685      405      9     19      2676       386      2684       386      2684       404      2676       404      2651       361      2710       430 PARcau 1.702881e-05 0.999983
    23   0       4500       1321 14.000  15.000 170.0 90.000     4493     1315     4509     1330     16     15      4493      1315      4508      1315      4508      1329      4493      1329      4468      1290      4534      1355 PARcau 5.445948e-01 0.455405
    23   1       2681        401  9.000  18.000 128.0 90.000     2677      392     2687      411     10     19      2677       392      2686       392      2686       410      2677       410      2652       367      2712       436 PARcau 4.333870e-07 1.000000
    24   0       4499       1320 13.000  16.000 157.5 90.000     4491     1314     4508     1328     17     14      4491      1314      4507      1314      4507      1327      4491      1327      4466      1289      4533      1353 PARcau 3.726451e-01 0.627355
    24   1       2683        406  9.000  17.000 116.5 90.000     2679      398     2689      416     10     18      2679       398      2688       398      2688       415      2679       415      2654       373      2714       441 PARcau 1.039797e-04 0.999896
    25   0       4497       1319 14.849  14.849 163.0 45.000     4488     1313     4506     1327     18     14      4497      1309      4507      1319      4497      1330      4486      1319      4463      1288      4531      1352 PARcau 1.413228e-03 0.998587
    25   1       2684        411  8.559  17.183 114.0 81.870     2680      403     2690      421     10     18      2679       403      2687       402      2690       419      2681       420      2655       378      2715       446 PARcau 2.951853e-05 0.999970
    26   0       4494       1319 12.000  18.000 168.5 90.000     4485     1314     4504     1327     19     13      4485      1314      4503      1314      4503      1326      4485      1326      4460      1289      4529      1352 PARcau 1.572688e-03 0.998427
    26   1       2686        415  9.000  18.000 121.5 90.000     2682      406     2692      425     10     19      2682       406      2691       406      2691       424      2682       424      2657       381      2717       450 PARcau 1.093766e-07 1.000000
    27   0       4491       1320 11.885  19.526 178.0 75.964     4482     1314     4502     1328     20     14      4480      1316      4499      1312      4502      1323      4483      1328      4457      1289      4527      1353 PARcau 4.319093e-06 0.999996
    27   1       2687        419  9.000  18.000 126.0 90.000     2683      410     2693      429     10     19      2683       410      2692       410      2692       428      2683       428      2658       385      2718       454 PARcau 5.257516e-05 0.999947
    28   1       2687        422  8.000  19.000 117.0  0.000     2684      413     2693      433      9     20      2684       413      2692       413      2692       432      2684       432      2659       388      2718       458 PARcau 4.954994e-03 0.995045
    28   0       4487       1321 12.000  21.000 187.0 90.000     4477     1316     4499     1329     22     13      4477      1316      4498      1316      4498      1328      4477      1328      4452      1291      4524      1354 PARcau 1.608023e-02 0.983920
    29   1       2687        426  8.000  18.000 115.0 90.000     2684      417     2693      436      9     19      2684       417      2692       417      2692       435      2684       435      2659       392      2718       461 PARcau 1.996405e-07 1.000000
    29   0       4483       1323 12.369  21.378 200.0 78.690     4473     1317     4495     1331     22     14      4471      1319      4492      1315      4495      1327      4474      1331      4448      1292      4520      1356 PARcau 2.264715e-04 0.999774
    30   1       2687        429  9.055  18.248 106.0  9.462     2683      420     2693      439     10     19      2684       419      2693       420      2690       438      2681       437      2658       395      2718       464 PARcau 1.482857e-04 0.999852
    30   0       4478       1325 12.000  21.000 205.0 90.000     4468     1319     4490     1332     22     13      4468      1319      4489      1319      4489      1331      4468      1331      4443      1294      4515      1357 PARcau 8.847218e-04 0.999115
    31   1       2687        433  8.000  18.000 115.5 90.000     2683      424     2692      443      9     19      2683       424      2691       424      2691       442      2683       442      2658       399      2717       468 PARcau 9.620906e-08 1.000000
    31   0       4473       1326 12.000  23.000 217.5 90.000     4462     1321     4486     1334     24     13      4462      1321      4485      1321      4485      1333      4462      1333      4437      1296      4511      1359 PARcau 1.840784e-03 0.998159
    32   1       2686        437  9.000  17.000 111.0 90.000     2682      429     2692      447     10     18      2682       429      2691       429      2691       446      2682       446      2657       404      2717       472 PARcau 1.043730e-04 0.999896
    32   0       4468       1328 12.000  23.000 223.5 90.000     4457     1322     4481     1335     24     13      4457      1322      4480      1322      4480      1334      4457      1334      4432      1297      4506      1360 PARcau 2.996212e-06 0.999997
    33   1       2686        441  9.000  18.000 114.5 90.000     2682      432     2692      451     10     19      2682       432      2691       432      2691       450      2682       450      2657       407      2717       476 PARcau 1.504698e-07 1.000000
    33   0       4462       1329 13.000  24.000 231.0 90.000     4451     1323     4476     1337     25     14      4451      1323      4475      1323      4475      1336      4451      1336      4426      1298      4501      1362 PARcau 1.889030e-06 0.999998
    34   1       2687        443  8.000  18.000 103.5 90.000     2683      433     2692      452      9     19      2683       433      2691       433      2691       451      2683       451      2658       408      2717       477 PARcau 3.304289e-06 0.999997
    34   0       4457       1329 12.000  24.000 234.5 90.000     4445     1324     4470     1337     25     13      4445      1324      4469      1324      4469      1336      4445      1336      4420      1299      4495      1362 PARcau 7.452847e-08 1.000000
    35   1       2688        440  7.000  15.000  73.5 90.000     2685      432     2693      448      8     16      2685       432      2692       432      2692       447      2685       447      2660       407      2718       473 PARcau 9.915151e-06 0.999990
    35   0       4451       1329 13.000  24.000 240.5 90.000     4439     1323     4464     1337     25     14      4439      1323      4463      1323      4463      1336      4439      1336      4414      1298      4489      1362 PARcau 2.824668e-08 1.000000
    36   1       2689        435  8.602  15.000  75.5 53.130     2685      427     2696      443     11     16      2687       426      2696       438      2689       443      2680       431      2660       402      2721       468 PARcau 6.763255e-07 0.999999
    36   0       4445       1328 14.000  23.000 238.0 90.000     4434     1322     4458     1337     24     15      4434      1322      4457      1322      4457      1336      4434      1336      4409      1297      4483      1362 PARcau 7.208954e-09 1.000000
    37   1       2693        434  7.616  15.811  45.5 18.435     2684      429     2699      440     15     11      2684       428      2699       433      2696       440      2681       435      2659       404      2724       465 PARcau 3.111793e-06 0.999997
    37   0       4440       1326 14.000  24.000 248.5 90.000     4428     1320     4453     1335     25     15      4428      1320      4452      1320      4452      1334      4428      1334      4403      1295      4478      1360 PARcau 2.557746e-09 1.000000
    38   1       2696        434  8.000  11.000  57.0 -0.000     2690      430     2702      439     12      9      2690       430      2701       430      2701       438      2690       438      2665       405      2727       464 PARcau 1.004878e-05 0.999990
    38   0       4435       1324 13.416  23.707 243.5 26.565     4424     1317     4448     1333     24     16      4427      1312      4448      1323      4442      1335      4421      1324      4399      1292      4473      1358 PARcau 1.144422e-10 1.000000
    39   1       2698        434  8.000  13.000  76.0 90.000     2692      430     2706      439     14      9      2692       430      2705       430      2705       438      2692       438      2667       405      2731       464 PARcau 8.208651e-06 0.999992
    39   0       4430       1321 13.928  24.698 246.0 21.801     4419     1314     4443     1330     24     16      4421      1310      4444      1319      4439      1332      4416      1323      4394      1289      4468      1355 PARcau 3.584853e-09 1.000000
    40   1       2700        434  8.000  14.000  84.5 90.000     2694      431     2709      440     15      9      2694       431      2708       431      2708       439      2694       439      2669       406      2734       465 PARcau 2.208022e-05 0.999978
    40   0       4426       1318 13.416  23.259 240.0 26.565     4415     1311     4439     1327     24     16      4419      1307      4440      1317      4434      1329      4413      1319      4390      1286      4464      1352 PARcau 3.177050e-10 1.000000
    41   1       2703        435  7.649  16.867  98.0 11.310     2695      431     2712      441     17     10      2695       429      2711       433      2710       440      2693       437      2670       406      2737       466 PARcau 8.469171e-06 0.999992
    41   0       4422       1316 13.342  22.804 231.0 14.036     4412     1309     4435     1324     23     15      4413      1306      4435      1312      4432      1325      4410      1319      4387      1284      4460      1349 PARcau 5.777547e-14 1.000000
    42   1       2705        435  8.000  16.000  90.5 90.000     2698      432     2715      441     17      9      2698       432      2714       432      2714       440      2698       440      2673       407      2740       466 PARcau 5.144685e-07 1.000000
    42   0       4419       1314 14.000  21.000 229.5 90.000     4409     1307     4431     1322     22     15      4409      1307      4430      1307      4430      1321      4409      1321      4384      1282      4456      1347 PARcau 2.793239e-09 1.000000
    43   0       4416       1312 13.000  22.000 223.0 90.000     4405     1306     4428     1320     23     14      4405      1306      4427      1306      4427      1319      4405      1319      4380      1281      4453      1345 PARcau 1.956969e-10 1.000000
    43   1       2709        436  8.000  18.000 104.5 90.000     2700      433     2719      442     19      9      2700       433      2718       433      2718       441      2700       441      2675       408      2744       467 PARcau 1.659162e-06 0.999998
    44   0       4413       1311 13.000  22.000 218.0 90.000     4402     1305     4425     1319     23     14      4402      1305      4424      1305      4424      1318      4402      1318      4377      1280      4450      1344 PARcau 4.092757e-13 1.000000
    44   1       2713        437  8.000  18.000 103.0 90.000     2704      433     2723      442     19      9      2704       433      2722       433      2722       441      2704       441      2679       408      2748       467 PARcau 2.049535e-06 0.999998
    45   0       4409       1310 13.000  21.000 216.5 90.000     4399     1304     4421     1318     22     14      4399      1304      4420      1304      4420      1317      4399      1317      4374      1279      4446      1343 PARcau 2.664877e-06 0.999997
    45   1       2717        437  8.000  18.000 103.5 90.000     2708      433     2727      442     19      9      2708       433      2726       433      2726       441      2708       441      2683       408      2752       467 PARcau 3.150260e-05 0.999969
    46   0       4406       1310 13.000  21.000 220.5 90.000     4396     1304     4418     1318     22     14      4396      1304      4417      1304      4417      1317      4396      1317      4371      1279      4443      1343 PARcau 1.301356e-11 1.000000
    46   1       2720        437  7.000  18.000 103.5 90.000     2711      434     2730      442     19      8      2711       434      2729       434      2729       441      2711       441      2686       409      2755       467 PARcau 2.293232e-05 0.999977
    47   0       4403       1310 13.342  22.804 225.0 75.964     4392     1304     4415     1319     23     15      4390      1307      4412      1301      4415      1314      4393      1320      4367      1279      4440      1344 PARcau 1.992485e-07 1.000000
    47   1       2724        437  8.000  18.000 107.0 90.000     2715      434     2734      443     19      9      2715       434      2733       434      2733       442      2715       442      2690       409      2759       468 PARcau 5.415906e-07 0.999999
    48   0       4399       1312 12.649  23.087 220.0 71.565     4388     1306     4412     1320     24     14      4386      1309      4408      1302      4412      1314      4390      1321      4363      1281      4437      1345 PARcau 2.533205e-07 1.000000
    48   1       2728        437  8.000  18.000 108.5 90.000     2719      434     2738      443     19      9      2719       434      2737       434      2737       442      2719       442      2694       409      2763       468 PARcau 7.014039e-07 0.999999
    49   0       4395       1313 12.093  23.691 218.0 81.870     4384     1307     4408     1321     24     14      4383      1309      4406      1306      4408      1318      4384      1321      4359      1282      4433      1346 PARcau 1.223005e-07 1.000000
    49   1       2733        439  8.544  19.313 113.0 21.801     2724      434     2743      445     19     11      2725       431      2743       438      2740       446      2722       439      2699       409      2768       470 PARcau 5.054998e-07 1.000000
    50   1       2736        440  8.062  17.889 101.5 26.565     2728      435     2746      447     18     12      2730       432      2746       440      2742       447      2726       439      2703       410      2771       472 PARcau 5.250449e-07 1.000000
    50   0       4391       1315 13.000  23.000 225.5 90.000     4380     1309     4404     1323     24     14      4380      1309      4403      1309      4403      1322      4380      1322      4355      1284      4429      1348 PARcau 1.436595e-12 1.000000
    51   1       2738        440  8.078  17.868 105.0 18.435     2730      435     2748      447     18     12      2731       434      2748       439      2745       447      2728       441      2705       410      2773       472 PARcau 1.858961e-05 0.999981
    51   0       4386       1317 13.000  24.000 236.5 90.000     4375     1311     4400     1325     25     14      4375      1311      4399      1311      4399      1324      4375      1324      4350      1286      4425      1350 PARcau 3.714245e-08 1.000000
    52   1       2739        439  8.062  18.439 100.0 12.529     2730      435     2749      445     19     10      2730       433      2748       437      2747       445      2729       441      2705       410      2774       470 PARcau 6.504054e-07 0.999999
    52   0       4381       1319 13.000  24.000 237.5 90.000     4370     1313     4395     1327     25     14      4370      1313      4394      1313      4394      1326      4370      1326      4345      1288      4420      1352 PARcau 1.714771e-08 1.000000
    53   1       2742        437  8.000  17.000 100.5 90.000     2733      434     2751      443     18      9      2733       434      2750       434      2750       442      2733       442      2708       409      2776       468 PARcau 5.587673e-06 0.999994
    53   0       4377       1320 12.000  24.000 241.5 90.000     4365     1315     4390     1328     25     13      4365      1315      4389      1315      4389      1327      4365      1327      4340      1290      4415      1353 PARcau 1.247466e-09 1.000000
    54   1       2745        435  8.382  17.557 102.0 71.565     2737      430     2754      441     17     11      2735       434      2752       428      2754       436      2738       442      2712       405      2779       466 PARcau 3.297406e-08 1.000000
    54   0       4371       1322 13.000  25.000 251.5 90.000     4359     1316     4385     1330     26     14      4359      1316      4384      1316      4384      1329      4359      1329      4334      1291      4410      1355 PARcau 2.606849e-06 0.999997
    55   0       4366       1322 13.000  24.000 242.5 90.000     4355     1316     4380     1330     25     14      4355      1316      4379      1316      4379      1329      4355      1329      4330      1291      4405      1355 PARcau 1.084066e-04 0.999892
    55   1       2750        431  8.062  17.493 106.0 59.036     2743      426     2759      438     16     12      2741       432      2756       423      2760       430      2745       439      2718       401      2784       463 PARcau 6.020624e-11 1.000000
    56   0       4361       1322 13.000  24.000 243.5 90.000     4349     1316     4374     1330     25     14      4349      1316      4373      1316      4373      1329      4349      1329      4324      1291      4399      1355 PARcau 4.946843e-03 0.995053
    56   1       2755        428  8.322  18.446 115.0 56.310     2747      422     2765      435     18     13      2745       429      2761       419      2765       426      2750       436      2722       397      2790       460 PARcau 1.680557e-11 1.000000
    57   0       4356       1321 13.342  24.515 244.5 11.310     4344     1315     4369     1330     25     15      4345      1312      4369      1317      4366      1330      4342      1325      4319      1290      4394      1355 PARcau 6.974696e-02 0.930253
    57   1       2760        424  8.485  18.385 120.5 45.000     2752      417     2769      432     17     15      2750       427      2763       414      2769       420      2756       433      2727       392      2794       457 PARcau 1.185436e-11 1.000000
    58   1       2763        421  7.778  17.678 114.0 45.000     2756      415     2772      429     16     14      2754       425      2766       412      2772       418      2759       430      2731       390      2797       454 PARcau 3.062244e-08 1.000000
    58   0       4350       1319 14.000  23.000 241.5 90.000     4339     1313     4363     1328     24     15      4339      1313      4362      1313      4362      1327      4339      1327      4314      1288      4388      1353 PARcau 8.428079e-05 0.999916
    59   1       2766        418  8.485  18.385 116.0 45.000     2758      412     2775      426     17     14      2757       422      2770       409      2776       415      2763       428      2733       387      2800       451 PARcau 3.220672e-15 1.000000
    59   0       4345       1317 13.200  22.809 233.5 26.565     4334     1310     4357     1326     23     16      4337      1306      4358      1316      4352      1328      4332      1318      4309      1285      4382      1351 PARcau 1.749467e-02 0.982505
    60   1       2769        415  8.201  18.118 106.5 51.340     2762      409     2779      422     17     13      2760       417      2774       406      2779       412      2765       424      2737       384      2804       447 PARcau 2.303110e-12 1.000000
    60   0       4340       1314 13.416  22.361 228.0 26.565     4330     1307     4352     1323     22     16      4333      1303      4353      1313      4347      1325      4327      1315      4305      1282      4377      1348 PARcau 4.740807e-04 0.999526
    61   1       2772        412  8.485  18.385 120.0 45.000     2765      406     2782      420     17     14      2763       416      2776       403      2782       409      2769       422      2740       381      2807       445 PARcau 1.903390e-12 1.000000
    61   0       4335       1311 14.000  21.000 224.0 90.000     4325     1305     4347     1320     22     15      4325      1305      4346      1305      4346      1319      4325      1319      4300      1280      4372      1345 PARcau 5.398050e-05 0.999946
    62   1       2775        409  8.485  16.971 113.5 45.000     2767      404     2784      417     17     13      2766       412      2778       400      2784       406      2772       418      2742       379      2809       442 PARcau 4.703811e-10 1.000000
    62   0       4331       1308 14.000  20.000 212.5 90.000     4322     1302     4343     1317     21     15      4322      1302      4342      1302      4342      1316      4322      1316      4297      1277      4368      1342 PARcau 6.810207e-03 0.993190
    63   1       2778        406  8.602  18.028 104.0 56.310     2771      401     2787      414     16     13      2768       408      2783       398      2788       405      2773       415      2746       376      2812       439 PARcau 1.735332e-08 1.000000
    63   0       4327       1306 13.000  20.000 202.0 90.000     4318     1300     4339     1314     21     14      4318      1300      4338      1300      4338      1313      4318      1313      4293      1275      4364      1339 PARcau 1.274917e-02 0.987251
    64   0       4324       1304 13.000  20.000 192.0 90.000     4314     1298     4335     1312     21     14      4314      1298      4334      1298      4334      1311      4314      1311      4289      1273      4360      1337 PARcau 2.387077e-02 0.976129
    64   1       2783        402  8.485  18.385 113.0 45.000     2776      395     2792      410     16     15      2774       406      2787       393      2793       399      2780       412      2751       370      2817       435 PARcau 1.019583e-11 1.000000
    65   0       4320       1303 12.000  19.000 188.0 90.000     4311     1297     4331     1310     20     13      4311      1297      4330      1297      4330      1309      4311      1309      4286      1272      4356      1335 PARcau 1.671798e-02 0.983282
    65   1       2786        398  8.485  18.385 119.0 45.000     2779      392     2795      406     16     14      2777       402      2790       389      2796       395      2783       408      2754       367      2820       431 PARcau 1.669467e-12 1.000000
    66   0       4317       1302 12.971  19.906 188.0 63.435     4307     1296     4328     1310     21     14      4305      1301      4323      1292      4329      1304      4311      1312      4282      1271      4353      1335 PARcau 5.348213e-03 0.994652
    66   1       2788        396  7.906  17.903 108.5 53.130     2781      390     2797      403     16     13      2779       398      2793       387      2798       394      2783       404      2756       365      2822       428 PARcau 4.756791e-09 1.000000
    67   1       2790        393  8.201  18.901 112.0 53.130     2783      388     2800      401     17     13      2780       396      2795       384      2800       391      2785       402      2758       363      2825       426 PARcau 5.501257e-12 1.000000
    67   0       4313       1303 14.000  19.000 198.5 90.000     4304     1296     4324     1311     20     15      4304      1296      4323      1296      4323      1310      4304      1310      4279      1271      4349      1336 PARcau 3.323425e-06 0.999997
    68   1       2794        390  8.382  17.241 100.0 71.565     2786      385     2803      397     17     12      2784       389      2801       384      2803       392      2787       397      2761       360      2828       422 PARcau 8.965547e-09 1.000000
    68   0       4309       1304 12.207  21.633 199.5 56.310     4300     1297     4320     1313     20     16      4297      1305      4315      1293      4322      1303      4304      1315      4275      1272      4345      1338 PARcau 8.936630e-08 1.000000
    69   1       2797        389  7.616  18.385 100.0 68.199     2789      384     2807      395     18     11      2787       389      2804       382      2807       389      2790       396      2764       359      2832       420 PARcau 1.993078e-11 1.000000
    69   0       4306       1306 12.298  21.915 209.5 63.435     4296     1299     4317     1316     21     17      4293      1306      4313      1296      4318      1307      4299      1317      4271      1274      4342      1341 PARcau 3.778144e-12 1.000000
    70   1       2801        387  8.078  17.270  96.0 68.199     2792      384     2811      393     19      9      2791       387      2807       380      2810       388      2794       394      2767       359      2836       418 PARcau 8.116124e-08 1.000000
    70   0       4302       1309 12.104  22.902 220.5 53.130     4292     1301     4313     1319     21     18      4289      1312      4307      1298      4315      1308      4296      1321      4267      1276      4338      1344 PARcau 8.121377e-11 1.000000
    71   1       2807        386  8.000  17.000 102.5 90.000     2798      382     2816      391     18      9      2798       382      2815       382      2815       390      2798       390      2773       357      2841       416 PARcau 1.452639e-06 0.999999
    71   0       4297       1313 12.104  24.300 229.5 53.130     4287     1304     4309     1323     22     19      4284      1315      4304      1301      4311      1310      4292      1325      4262      1279      4334      1348 PARcau 5.974742e-14 1.000000
    72   1       2811        385  8.062  18.248 107.0 80.538     2802      381     2821      390     19      9      2801       382      2819       379      2820       387      2802       390      2777       356      2846       415 PARcau 1.049567e-06 0.999999
    72   0       4293       1317 12.042  24.042 222.0 45.000     4283     1308     4305     1327     22     19      4280      1321      4297      1304      4306      1312      4289      1329      4258      1283      4330      1352 PARcau 1.170605e-14 1.000000
    73   1       2815        383  8.000  18.000 102.0 90.000     2806      380     2825      389     19      9      2806       380      2824       380      2824       388      2806       388      2781       355      2850       414 PARcau 1.606112e-05 0.999984
    73   0       4288       1321 12.104  24.910 222.0 51.340     4278     1313     4300     1331     22     18      4275      1324      4294      1308      4302      1318      4282      1333      4253      1288      4325      1356 PARcau 8.945182e-10 1.000000
    74   0       4284       1325 12.500  24.005 223.5 53.130     4274     1317     4296     1334     22     17      4271      1327      4290      1313      4298      1323      4278      1337      4249      1292      4321      1359 PARcau 7.182202e-10 1.000000
    74   1       2821        382  7.000  18.000 100.0 90.000     2812      379     2831      387     19      8      2812       379      2830       379      2830       386      2812       386      2787       354      2856       412 PARcau 7.031814e-05 0.999930
    75   0       4279       1329 11.853  23.927 215.5 63.435     4269     1321     4292     1338     23     17      4266      1329      4288      1319      4293      1329      4272      1340      4244      1296      4317      1363 PARcau 8.419326e-07 0.999999
    75   1       2828        382  6.000  18.000  90.5 90.000     2819      379     2838      386     19      7      2819       379      2837       379      2837       385      2819       385      2794       354      2863       411 PARcau 4.909645e-04 0.999509
    76   0       4275       1333 12.530  24.597 223.0 63.435     4264     1326     4288     1342     24     16      4261      1333      4283      1322      4289      1333      4267      1344      4239      1301      4313      1367 PARcau 7.558520e-06 0.999992
    76   1       2836        382  7.000  18.000  99.5 90.000     2827      379     2846      387     19      8      2827       379      2845       379      2845       386      2827       386      2802       354      2871       412 PARcau 8.091098e-05 0.999919
    77   0       4270       1337 12.530  24.597 220.5 63.435     4259     1330     4283     1345     24     15      4256      1337      4278      1326      4284      1337      4262      1348      4234      1305      4308      1370 PARcau 1.300110e-08 1.000000
    77   1       2844        382  7.000  19.000 101.0 90.000     2835      379     2855      387     20      8      2835       379      2854       379      2854       386      2835       386      2810       354      2880       412 PARcau 5.642051e-05 0.999944
    78   0       4265       1340 12.748  25.269 228.5 63.435     4254     1333     4278     1349     24     16      4251      1340      4274      1329      4279      1340      4257      1352      4229      1308      4303      1374 PARcau 1.908580e-09 1.000000
    78   1       2853        382  7.000  17.000  97.0 90.000     2845      379     2863      387     18      8      2845       379      2862       379      2862       386      2845       386      2820       354      2888       412 PARcau 1.682952e-04 0.999832
    79   0       4260       1343 12.166  25.495 227.0 78.690     4248     1337     4273     1351     25     14      4246      1339      4271      1334      4273      1346      4248      1351      4223      1312      4298      1376 PARcau 1.381898e-07 1.000000
    79   1       2861        382  7.000  18.000  99.0 90.000     2852      379     2871      387     19      8      2852       379      2870       379      2870       386      2852       386      2827       354      2896       412 PARcau 1.237220e-04 0.999876
    80   0       4254       1345 12.258  24.026 221.5 78.690     4243     1339     4267     1353     24     14      4241      1342      4265      1337      4267      1349      4244      1354      4218      1314      4292      1378 PARcau 3.351305e-06 0.999997
    80   1       2870        382  7.000  18.000 103.0 90.000     2861      379     2880      387     19      8      2861       379      2879       379      2879       386      2861       386      2836       354      2905       412 PARcau 1.179755e-05 0.999988
    81   0       4249       1347 12.000  24.000 227.5 90.000     4237     1341     4262     1354     25     13      4237      1341      4261      1341      4261      1353      4237      1353      4212      1316      4287      1379 PARcau 5.952006e-07 0.999999
    81   1       2879        382  7.071  17.117  85.5  8.130     2871      379     2889      387     18      8      2871       378      2888       380      2887       387      2870       385      2846       354      2914       412 PARcau 2.104974e-06 0.999998
    82   0       4243       1348 12.000  24.000 227.5 90.000     4231     1342     4256     1355     25     13      4231      1342      4255      1342      4255      1354      4231      1354      4206      1317      4281      1380 PARcau 2.861456e-07 1.000000
    82   1       2888        383  7.071  17.117  84.5  7.125     2880      380     2898      388     18      8      2880       379      2897       381      2896       388      2879       386      2855       355      2923       413 PARcau 3.510994e-08 1.000000
    83   0       4237       1348 12.000  24.000 224.5 90.000     4225     1343     4250     1356     25     13      4225      1343      4249      1343      4249      1355      4225      1355      4200      1318      4275      1381 PARcau 6.599283e-04 0.999340
    83   1       2897        385  7.000  17.000  91.0 90.000     2889      382     2907      390     18      8      2889       382      2906       382      2906       389      2889       389      2864       357      2932       415 PARcau 6.094078e-07 0.999999
    84   0       4230       1348 12.000  24.000 225.5 90.000     4219     1343     4244     1356     25     13      4219      1343      4243      1343      4243      1355      4219      1355      4194      1318      4269      1381 PARcau 1.002927e-06 0.999999
    84   1       2907        387  8.000  16.000  96.0 90.000     2899      384     2916      393     17      9      2899       384      2915       384      2915       392      2899       392      2874       359      2941       418 PARcau 5.985528e-07 0.999999
    85   0       4224       1347 12.000  23.000 220.5 90.000     4213     1342     4237     1355     24     13      4213      1342      4236      1342      4236      1354      4213      1354      4188      1317      4262      1380 PARcau 1.914481e-03 0.998085
    85   1       2916        390  7.433  17.557  88.5 18.435     2908      387     2925      396     17      9      2909       384      2925       390      2923       397      2906       391      2883       362      2950       421 PARcau 8.748974e-10 1.000000
    86   0       4218       1346 12.000  22.000 211.0 90.000     4208     1341     4231     1354     23     13      4208      1341      4230      1341      4230      1353      4208      1353      4183      1316      4256      1379 PARcau 2.372234e-02 0.976278
    86   1       2924        394  7.280  16.763  87.5 18.435     2917      390     2933      400     16     10      2917       388      2933       393      2931       400      2915       395      2892       365      2958       425 PARcau 2.691249e-07 1.000000
    87   0       4214       1345 11.000  21.000 192.5 90.000     4204     1340     4226     1352     22     12      4204      1340      4225      1340      4225      1351      4204      1351      4179      1315      4251      1377 PARcau 1.483613e-02 0.985164
    87   1       2932        398  7.382  17.219  93.5 26.565     2925      394     2941      405     16     11      2926       391      2942       399      2938       405      2923       398      2900       369      2966       430 PARcau 3.711892e-09 1.000000
    88   0       4212       1343 12.000  20.000 196.5 90.000     4202     1338     4223     1351     21     13      4202      1338      4222      1338      4222      1350      4202      1350      4177      1313      4248      1376 PARcau 1.625087e-02 0.983749
    88   1       2940        403  7.616  17.889 100.0 26.565     2932      398     2949      410     17     12      2933       395      2949       403      2946       410      2930       402      2907       373      2974       435 PARcau 4.483706e-08 1.000000
    89   0       4211       1342 12.000  17.000 167.5 90.000     4203     1337     4221     1350     18     13      4203      1337      4220      1337      4220      1349      4203      1349      4178      1312      4246      1375 PARcau 6.895217e-02 0.931048
    89   1       2944        407  7.500  16.800 103.0 36.870     2937      402     2953      415     16     13      2940       399      2953       409      2949       415      2935       405      2912       377      2978       440 PARcau 7.149188e-08 1.000000
    90   0       4212       1342 13.000  14.000 140.0 90.000     4205     1336     4220     1350     15     14      4205      1336      4219      1336      4219      1349      4205      1349      4180      1311      4245      1375 PARcau 4.765035e-01 0.523496
    90   1       2943        408  7.071  16.971 102.0 45.000     2936      402     2951      416     15     14      2939       399      2951       411      2946       416      2934       404      2911       377      2976       441 PARcau 2.842038e-07 1.000000
    91   0       4213       1342 13.000  13.416 119.5 63.435     4207     1336     4221     1350     14     14      4204      1339      4216      1334      4222      1346      4210      1351      4182      1311      4246      1375 PARcau 4.021647e-01 0.597835
    91   1       2939        405  8.062  15.652  85.0 63.435     2933      398     2945      413     12     15      2938       396      2945       410      2938       414      2931       400      2908       373      2970       438 PARcau 9.450818e-06 0.999991
    92   0       4215       1342 12.083  14.318 116.5 63.435     4209     1336     4222     1352     13     16      4206      1339      4217      1334      4223      1347      4212      1352      4184      1311      4247      1377 PARcau 3.338736e-01 0.666126
    92   1       2935        402  7.500  11.011  55.5 53.130     2931      397     2941      409     10     12      2935       396      2942       404      2936       409      2929       400      2906       372      2966       434 PARcau 7.336833e-02 0.926632
    93   0       4217       1344 11.314  15.556 142.5 45.000     4211     1337     4225     1354     14     17      4216      1335      4227      1346      4219      1354      4208      1343      4186      1312      4250      1379 PARcau 6.163230e-02 0.938368
    93   1       2931        400  8.000  10.000  53.5 90.000     2927      396     2938      405     11      9      2927       396      2937       396      2937       404      2927       404      2902       371      2963       430 PARcau 9.798446e-02 0.902016
    94   0       4219       1347 11.511  18.722 147.0 56.310     4213     1338     4227     1358     14     20      4219      1336      4229      1351      4220      1358      4209      1342      4188      1313      4252      1383 PARcau 1.162900e-04 0.999884
    94   1       2927        398  8.000  11.000  53.5 90.000     2922      395     2934      404     12      9      2922       395      2933       395      2933       403      2922       403      2897       370      2959       429 PARcau 1.274157e-02 0.987258
    95   0       4222       1350 12.728  19.799 167.0 45.000     4215     1341     4230     1361     15     20      4219      1338      4233      1352      4224      1361      4210      1347      4190      1316      4255      1386 PARcau 7.364122e-02 0.926359
    95   1       2922        396  7.616  11.705  67.0 18.435     2917      392     2929      402     12     10      2918       391      2929       395      2926       402      2915       398      2892       367      2954       427 PARcau 3.231475e-06 0.999997
    96   0       4224       1353 10.770  22.472 165.5 69.444     4218     1343     4232     1364     14     21      4215      1344      4225      1340      4233      1361      4223      1365      4193      1318      4257      1389 PARcau 2.207829e-03 0.997792
    96   1       2917        395  8.602  12.207  67.0 56.310     2911      391     2925      401     14     10      2917       387      2924       397      2917       402      2910       392      2886       366      2950       426 PARcau 3.400462e-07 1.000000
    97   0       4227       1356 11.543  21.360 177.5 74.055     4221     1346     4235     1367     14     21      4218      1347      4229      1344      4235      1364      4224      1368      4196      1321      4260      1392 PARcau 2.427716e-04 0.999757
    97   1       2912        393  8.062  15.652  77.5 26.565     2906      388     2921      400     15     12      2907       386      2921       393      2917       400      2903       393      2881       363      2946       425 PARcau 1.827745e-07 1.000000
    98   0       4230       1359 11.885  22.006 189.0 68.199     4223     1349     4238     1371     15     22      4220      1351      4231      1347      4239      1367      4228      1372      4198      1324      4263      1396 PARcau 5.292235e-05 0.999947
    98   1       2907        392  7.826  13.865  69.5 26.565     2901      387     2915      398     14     11      2902       385      2915       391      2911       398      2899       392      2876       362      2940       423 PARcau 1.048984e-12 1.000000
    99   0       4232       1364 11.853  23.033 201.5 63.435     4226     1353     4241     1375     15     22      4232      1350      4243      1371      4232      1376      4222      1356      4201      1328      4266      1400 PARcau 1.876926e-05 0.999981
    99   1       2901        390  7.159  15.042  65.5 21.801     2894      385     2908      396     14     11      2895       384      2909       389      2906       396      2892       390      2869       360      2933       421 PARcau 1.382765e-11 1.000000
   100   0       4235       1369 12.000  22.000 203.5 90.000     4229     1358     4242     1381     13     23      4229      1358      4241      1358      4241      1380      4229      1380      4204      1333      4267      1406 PARcau 5.471968e-05 0.999945
   100   1       2896        387  6.103  15.692  68.0 30.964     2890      383     2905      394     15     11      2891       381      2905       389      2901       394      2888       386      2865       358      2930       419 PARcau 4.041379e-10 1.000000
   101   0       4237       1373 12.000  24.000 220.5 90.000     4231     1362     4244     1387     13     25      4231      1362      4243      1362      4243      1386      4231      1386      4206      1337      4269      1412 PARcau 3.869175e-05 0.999961
   101   1       2890        384  6.946  15.692  64.0 30.964     2884      379     2899      391     15     12      2885       377      2899       385      2895       391      2882       383      2859       354      2924       416 PARcau 1.188931e-09 1.000000
   102   0       4239       1378 12.000  24.000 226.5 90.000     4233     1367     4246     1392     13     25      4233      1367      4245      1367      4245      1391      4233      1391      4208      1342      4271      1417 PARcau 4.940034e-04 0.999506
   102   1       2884        379  7.071  15.556  65.5 45.000     2878      375     2892      387     14     12      2881       371      2892       382      2887       387      2876       376      2853       350      2917       412 PARcau 2.296005e-12 1.000000
   103   0       4240       1383 12.000  23.000 215.0 90.000     4234     1372     4247     1396     13     24      4234      1372      4246      1372      4246      1395      4234      1395      4209      1347      4272      1421 PARcau 2.146869e-03 0.997853
   103   1       2877        374  7.810  17.029  82.0 38.660     2871      369     2886      382     15     13      2874       366      2887       377      2882       383      2869       372      2846       344      2911       407 PARcau 2.726794e-14 1.000000
   104   0       4242       1388 11.000  24.000 216.5 90.000     4237     1377     4249     1402     12     25      4237      1377      4248      1377      4248      1401      4237      1401      4212      1352      4274      1427 PARcau 6.951366e-03 0.993049
   104   1       2872        369  8.485  16.971 101.5 45.000     2866      363     2880      377     14     14      2869       360      2881       372      2875       378      2863       366      2841       338      2905       402 PARcau 1.326062e-11 1.000000
   105   0       4243       1394 11.000  25.000 224.0 90.000     4238     1382     4250     1408     12     26      4238      1382      4249      1382      4249      1407      4238      1407      4213      1357      4275      1433 PARcau 2.762153e-04 0.999724
   105   1       2866        363  7.778  17.678 110.0 45.000     2860      357     2874      372     14     15      2863       354      2875       367      2870       372      2857       360      2835       332      2899       397 PARcau 2.607981e-15 1.000000
   106   0       4244       1399 11.000  25.000 222.0 90.000     4239     1387     4251     1413     12     26      4239      1387      4250      1387      4250      1412      4239      1412      4214      1362      4276      1438 PARcau 1.561779e-02 0.984382
   106   1       2861        357  8.201  18.118 110.0 53.130     2855      350     2869      366     14     16      2858       347      2869       361      2863       366      2851       352      2830       325      2894       391 PARcau 3.621866e-11 1.000000
   107   0       4244       1404 12.000  24.000 227.0 90.000     4239     1393     4252     1418     13     25      4239      1393      4251      1393      4251      1417      4239      1417      4214      1368      4277      1443 PARcau 1.444543e-03 0.998555
   107   1       2856        350  8.485  16.971 107.5 45.000     2850      343     2864      359     14     16      2853       341      2865       353      2859       359      2847       347      2825       318      2889       384 PARcau 1.420632e-09 1.000000
   108   0       4245       1410 12.042  24.187 211.5  8.130     4239     1399     4252     1424     13     25      4240      1398      4252      1399      4249      1423      4237      1422      4214      1374      4277      1449 PARcau 3.655740e-02 0.963443
   108   1       2851        343  7.810  17.804 107.5 51.340     2846      336     2859      352     13     16      2849       334      2860       348      2854       353      2843       339      2821       311      2884       377 PARcau 1.491785e-10 1.000000
   109   0       4244       1416 11.000  24.000 219.5 90.000     4239     1405     4251     1430     12     25      4239      1405      4250      1405      4250      1429      4239      1429      4214      1380      4276      1455 PARcau 3.979065e-04 0.999602
   109   1       2848        337  8.485  16.971 113.5 45.000     2842      329     2855      346     13     17      2845       328      2857       340      2851       346      2839       334      2817       304      2880       371 PARcau 1.536599e-10 1.000000
   110   0       4243       1422 11.180  24.331 212.0  9.462     4237     1411     4250     1435     13     24      4239      1409      4250      1411      4246      1435      4235      1433      4212      1386      4275      1460 PARcau 7.645651e-04 0.999235
   111   0       4241       1427 11.000  23.000 207.0 90.000     4236     1416     4248     1440     12     24      4236      1416      4247      1416      4247      1439      4236      1439      4211      1391      4273      1465 PARcau 4.818285e-07 1.000000
   112   0       4239       1432 12.000  23.000 210.5 90.000     4234     1421     4247     1445     13     24      4234      1421      4246      1421      4246      1444      4234      1444      4209      1396      4272      1470 PARcau 1.233363e-05 0.999988
   113   0       4237       1437 11.885  22.677 207.5 14.036     4231     1426     4245     1449     14     23      4234      1424      4246      1427      4240      1449      4229      1446      4206      1401      4270      1474 PARcau 2.679963e-05 0.999973
   114   0       4235       1442 12.000  22.000 200.5 90.000     4229     1431     4242     1454     13     23      4229      1431      4241      1431      4241      1453      4229      1453      4204      1406      4267      1479 PARcau 1.273715e-05 0.999987
   115   0       4233       1445 12.000  22.000 195.5 90.000     4227     1435     4240     1458     13     23      4227      1435      4239      1435      4239      1457      4227      1457      4202      1410      4265      1483 PARcau 8.444121e-06 0.999992
   116   0       4230       1450 12.000  21.000 195.0 90.000     4225     1440     4238     1462     13     22      4225      1440      4237      1440      4237      1461      4225      1461      4200      1415      4263      1487 PARcau 6.326448e-05 0.999937
   117   0       4228       1454 12.000  20.000 191.5 90.000     4223     1444     4236     1465     13     21      4223      1444      4235      1444      4235      1464      4223      1464      4198      1419      4261      1490 PARcau 1.657387e-01 0.834261
   118   0       4227       1457 11.000  20.000 177.5  0.000     4222     1447     4234     1468     12     21      4222      1447      4233      1447      4233      1467      4222      1467      4197      1422      4259      1493 PARcau 1.813389e-02 0.981866
   119   0       4226       1460 11.000  20.000 181.5 90.000     4221     1451     4233     1472     12     21      4221      1451      4232      1451      4232      1471      4221      1471      4196      1426      4258      1497 PARcau 1.546659e-02 0.984533
   120   0       4226       1463 12.000  19.000 175.5 90.000     4220     1454     4233     1474     13     20      4220      1454      4232      1454      4232      1473      4220      1473      4195      1429      4258      1499 PARcau 4.916277e-01 0.508372
   121   0       4226       1466 12.000  20.000 181.5  0.000     4220     1456     4233     1477     13     21      4220      1456      4232      1456      4232      1476      4220      1476      4195      1431      4258      1502 PARcau 3.143207e-01 0.685679
   122   0       4226       1468 11.281  19.906 166.5 78.690     4221     1459     4234     1479     13     20      4219      1459      4230      1457      4234      1476      4223      1479      4196      1434      4259      1504 PARcau 4.426278e-01 0.557372
   123   0       4227       1470 12.000  18.000 167.0 90.000     4222     1461     4235     1480     13     19      4222      1461      4234      1461      4234      1479      4222      1479      4197      1436      4260      1505 PARcau 3.357453e-03 0.996643
   124   0       4229       1472 12.000  18.000 161.5 90.000     4224     1463     4237     1482     13     19      4224      1463      4236      1463      4236      1481      4224      1481      4199      1438      4262      1507 PARcau 6.582768e-03 0.993417
   125   0       4232       1474 12.728  18.385 171.5 45.000     4225     1465     4240     1484     15     19      4230      1463      4243      1476      4234      1485      4221      1472      4200      1440      4265      1509 PARcau 2.872287e-04 0.999713
   126   0       4234       1476 11.885  19.780 171.5 68.199     4228     1467     4242     1486     14     19      4225      1469      4236      1464      4243      1483      4232      1487      4203      1442      4267      1511 PARcau 1.337585e-03 0.998662
   127   0       4237       1478 12.298  19.679 178.0 63.435     4231     1470     4246     1488     15     18      4227      1472      4238      1467      4247      1484      4236      1490      4206      1445      4271      1513 PARcau 6.846837e-04 0.999315
   128   0       4240       1481 12.777  20.670 186.5 59.036     4233     1472     4248     1492     15     20      4240      1469      4251      1487      4240      1493      4229      1476      4208      1447      4273      1517 PARcau 1.489656e-05 0.999985
   129   0       4242       1484 13.435  20.506 204.5 45.000     4235     1475     4251     1495     16     20      4240      1472      4255      1487      4245      1496      4231      1482      4210      1450      4276      1520 PARcau 7.171187e-06 0.999993
   130   0       4245       1487 12.530  22.472 205.5 59.036     4238     1478     4254     1499     16     21      4244      1475      4256      1494      4245      1500      4233      1481      4213      1453      4279      1524 PARcau 3.200893e-03 0.996799
   131   0       4246       1491 12.349  23.119 209.0 68.199     4239     1481     4255     1503     16     22      4236      1483      4248      1478      4256      1500      4245      1504      4214      1456      4280      1528 PARcau 5.243883e-08 1.000000
   132   0       4248       1495 11.543  23.880 210.5 71.565     4241     1485     4256     1508     15     23      4238      1486      4249      1482      4257      1505      4246      1508      4216      1460      4281      1533 PARcau 7.520260e-08 1.000000
   133   0       4248       1499 12.166  23.195 214.5 81.870     4242     1489     4256     1512     14     23      4241      1489      4253      1487      4256      1510      4244      1512      4217      1464      4281      1537 PARcau 2.523830e-06 0.999997
   134   0       4248       1504 11.102  23.838 206.5 80.538     4242     1493     4255     1517     13     24      4240      1493      4251      1491      4255      1515      4244      1516      4217      1468      4280      1542 PARcau 8.265565e-07 0.999999
   135   0       4247       1507 11.000  23.000 209.5 90.000     4242     1496     4254     1520     12     24      4242      1496      4253      1496      4253      1519      4242      1519      4217      1471      4279      1545 PARcau 1.819942e-03 0.998180
   136   0       4245       1511 12.000  23.000 209.5 90.000     4240     1500     4253     1524     13     24      4240      1500      4252      1500      4252      1523      4240      1523      4215      1475      4278      1549 PARcau 8.407475e-04 0.999159
   137   0       4244       1514 11.000  23.000 209.5 90.000     4239     1503     4251     1527     12     24      4239      1503      4250      1503      4250      1526      4239      1526      4214      1478      4276      1552 PARcau 1.546625e-02 0.984534
   138   0       4242       1517 12.000  22.000 201.0  0.000     4237     1506     4250     1529     13     23      4237      1506      4249      1506      4249      1528      4237      1528      4212      1481      4275      1554 PARcau 2.314581e-03 0.997685
   139   0       4241       1519 12.258  22.853 206.5 11.310     4235     1509     4249     1532     14     23      4237      1507      4249      1509      4245      1532      4233      1529      4210      1484      4274      1557 PARcau 9.148268e-04 0.999085
   140   0       4240       1521 12.176  21.030 196.5 18.435     4234     1511     4248     1533     14     22      4237      1509      4249      1513      4242      1533      4231      1529      4209      1486      4273      1558 PARcau 1.966255e-02 0.980337
   141   0       4239       1522 12.000  20.000 176.5 90.000     4234     1513     4247     1534     13     21      4234      1513      4246      1513      4246      1533      4234      1533      4209      1488      4272      1559 PARcau 1.178300e-02 0.988217
   142   0       4239       1523 12.000  18.000 164.0 90.000     4233     1515     4246     1534     13     19      4233      1515      4245      1515      4245      1533      4233      1533      4208      1490      4271      1559 PARcau 4.335714e-01 0.566428
   143   0       4238       1524 11.705  18.028 159.0 18.435     4233     1516     4246     1535     13     19      4236      1514      4247      1518      4241      1535      4230      1531      4208      1491      4271      1560 PARcau 1.907977e-01 0.809202
   144   0       4239       1526 11.000  17.000 130.5 90.000     4234     1518     4246     1536     12     18      4234      1518      4245      1518      4245      1535      4234      1535      4209      1493      4271      1561 PARcau 1.886255e-01 0.811374
   145   0       4240       1527 10.920  17.586 131.0 75.964     4235     1519     4248     1537     13     18      4233      1520      4243      1517      4248      1534      4237      1537      4210      1494      4273      1562 PARcau 4.595672e-02 0.954043
   146   0       4242       1529 12.000  17.000 136.0 90.000     4237     1520     4250     1538     13     18      4237      1520      4249      1520      4249      1537      4237      1537      4212      1495      4275      1563 PARcau 3.434500e-01 0.656550
   147   0       4245       1530 12.728  17.692 155.5 45.000     4238     1521     4253     1540     15     19      4243      1519      4256      1531      4247      1540      4234      1528      4213      1496      4278      1565 PARcau 4.231240e-01 0.576876
   148   0       4247       1532 12.298  19.679 156.5 63.435     4240     1524     4255     1542     15     18      4237      1526      4248      1520      4257      1538      4246      1543      4215      1499      4280      1567 PARcau 4.248991e-03 0.995751
   149   0       4250       1534 12.369  18.682 174.0 74.055     4242     1526     4258     1545     16     19      4241      1527      4253      1524      4258      1542      4246      1545      4217      1501      4283      1570 PARcau 2.440507e-03 0.997559