 Frame  ID  CentroidX  CentroidY  Width  Length  Area  Angle  Box_TLX  Box_TLY  Box_BRX  Box_BRY  Box_W  Box_H  rBox_TLX  rBox_TLY  rBox_TRX  rBox_TRY  rBox_BRX  rBox_BRY  rBox_BLX  rBox_BLY  lBox_TLX  lBox_TLY  lBox_BRX  lBox_BRY  Label       NONpro   PARcau
    25   0       4069       1947 12.104  26.315 232.0 51.340     4058     1939     4083     1958     25     19      4056      1950      4076      1934      4084      1943      4063      1960      4033      1914      4108      1983 PARcau 6.442957e-06 0.999994
    26   0       4064       1947 11.885  27.771 243.5 66.801     4052     1941     4079     1956     27     15      4050      1947      4075      1936      4080      1947      4054      1958      4027      1916      4104      1981 PARcau 2.528214e-06 0.999997
    27   0       4056       1948 12.369  26.476 252.0 78.690     4044     1942     4071     1957     27     15      4042      1945      4068      1940      4071      1952      4045      1957      4019      1917      4096      1982 PARcau 1.704869e-04 0.999830
    28   0       4048       1949 12.000  26.000 252.0 90.000     4036     1943     4063     1956     27     13      4036      1943      4062      1943      4062      1955      4036      1955      4011      1918      4088      1981 PARcau 4.154369e-06 0.999996
    29   0       4041       1948 13.000  23.000 239.0 90.000     4030     1942     4054     1956     24     14      4030      1942      4053      1942      4053      1955      4030      1955      4005      1917      4079      1981 PARcau 1.111658e-03 0.998888
    30   0       4035       1947 14.000  21.000 219.5 90.000     4025     1941     4047     1956     22     15      4025      1941      4046      1941      4046      1955      4025      1955      4000      1916      4072      1981 PARcau 2.590564e-03 0.997409
    31   0       4030       1946 13.000  20.000 195.5 90.000     4020     1940     4041     1954     21     14      4020      1940      4040      1940      4040      1953      4020      1953      3995      1915      4066      1979 PARcau 1.782711e-02 0.982173
    32   0       4025       1945 14.000  17.000 180.0 90.000     4017     1939     4035     1954     18     15      4017      1939      4034      1939      4034      1953      4017      1953      3992      1914      4060      1979 PARcau 5.211566e-01 0.478843
    33   0       4021       1946 13.000  17.000 176.0 90.000     4013     1940     4031     1954     18     14      4013      1940      4030      1940      4030      1953      4013      1953      3988      1915      4056      1979 PARcau 2.098485e-02 0.979015
    34   0       4017       1947 14.000  17.000 180.0 90.000     4009     1941     4027     1956     18     15      4009      1941      4026      1941      4026      1955      4009      1955      3984      1916      4052      1981 PARcau 3.075314e-03 0.996925
    35   0       4016       1947 13.000  16.000 166.5 90.000     4009     1941     4026     1955     17     14      4009      1941      4025      1941      4025      1954      4009      1954      3984      1916      4051      1980 PARcau 7.774714e-02 0.922253
    36   0       4019       1945 13.000  14.000 139.5 90.000     4013     1939     4028     1953     15     14      4013      1939      4027      1939      4027      1952      4013      1952      3988      1914      4053      1978 PARcau 1.660126e-01 0.833987
    37   0       4023       1945 12.258  16.771 156.5 78.690     4016     1938     4033     1953     17     15      4014      1940      4030      1937      4033      1949      4016      1952      3991      1913      4058      1978 PARcau 1.576354e-01 0.842365
    38   0       4026       1946 12.000  23.000 210.0 90.000     4015     1940     4039     1953     24     13      4015      1940      4038      1940      4038      1952      4015      1952      3990      1915      4064      1978 PARcau 9.675482e-04 0.999032
    39   0       4028       1948 11.705  26.249 217.5 18.435     4016     1941     4042     1956     26     15      4017      1938      4042      1946      4038      1957      4013      1949      3991      1916      4067      1981 PARcau 1.295385e-05 0.999987
    40   0       4029       1951 11.314  25.456 230.0 45.000     4019     1941     4040     1963     21     22      4024      1938      4042      1956      4034      1964      4016      1946      3994      1916      4065      1988 PARcau 8.035067e-10 1.000000
    41   0       4031       1957 12.971  26.613 237.0 63.435     4023     1946     4041     1970     18     24      4031      1942      4042      1966      4031      1972      4019      1948      3998      1921      4066      1995 PARcau 4.820268e-09 1.000000
    42   0       4034       1966 11.705  26.249 238.0 71.565     4027     1954     4042     1979     15     25      4024      1955      4035      1951      4043      1976      4032      1980      4002      1929      4067      2004 PARcau 4.618417e-08 1.000000
    43   0       4035       1974 12.000  26.000 251.0 90.000     4029     1962     4042     1989     13     27      4029      1962      4041      1962      4041      1988      4029      1988      4004      1937      4067      2014 PARcau 4.602786e-03 0.995397
    44   0       4034       1982 12.000  26.000 256.0 90.000     4029     1970     4042     1997     13     27      4029      1970      4041      1970      4041      1996      4029      1996      4004      1945      4067      2022 PARcau 9.368586e-03 0.990631
    45   0       4034       1990 12.000  27.000 262.0 90.000     4029     1977     4042     2005     13     28      4029      1977      4041      1977      4041      2004      4029      2004      4004      1952      4067      2030 PARcau 1.406705e-04 0.999859
    46   0       4035       1997 12.000  28.000 262.0 90.000     4029     1984     4042     2013     13     29      4029      1984      4041      1984      4041      2012      4029      2012      4004      1959      4067      2038 PARcau 6.209272e-04 0.999379
    47   0       4035       2006 12.000  28.000 272.0 90.000     4029     1993     4042     2022     13     29      4029      1993      4041      1993      4041      2021      4029      2021      4004      1968      4067      2047 PARcau 1.634078e-06 0.999998
    48   0       4036       2015 12.000  29.000 271.5 90.000     4030     2001     4043     2031     13     30      4030      2001      4042      2001      4042      2030      4030      2030      4005      1976      4068      2056 PARcau 4.795392e-04 0.999520
    49   0       4037       2023 11.673  28.535 266.0 78.690     4031     2010     4046     2038     15     28      4029      2010      4040      2008      4046      2036      4034      2038      4006      1985      4071      2063 PARcau 1.499864e-07 1.000000
    50   0       4040       2030 12.298  28.623 260.5 63.435     4033     2017     4049     2045     16     28      4039      2015      4052      2040      4041      2046      4028      2020      4008      1992      4074      2070 PARcau 2.651744e-05 0.999974
    51   0       4043       2036 12.619  27.735 261.5 56.310     4035     2024     4053     2050     18     26      4040      2021      4056      2044      4045      2051      4030      2028      4010      1999      4078      2075 PARcau 3.008026e-07 1.000000
    52   0       4047       2042 12.207  27.459 259.0 56.310     4038     2030     4058     2054     20     24      4044      2027      4059      2050      4049      2057      4034      2034      4013      2005      4083      2079 PARcau 3.485246e-08 1.000000
    53   0       4051       2047 12.042  27.019 261.5 51.340     4042     2036     4063     2060     21     24      4047      2033      4064      2054      4055      2062      4038      2041      4017      2011      4088      2085 PARcau 6.179603e-09 1.000000
    54   0       4056       2053 12.021  27.577 259.5 45.000     4046     2043     4069     2065     23     22      4051      2039      4071      2059      4062      2067      4043      2048      4021      2018      4094      2090 PARcau 2.733399e-09 1.000000
    55   0       4062       2059 11.314  26.870 253.5 45.000     4052     2049     4074     2071     22     22      4057      2046      4076      2065      4068      2073      4049      2054      4027      2024      4099      2096 PARcau 3.771748e-13 1.000000
    56   0       4067       2065 12.021  27.577 259.5 45.000     4057     2055     4080     2077     23     22      4062      2051      4082      2071      4073      2079      4054      2060      4032      2030      4105      2102 PARcau 1.839837e-14 1.000000
    57   0       4073       2071 12.042  28.284 268.5 45.000     4063     2061     4085     2084     22     23      4068      2058      4088      2078      4079      2086      4059      2066      4038      2036      4110      2109 PARcau 2.111230e-11 1.000000
    58   0       4079       2078 12.042  28.284 271.5 45.000     4069     2068     4091     2091     22     23      4073      2064      4093      2084      4085      2093      4065      2073      4044      2043      4116      2116 PARcau 9.451739e-11 1.000000
    59   0       4084       2085 12.500  28.200 269.0 53.130     4075     2074     4096     2099     21     25      4081      2071      4098      2093      4088      2101      4071      2078      4050      2049      4121      2124 PARcau 1.064477e-10 1.000000
    60   0       4089       2093 12.777  28.430 274.0 56.310     4080     2081     4100     2107     20     26      4087      2078      4103      2101      4092      2108      4076      2084      4055      2056      4125      2132 PARcau 1.231869e-07 1.000000
    61   0       4094       2101 12.083  29.069 277.5 63.435     4085     2089     4104     2117     19     28      4093      2086      4106      2112      4095      2117      4082      2091      4060      2064      4129      2142 PARcau 3.340303e-09 1.000000
    62   0       4097       2111 12.176  29.568 267.5 71.565     4090     2098     4106     2126     16     28      4087      2099      4098      2095      4108      2123      4096      2127      4065      2073      4131      2151 PARcau 4.400205e-08 1.000000
    63   0       4100       2119 11.769  29.026 264.0 78.690     4093     2106     4108     2135     15     29      4091      2106      4103      2104      4108      2132      4097      2135      4068      2081      4133      2160 PARcau 7.501688e-06 0.999992
    64   0       4101       2127 12.166  28.443 263.0 80.538     4095     2113     4108     2143     13     30      4092      2114      4104      2112      4109      2140      4097      2142      4070      2088      4133      2168 PARcau 5.613492e-06 0.999994
    65   0       4101       2136 11.000  29.000 255.5 90.000     4096     2122     4108     2152     12     30      4096      2122      4107      2122      4107      2151      4096      2151      4071      2097      4133      2177 PARcau 1.091258e-05 0.999989
    66   0       4102       2144 11.000  28.000 254.0 90.000     4097     2131     4109     2160     12     29      4097      2131      4108      2131      4108      2159      4097      2159      4072      2106      4134      2185 PARcau 2.622285e-03 0.997378
    67   0       4102       2153 11.000  27.000 241.5 90.000     4097     2140     4109     2168     12     28      4097      2140      4108      2140      4108      2167      4097      2167      4072      2115      4134      2193 PARcau 5.139451e-05 0.999949
    68   0       4103       2161 11.000  26.000 232.0  0.000     4098     2148     4110     2175     12     27      4098      2148      4109      2148      4109      2174      4098      2174      4073      2123      4135      2200 PARcau 1.571831e-02 0.984282
    69   0       4105       2169 12.000  26.000 238.0  0.000     4099     2156     4112     2183     13     27      4099      2156      4111      2156      4111      2182      4099      2182      4074      2131      4137      2208 PARcau 2.032402e-09 1.000000
    70   0       4108       2177 11.402  25.710 231.0 75.964     4102     2165     4116     2191     14     26      4099      2166      4110      2163      4116      2188      4105      2191      4077      2140      4141      2216 PARcau 1.013813e-05 0.999990
    71   0       4112       2185 11.180  25.942 223.5 63.435     4105     2173     4122     2197     17     24      4111      2171      4123      2194      4113      2199      4101      2176      4080      2148      4147      2222 PARcau 3.944980e-08 1.000000
    72   0       4118       2192 11.800  26.349 230.0 56.310     4109     2182     4129     2204     20     22      4115      2178      4130      2200      4120      2207      4106      2185      4084      2157      4154      2229 PARcau 3.623669e-11 1.000000
    73   0       4124       2199 11.314  26.870 246.0 45.000     4115     2189     4136     2211     21     22      4119      2186      4138      2205      4130      2213      4111      2194      4090      2164      4161      2236 PARcau 8.725172e-11 1.000000
    74   0       4131       2206 11.314  26.870 248.5 45.000     4121     2196     4143     2218     22     22      4126      2193      4145      2212      4137      2220      4118      2201      4096      2171      4168      2243 PARcau 4.473427e-13 1.000000
    75   0       4138       2213 12.021  27.577 250.0 45.000     4128     2204     4151     2226     23     22      4134      2200      4153      2219      4145      2228      4125      2208      4103      2179      4176      2251 PARcau 1.089233e-12 1.000000
    76   0       4145       2221 12.042  28.284 249.0 45.000     4136     2211     4157     2234     21     23      4140      2207      4160      2227      4152      2236      4132      2216      4111      2186      4182      2259 PARcau 1.058987e-14 1.000000
    77   0       4152       2229 12.104  27.722 255.5 51.340     4142     2218     4163     2243     21     25      4148      2215      4166      2236      4156      2244      4139      2222      4117      2193      4188      2268 PARcau 8.575122e-14 1.000000
    78   0       4157       2238 11.511  28.151 244.5 56.310     4149     2227     4167     2253     18     26      4154      2223      4170      2247      4160      2253      4145      2230      4124      2202      4192      2278 PARcau 1.153594e-10 1.000000
    79   0       4161       2248 11.630  27.951 251.0 63.435     4154     2235     4170     2263     16     28      4160      2233      4173      2258      4162      2263      4150      2238      4129      2210      4195      2288 PARcau 3.687306e-10 1.000000
    80   0       4164       2258 11.543  28.935 249.5 71.565     4158     2245     4172     2274     14     29      4154      2246      4165      2243      4174      2270      4163      2274      4133      2220      4197      2299 PARcau 7.645669e-08 1.000000
    81   0       4166       2269 11.180  29.428 250.0 80.538     4160     2255     4173     2284     13     29      4158      2255      4169      2253      4174      2282      4163      2284      4135      2230      4198      2309 PARcau 3.354743e-05 0.999967
    82   0       4167       2277 11.000  26.000 237.0 90.000     4162     2264     4174     2291     12     27      4162      2264      4173      2264      4173      2290      4162      2290      4137      2239      4199      2316 PARcau 6.956310e-06 0.999993
    83   0       4168       2277 11.402  26.926 236.5 75.964     4162     2265     4176     2292     14     27      4159      2266      4170      2263      4177      2289      4166      2292      4137      2240      4201      2317 PARcau 9.907558e-09 1.000000
    84   0       4168       2277 12.000  25.000 226.0 90.000     4162     2265     4175     2291     13     26      4162      2265      4174      2265      4174      2290      4162      2290      4137      2240      4200      2316 PARcau 2.170127e-06 0.999998
    85   0       4166       2277 11.102  22.853 197.0  9.462     4161     2267     4174     2290     13     23      4163      2265      4174      2267      4170      2289      4159      2288      4136      2242      4199      2315 PARcau 4.234389e-05 0.999958
    86   0       4162       2279 12.728  21.213 195.0 45.000     4154     2270     4172     2290     18     20      4151      2282      4166      2267      4175      2276      4160      2291      4129      2245      4197      2315 PARcau 1.359878e-07 1.000000
    87   0       4160       2279 11.853  21.691 194.5 63.435     4151     2272     4172     2287     21     15      4148      2278      4168      2269      4173      2279      4154      2289      4126      2247      4197      2312 PARcau 6.576270e-04 0.999342
    88   0       4158       2278 12.000  22.000 201.0 90.000     4148     2272     4171     2285     23     13      4148      2272      4170      2272      4170      2284      4148      2284      4123      2247      4196      2310 PARcau 3.515281e-04 0.999648
    89   0       4155       2278 11.000  24.000 209.0 90.000     4144     2273     4169     2285     25     12      4144      2273      4168      2273      4168      2284      4144      2284      4119      2248      4194      2310 PARcau 1.345132e-04 0.999865
    90   0       4151       2278 11.000  24.000 211.5 90.000     4140     2273     4165     2285     25     12      4140      2273      4164      2273      4164      2284      4140      2284      4115      2248      4190      2310 PARcau 6.290796e-04 0.999371
    91   0       4149       2278 12.093  24.824 211.5  9.462     4137     2273     4162     2286     25     13      4137      2270      4162      2274      4160      2286      4136      2282      4112      2248      4187      2311 PARcau 2.849891e-05 0.999972
    92   0       4146       2278 11.000  24.000 210.5 90.000     4134     2273     4159     2285     25     12      4134      2273      4158      2273      4158      2284      4134      2284      4109      2248      4184      2310 PARcau 7.480218e-04 0.999252
    93   0       4143       2278 11.769  26.086 218.5 11.310     4131     2272     4157     2286     26     14      4131      2270      4157      2276      4154      2287      4129      2282      4106      2247      4182      2311 PARcau 3.082438e-08 1.000000
    94   0       4140       2278 12.021  25.933 217.0 18.435     4129     2271     4154     2287     25     16      4130      2269      4154      2277      4151      2289      4126      2280      4104      2246      4179      2312 PARcau 2.621341e-06 0.999997
    95   0       4138       2278 12.083  24.698 216.5 22.620     4127     2270     4151     2287     24     17      4129      2268      4152      2277      4147      2288      4124      2279      4102      2245      4176      2312 PARcau 6.534133e-10 1.000000
    96   0       4137       2277 12.093  23.943 200.5 28.610     4127     2268     4149     2286     22     18      4129      2266      4150      2278      4144      2288      4123      2277      4102      2243      4174      2311 PARcau 8.637829e-14 1.000000
    97   0       4136       2276 12.207  24.698 206.0 32.471     4127     2267     4149     2286     22     19      4129      2265      4150      2278      4143      2288      4122      2275      4102      2242      4174      2311 PARcau 1.354496e-10 1.000000
    98   0       4135       2276 11.800  24.703 175.5 36.027     4126     2267     4147     2286     21     19      4129      2264      4149      2279      4142      2288      4122      2274      4101      2242      4172      2311 PARcau 2.570454e-11 1.000000
    99   0       4134       2275 10.630  23.345 159.0 42.510     4126     2265     4146     2285     20     20      4129      2263      4146      2279      4139      2287      4122      2271      4101      2240      4171      2310 PARcau 3.109386e-09 1.000000
   100   0       4133       2274  9.192  24.789 115.5 47.726     4126     2265     4146     2285     20     20      4129      2262      4145      2281      4139      2287      4122      2269      4101      2240      4171      2310 PARcau 2.251095e-11 1.000000
   101   0       4131       2270 10.112  12.659  71.5 80.538     4126     2265     4138     2278     12     13      4125      2265      4135      2263      4137      2276      4127      2277      4101      2240      4163      2303 PARcau 1.728083e-11 1.000000
   102   0       4130       2269  7.382  14.089  46.5 26.565     4125     2265     4137     2277     12     12      4126      2263      4139      2270      4135      2276      4123      2270      4100      2240      4162      2302 PARcau 4.249826e-12 1.000000
   103   0       4130       2269  4.472  11.180  26.5 26.565     4125     2265     4136     2274     11      9      4126      2264      4136      2269      4134      2273      4124      2268      4100      2240      4161      2299 PARcau 8.055498e-12 1.000000
   105   0       4124       2272  6.403  13.454  58.5 49.399     4120     2267     4131     2279     11     12      4122      2266      4131      2276      4126      2280      4117      2270      4095      2242      4156      2304 PARcau 6.163493e-11 1.000000
   106   0       4122       2272  8.602  16.401 107.5 38.660     4115     2267     4131     2280     16     13      4118      2264      4131      2274      4126      2281      4113      2271      4090      2242      4156      2305 PARcau 5.636977e-07 0.999999
   107   0       4119       2272 10.296  19.235 147.0 26.565     4111     2266     4130     2280     19     14      4114      2263      4131      2272      4126      2281      4109      2272      4086      2241      4155      2305 PARcau 9.741184e-05 0.999903
   108   0       4118       2271 10.920  20.081 162.0 18.435     4109     2266     4129     2279     20     13      4110      2263      4129      2269      4126      2280      4107      2273      4084      2241      4154      2304 PARcau 1.231214e-03 0.998769
   109   0       4117       2271 11.068  21.506 176.0 18.435     4107     2265     4128     2279     21     14      4108      2262      4129      2269      4125      2279      4105      2273      4082      2240      4153      2304 PARcau 2.457477e-05 0.999975
   110   0       4116       2271 10.440  22.136 168.0 18.435     4106     2265     4128     2278     22     13      4107      2262      4128      2269      4125      2279      4104      2272      4081      2240      4153      2303 PARcau 2.574167e-06 0.999997
   111   0       4114       2270 10.440  21.190 168.5 18.435     4105     2265     4126     2278     21     13      4106      2262      4126      2269      4123      2279      4103      2272      4080      2240      4151      2303 PARcau 2.591486e-03 0.997409
   112   0       4114       2270 10.308  22.322 155.0 15.945     4104     2265     4126     2278     22     13      4104      2262      4126      2268      4123      2278      4102      2272      4079      2240      4151      2303 PARcau 7.622421e-05 0.999924
   113   0       4112       2270  9.962  23.901 161.5 15.945     4102     2265     4126     2278     24     13      4103      2262      4126      2269      4123      2278      4100      2272      4077      2240      4151      2303 PARcau 4.527447e-07 1.000000
   114   0       4110       2270 10.198  24.515 125.5 11.310     4101     2265     4125     2278     24     13      4101      2263      4125      2268      4123      2278      4099      2273      4076      2240      4150      2303 PARcau 7.008653e-11 1.000000
   115   0       4108       2270  9.220  24.515 119.0 11.310     4100     2265     4124     2277     24     12      4100      2263      4124      2268      4122      2277      4098      2272      4075      2240      4149      2302 PARcau 1.054628e-08 1.000000
   116   0       4104       2270 10.000  19.000 114.5  0.000     4097     2266     4117     2277     20     11      4097      2266      4116      2266      4116      2276      4097      2276      4072      2241      4142      2302 PARcau 8.264352e-04 0.999174
   117   0       4104       2272 10.000  19.000 120.0 90.000     4096     2267     4116     2278     20     11      4096      2267      4115      2267      4115      2277      4096      2277      4071      2242      4141      2303 PARcau 1.540370e-04 0.999846
   118   0       4104       2274  9.618  16.325 110.0 63.435     4097     2268     4114     2281     17     13      4095      2273      4109      2266      4114      2274      4099      2282      4072      2243      4139      2306 PARcau 9.112056e-05 0.999909
   119   0       4104       2276  9.708  14.009  93.5 56.310     4099     2269     4112     2283     13     14      4096      2276      4107      2268      4113      2276      4101      2284      4074      2244      4137      2308 PARcau 3.411915e-07 1.000000
   120   0       4105       2277  9.605  13.901  92.0 38.660     4100     2270     4112     2285     12     15      4098      2280      4106      2269      4114      2275      4105      2286      4075      2245      4137      2310 PARcau 8.485176e-08 1.000000
   121   0       4106       2280  9.849  15.232 104.0 23.199     4101     2271     4112     2288     11     17      4105      2270      4114      2274      4108      2288      4099      2284      4076      2246      4137      2313 PARcau 3.985563e-05 0.999960
   122   0       4106       2281  9.487  22.804 130.5 15.255     4102     2269     4115     2291     13     22      4105      2266      4114      2269      4108      2291      4099      2288      4077      2244      4140      2316 PARcau 2.193899e-05 0.999978
   123   0       4106       2282 10.548  24.130 154.0  6.340     4101     2268     4113     2293     12     25      4102      2267      4112      2268      4110      2292      4099      2291      4076      2243      4138      2318 PARcau 4.983667e-05 0.999950
   124   0       4105       2283 11.000  25.000 166.0 90.000     4100     2269     4112     2295     12     26      4100      2269      4111      2269      4111      2294      4100      2294      4075      2244      4137      2320 PARcau 2.840611e-03 0.997159
   125   0       4105       2286 10.000  25.000 152.5 90.000     4101     2271     4112     2297     11     26      4101      2271      4111      2271      4111      2296      4101      2296      4076      2246      4137      2322 PARcau 1.085616e-02 0.989144
   126   0       4106       2287 10.000  23.000 149.0 90.000     4101     2275     4112     2299     11     24      4101      2275      4111      2275      4111      2298      4101      2298      4076      2250      4137      2324 PARcau 6.560342e-04 0.999344
   127   0       4106       2288  9.000  23.000 151.0  0.000     4102     2276     4112     2300     10     24      4102      2276      4111      2276      4111      2299      4102      2299      4077      2251      4137      2325 PARcau 4.164390e-02 0.958356
   128   0       4105       2289  9.000  24.000 134.0 -0.000     4101     2276     4111     2301     10     25      4101      2276      4110      2276      4110      2300      4101      2300      4076      2251      4136      2326 PARcau 1.467835e-03 0.998532
   129   0       4105       2291  8.000  18.000 104.0 90.000     4102     2282     4111     2301      9     19      4102      2282      4110      2282      4110      2300      4102      2300      4077      2257      4136      2326 PARcau 4.180861e-02 0.958191
   130   0       4106       2293  9.220  14.318  60.0 78.690     4102     2284     4112     2300     10     16      4100      2285      4109      2283      4112      2297      4103      2299      4077      2259      4137      2325 PARcau 2.054218e-03 0.997946
   131   0       4109       2291 10.000  12.000  76.0 90.000     4103     2286     4116     2297     13     11      4103      2286      4115      2286      4115      2296      4103      2296      4078      2261      4141      2322 PARcau 2.704151e-06 0.999997
   132   0       4112       2289 11.314  15.556  94.0 45.000     4104     2284     4120     2297     16     13      4110      2280      4121      2291      4113      2299      4102      2288      4079      2259      4145      2322 PARcau 4.767750e-11 1.000000
   133   0       4115       2288 11.000  11.000  91.0 90.000     4110     2283     4122     2295     12     12      4110      2283      4121      2283      4121      2294      4110      2294      4085      2258      4147      2320 PARcau 4.932312e-07 1.000000
   134   0       4116       2287 11.102  19.729 121.0  7.125     4104     2282     4125     2294     21     12      4105      2280      4124      2283      4123      2294      4103      2291      4079      2257      4150      2319 PARcau 2.742703e-04 0.999726
   135   0       4117       2287 11.000  16.000 130.5 90.000     4110     2282     4127     2294     17     12      4110      2282      4126      2282      4126      2293      4110      2293      4085      2257      4152      2319 PARcau 9.510684e-04 0.999049
   136   0       4118       2287 11.000  17.000 137.5 90.000     4110     2282     4128     2294     18     12      4110      2282      4127      2282      4127      2293      4110      2293      4085      2257      4153      2319 PARcau 2.995230e-04 0.999701
   137   0       4118       2287 11.000  18.000 140.5 90.000     4110     2282     4129     2294     19     12      4110      2282      4128      2282      4128      2293      4110      2293      4085      2257      4154      2319 PARcau 2.219945e-04 0.999778
   138   0       4119       2287 11.180  17.263 133.5 80.538     4111     2282     4130     2294     19     12      4110      2282      4127      2279      4129      2290      4112      2293      4086      2257      4155      2319 PARcau 5.134770e-02 0.948652
   139   0       4121       2286 10.050  19.105 119.0  6.340     4111     2282     4131     2293     20     11      4111      2281      4130      2283      4129      2293      4110      2291      4086      2257      4156      2318 PARcau 1.256042e-03 0.998744
   140   0       4123       2286 10.050  21.095  95.5  6.340     4111     2282     4133     2293     22     11      4111      2281      4132      2283      4131      2293      4110      2291      4086      2257      4158      2318 PARcau 7.906187e-04 0.999209
   141   0       4125       2286  8.062  17.263  83.5  9.462     4116     2283     4134     2292     18      9      4116      2281      4133      2284      4132      2292      4115      2289      4091      2258      4159      2317 PARcau 2.225262e-03 0.997775
   142   0       4127       2287  7.159  17.951  61.5 14.036     4116     2283     4134     2293     18     10      4116      2281      4134      2285      4132      2292      4115      2288      4091      2258      4159      2318 PARcau 1.103708e-03 0.998896
   143   0       4128       2287  7.778  13.435  69.0 45.000     4122     2284     4136     2294     14     10      4126      2280      4136      2290      4130      2295      4121      2286      4097      2259      4161      2319 PARcau 4.026324e-04 0.999597
   144   0       4130       2289  7.810  14.142  67.0 45.000     4122     2284     4138     2295     16     11      4127      2281      4137      2291      4131      2296      4121      2286      4097      2259      4163      2320 PARcau 2.814695e-03 0.997185
   145   0       4132       2290  8.322  14.327  82.5 30.964     4125     2285     4139     2297     14     12      4127      2283      4140      2290      4135      2297      4123      2290      4100      2260      4164      2322 PARcau 1.148792e-04 0.999885
   146   0       4132       2291  9.220  15.620  90.0 38.660     4125     2285     4140     2298     15     13      4129      2282      4141      2292      4135      2299      4123      2289      4100      2260      4165      2323 PARcau 6.660916e-07 0.999999
   147   0       4133       2291  8.322  13.463  74.0 30.964     4127     2286     4140     2298     13     12      4129      2284      4140      2291      4136      2298      4124      2291      4102      2261      4165      2323 PARcau 2.129334e-06 0.999998
   148   0       4133       2291  7.000  11.000  52.0 90.000     4128     2288     4140     2296     12      8      4128      2288      4139      2288      4139      2295      4128      2295      4103      2263      4165      2321 PARcau 8.263169e-07 0.999999
   149   0       4134       2289  7.826   9.394  50.5 26.565     4129     2285     4141     2295     12     10      4132      2284      4140      2288      4137      2295      4128      2291      4104      2260      4166      2320 PARcau 2.078027e-03 0.997922