 Frame  ID  CentroidX  CentroidY  Width  Length  Area  Angle  Box_TLX  Box_TLY  Box_BRX  Box_BRY  Box_W  Box_H  rBox_TLX  rBox_TLY  rBox_TRX  rBox_TRY  rBox_BRX  rBox_BRY  rBox_BLX  rBox_BLY  lBox_TLX  lBox_TLY  lBox_BRX  lBox_BRY  Label       NONpro   PARcau
    21   0       4659       2216 16.000  29.000 377.5 90.000     4651     2202     4668     2232     17     30      4651      2202      4667      2202      4667      2231      4651      2231      4626      2177      4693      2257 PARcau 5.545113e-07 0.999999
    21   1       3069       1729 11.180  26.833 221.0 26.565     3062     1716     3077     1742     15     26      3058      1738      3070      1714      3080      1719      3068      1743      3037      1691      3102      1767 PARcau 6.909157e-08 1.000000
    22   1       3073       1720  9.849  26.833 218.0 26.565     3066     1708     3082     1733     16     25      3063      1730      3075      1706      3084      1710      3072      1734      3041      1683      3107      1758 PARcau 2.042119e-10 1.000000
    22   0       4660       2227 15.000  29.000 347.5 90.000     4653     2214     4669     2244     16     30      4653      2214      4668      2214      4668      2243      4653      2243      4628      2189      4694      2269 PARcau 3.224171e-05 0.999968
    23   1       3079       1712 11.236  27.735 232.5 33.690     3070     1701     3090     1725     20     24      3066      1720      3082      1697      3091      1703      3076      1726      3045      1676      3115      1750 PARcau 3.562833e-14 1.000000
    23   0       4660       2240 15.000  29.000 357.0 90.000     4653     2226     4669     2256     16     30      4653      2226      4668      2226      4668      2255      4653      2255      4628      2201      4694      2281 PARcau 3.039937e-05 0.999970
    24   1       3085       1704 10.607  27.577 230.0 45.000     3076     1694     3097     1716     21     22      3072      1710      3092      1691      3099      1698      3080      1718      3051      1669      3122      1741 PARcau 2.871020e-13 1.000000
    24   0       4660       2251 15.000  30.000 363.0 90.000     4653     2237     4669     2268     16     31      4653      2237      4668      2237      4668      2267      4653      2267      4628      2212      4694      2293 PARcau 4.943039e-06 0.999995
    25   1       3093       1698 11.314  27.586 238.5 45.000     3083     1689     3106     1709     23     20      3080      1704      3099      1684      3107      1692      3088      1712      3058      1664      3131      1734 PARcau 6.891889e-12 1.000000
    25   0       4659       2263 15.000  30.000 341.5  0.000     4652     2249     4668     2280     16     31      4652      2249      4667      2249      4667      2279      4652      2279      4627      2224      4693      2305 PARcau 2.577725e-06 0.999997
    26   1       3101       1694 11.180  26.833 232.0 63.435     3090     1686     3114     1704     24     18      3087      1695      3111      1683      3116      1693      3092      1705      3065      1661      3139      1729 PARcau 4.148244e-12 1.000000
    26   0       4660       2275 14.000  30.000 345.5 90.000     4653     2261     4668     2292     15     31      4653      2261      4667      2261      4667      2291      4653      2291      4628      2236      4693      2317 PARcau 2.542113e-05 0.999975
    27   1       3109       1689 11.180  25.495 215.0 63.435     3099     1682     3122     1699     23     17      3095      1690      3118      1679      3123      1689      3100      1700      3074      1657      3147      1724 PARcau 6.109944e-11 1.000000
    27   0       4661       2287 14.807  29.954 342.0 75.964     4654     2273     4671     2303     17     30      4651      2274      4665      2271      4673      2300      4658      2303      4629      2248      4696      2328 PARcau 1.806066e-06 0.999998
    28   1       3116       1686 11.630  23.479 201.5 63.435     3106     1679     3128     1696     22     17      3103      1686      3124      1676      3129      1686      3108      1697      3081      1654      3153      1721 PARcau 9.219956e-08 1.000000
    28   0       4665       2298 15.338  30.516 343.0 71.565     4657     2284     4675     2314     18     30      4653      2286      4667      2281      4677      2310      4662      2315      4632      2259      4700      2339 PARcau 1.485220e-05 0.999985
    29   1       3122       1683 12.420  21.708 191.0 51.340     3113     1675     3132     1693     19     18      3109      1685      3126      1671      3134      1681      3117      1694      3088      1650      3157      1718 PARcau 1.269347e-05 0.999987
    29   0       4669       2309 14.983  29.741 336.5 63.435     4660     2296     4680     2324     20     28      4670      2293      4683      2319      4670      2326      4656      2299      4635      2271      4705      2349 PARcau 1.266811e-06 0.999999
    30   1       3126       1679  9.899  21.213 179.0 45.000     3118     1671     3136     1689     18     18      3115      1683      3130      1668      3137      1675      3122      1690      3093      1646      3161      1714 PARcau 8.551073e-08 1.000000
    30   0       4674       2320 14.577  29.808 324.0 68.199     4665     2307     4684     2335     19     28      4661      2309      4675      2304      4686      2331      4673      2337      4640      2282      4709      2360 PARcau 3.326795e-06 0.999997
    31   1       3129       1674 11.180  21.932 182.0 26.565     3122     1664     3138     1684     16     20      3129      1661      3139      1666      3130      1686      3120      1681      3097      1639      3163      1709 PARcau 1.629430e-07 1.000000
    31   0       4678       2331 14.534  29.517 333.5 63.435     4670     2318     4689     2347     19     29      4678      2315      4691      2341      4678      2348      4665      2321      4645      2293      4714      2372 PARcau 1.401694e-05 0.999986
    32   1       3132       1668 11.180  22.361 193.0 26.565     3125     1657     3140     1679     15     22      3132      1655      3142      1660      3132      1680      3122      1675      3100      1632      3165      1704 PARcau 9.290653e-07 0.999999
    32   0       4682       2343 14.560  30.083 336.0 74.055     4674     2330     4692     2359     18     29      4671      2331      4685      2327      4693      2356      4679      2360      4649      2305      4717      2384 PARcau 9.258926e-07 0.999999
    33   1       3135       1660 11.180  24.597 206.5 26.565     3128     1649     3144     1672     16     23      3125      1668      3136      1646      3146      1651      3135      1673      3103      1624      3169      1697 PARcau 3.267234e-09 1.000000
    33   0       4684       2355 14.142  30.414 323.0 80.538     4677     2341     4693     2371     16     30      4675      2341      4689      2339      4694      2369      4680      2371      4652      2316      4718      2396 PARcau 2.431739e-08 1.000000
    34   1       3139       1652 10.817  25.239 210.0 33.690     3131     1641     3149     1665     18     24      3128      1659      3142      1638      3151      1644      3137      1665      3106      1616      3174      1690 PARcau 1.309536e-11 1.000000
    34   0       4686       2367 14.000  28.000 325.5 90.000     4679     2354     4694     2383     15     29      4679      2354      4693      2354      4693      2382      4679      2382      4654      2329      4719      2408 PARcau 8.277389e-06 0.999992
    35   1       3144       1644 11.314  25.456 221.0 45.000     3136     1633     3155     1656     19     23      3132      1649      3150      1631      3158      1639      3140      1657      3111      1608      3180      1681 PARcau 1.047929e-12 1.000000
    35   0       4686       2379 14.000  28.000 319.5 90.000     4680     2366     4695     2395     15     29      4680      2366      4694      2366      4694      2394      4680      2394      4655      2341      4720      2420 PARcau 3.445402e-06 0.999997
    36   1       3151       1636 11.314  26.173 223.0 45.000     3141     1627     3162     1649     21     22      3138      1642      3156      1623      3164      1631      3146      1650      3116      1602      3187      1674 PARcau 6.509300e-11 1.000000
    36   0       4687       2391 14.000  29.000 324.5 90.000     4680     2377     4695     2407     15     30      4680      2377      4694      2377      4694      2406      4680      2406      4655      2352      4720      2432 PARcau 3.598370e-04 0.999640
    36   2       5111        893 18.180  26.239 365.0 59.036     5101      881     5124      906     23     25      5096       887      5112       878      5125       900      5110       910      5076       856      5149       931 PARcau 1.444148e-05 0.999986
    37   2       5106        884 18.337  25.715 356.5 63.435     5097      872     5119      896     22     24      5092       876      5108       868      5120       891      5103       899      5072       847      5144       921 PARcau 6.525092e-06 0.999993
    37   1       3158       1630  9.899  26.870 225.5 45.000     3148     1621     3171     1642     23     21      3145      1636      3164      1617      3171      1624      3152      1643      3123      1596      3196      1667 PARcau 6.404375e-11 1.000000
    37   0       4688       2402 14.080  28.779 312.0 83.660     4681     2388     4697     2417     16     29      4679      2388      4693      2387      4697      2415      4683      2417      4656      2363      4722      2442 PARcau 2.462568e-05 0.999975
    38   1       3165       1625 11.314  24.759 215.0 45.000     3155     1617     3177     1635     22     18      3153      1630      3170      1612      3178      1620      3161      1638      3130      1592      3202      1660 PARcau 3.172560e-12 1.000000
    38   2       5101        874 17.692  24.042 322.5 45.000     5091      863     5113      886     22     23      5099       860      5116       877      5103       889      5086       872      5066       838      5138       911 PARcau 6.246697e-07 0.999999
    38   0       4691       2413 13.342  28.862 310.5 75.964     4683     2399     4701     2428     18     29      4681      2400      4694      2397      4701      2425      4688      2428      4658      2374      4726      2453 PARcau 5.696928e-06 0.999994
    39   1       3172       1621 11.402  22.804 203.5 51.340     3163     1613     3183     1631     20     18      3159      1623      3177      1609      3184      1618      3166      1632      3138      1588      3208      1656 PARcau 1.217558e-06 0.999999
    39   2       5095        864 17.443  23.479 326.0 63.435     5086      853     5108      876     22     23      5082       858      5097       850      5108       871      5092       879      5061       828      5133       901 PARcau 1.545750e-06 0.999998
    39   0       4695       2425 12.748  29.741 310.0 63.435     4686     2412     4706     2440     20     28      4694      2409      4708      2436      4696      2441      4683      2415      4661      2387      4731      2465 PARcau 7.738914e-07 0.999999
    40   1       3178       1617 12.728  21.213 190.0 45.000     3170     1609     3188     1627     18     18      3166      1620      3181      1605      3190      1614      3175      1629      3145      1584      3213      1652 PARcau 5.563459e-09 1.000000
    40   2       5089        855 16.971  24.042 310.5 45.000     5079      845     5102      866     23     21      5087       842      5104       859      5092       871      5075       854      5054       820      5127       891 PARcau 2.549498e-05 0.999974
    40   0       4700       2436 14.116  30.004 309.5 66.801     4691     2423     4711     2451     20     28      4687      2425      4700      2419      4712      2447      4699      2452      4666      2398      4736      2476 PARcau 1.101125e-07 1.000000
    41   1       3182       1612 11.236  20.524 182.0 33.690     3175     1604     3191     1623     16     19      3172      1618      3183      1601      3193      1607      3181      1624      3150      1579      3216      1648 PARcau 4.383834e-09 1.000000
    41   2       5082        846 16.263  24.749 306.0 45.000     5072      836     5095      857     23     21      5079       833      5096       850      5085       862      5067       844      5047       811      5120       882 PARcau 4.665413e-06 0.999995
    41   0       4705       2447 13.416  31.305 325.5 63.435     4696     2433     4716     2462     20     29      4704      2430      4718      2458      4706      2464      4692      2436      4671      2408      4741      2487 PARcau 2.318661e-08 1.000000
    42   1       3185       1607 11.630  21.243 183.5 26.565     3178     1598     3193     1618     15     20      3185      1595      3195      1600      3186      1619      3175      1614      3153      1573      3218      1643 PARcau 1.122667e-07 1.000000
    42   2       5075        839 17.000  24.597 288.5 26.565     5065      829     5088      849     23     20      5068       826      5090       837      5082       852      5060       841      5040       804      5113       874 PARcau 6.068276e-07 0.999999
    42   0       4710       2458 12.971  30.187 302.5 63.435     4701     2445     4720     2473     19     28      4709      2442      4722      2469      4711      2475      4697      2448      4676      2420      4745      2498 PARcau 1.457778e-05 0.999985
    43   1       3188       1600 11.543  23.564 205.5 18.435     3181     1589     3196     1612     15     23      3186      1587      3197      1590      3190      1613      3179      1609      3156      1564      3221      1637 PARcau 8.044975e-05 0.999920
    43   2       5066        831 17.029  23.431 286.0 39.806     5055      822     5079      841     24     19      5062       818      5080       833      5069       846      5051       831      5030       797      5104       866 PARcau 4.296789e-05 0.999957
    43   0       4714       2470 12.649  30.676 322.5 70.346     4706     2456     4725     2486     19     30      4703      2458      4715      2454      4725      2483      4713      2487      4681      2431      4750      2511 PARcau 3.674514e-05 0.999963
    44   1       3191       1592 11.705  25.298 225.5 18.435     3184     1580     3199     1605     15     25      3189      1577      3200      1581      3192      1605      3181      1601      3159      1555      3224      1630 PARcau 7.655458e-09 1.000000
    44   2       5058        825 16.000  21.000 252.5 90.000     5048      817     5070      834     22     17      5048       817      5069       817      5069       833      5048       833      5023       792      5095       859 PARcau 1.676957e-04 0.999832
    44   0       4717       2482 13.757  28.935 305.5 71.565     4710     2468     4726     2497     16     29      4706      2470      4719      2466      4728      2493      4715      2498      4685      2443      4751      2522 PARcau 1.722711e-08 1.000000
    45   2       5050        820 17.000  22.000 282.5 90.000     5040      812     5063      830     23     18      5040       812      5062       812      5062       829      5040       829      5015       787      5088       855 PARcau 9.926872e-05 0.999901
    45   1       3195       1582 11.102  27.042 230.5 33.690     3187     1570     3205     1595     18     25      3183      1590      3198      1567      3207      1574      3192      1596      3162      1545      3230      1620 PARcau 4.704820e-08 1.000000
    45   0       4719       2494 13.153  30.265 308.5 81.870     4713     2480     4728     2510     15     30      4711      2480      4724      2478      4728      2508      4715      2510      4688      2455      4753      2535 PARcau 1.161085e-05 0.999988
    46   2       5044        816 18.000  20.000 275.5 90.000     5035      807     5056      826     21     19      5035       807      5055       807      5055       825      5035       825      5010       782      5081       851 PARcau 9.827384e-07 0.999999
    46   1       3201       1573 11.011  28.111 229.0 38.660     3192     1562     3212     1585     20     23      3188      1580      3206      1558      3214      1565      3197      1587      3167      1537      3237      1610 PARcau 6.876061e-10 1.000000
    46   0       4721       2506 14.000  28.000 291.0  0.000     4714     2493     4729     2522     15     29      4714      2493      4728      2493      4728      2521      4714      2521      4689      2468      4754      2547 PARcau 4.683744e-06 0.999995
    47   2       5040        812 18.561  19.455 274.0 63.435     5031      804     5052      823     21     19      5027       808      5045       800      5053       816      5036       825      5006       779      5077       848 PARcau 3.475551e-05 0.999965
    47   1       3209       1565 10.607  26.163 223.0 45.000     3199     1555     3221     1576     22     21      3196      1570      3215      1552      3222      1559      3204      1578      3174      1530      3246      1601 PARcau 6.409602e-12 1.000000
    47   0       4723       2519 13.647  28.359 280.5 80.538     4716     2506     4731     2534     15     28      4714      2506      4727      2504      4732      2532      4718      2534      4691      2481      4756      2559 PARcau 3.222625e-05 0.999968
    48   2       5040        812 17.889  20.125 275.0 63.435     5032      803     5052      823     20     20      5027       808      5045       799      5053       815      5035       824      5007       778      5077       848 PARcau 3.181575e-04 0.999682
    48   1       3217       1559 10.308  29.004 235.0 54.462     3206     1551     3232     1570     26     19      3203      1563      3226      1546      3233      1554      3209      1571      3181      1526      3257      1595 PARcau 2.002980e-10 1.000000
    48   0       4725       2531 13.342  28.862 285.0 75.964     4718     2518     4734     2547     16     29      4715      2519      4728      2516      4735      2544      4722      2547      4693      2493      4759      2572 PARcau 9.628393e-09 1.000000
    49   2       5042        809 18.000  20.000 275.5 90.000     5033      799     5052      820     19     21      5033       799      5051       799      5051       819      5033       819      5008       774      5077       845 PARcau 1.315016e-04 0.999869
    49   0       4728       2543 13.000  28.231 264.5 68.199     4721     2531     4738     2558     17     27      4717      2533      4729      2528      4740      2554      4728      2559      4696      2506      4763      2583 PARcau 9.051441e-07 0.999999
    49   1       3230       1553 10.735  32.423 258.0 63.435     3216     1545     3247     1563     31     18      3213      1555      3242      1540      3247      1550      3218      1564      3191      1520      3272      1588 PARcau 3.321227e-12 1.000000
    50   2       5044        804 15.652  23.707 267.0 26.565     5034      794     5054      816     20     22      5043       790      5057       797      5046       818      5032       811      5009       769      5079       841 PARcau 1.044171e-05 0.999990
    50   0       4733       2555 12.748  27.505 265.0 63.435     4725     2543     4743     2569     18     26      4733      2540      4745      2564      4734      2570      4721      2545      4700      2518      4768      2594 PARcau 2.001962e-08 1.000000
    50   1       3243       1548 10.062  33.095 255.0 63.435     3229     1541     3261     1557     32     16      3227      1550      3256      1535      3261      1544      3231      1559      3204      1516      3286      1582 PARcau 4.331019e-12 1.000000
    51   2       5047        799 16.155  26.000 280.5 23.199     5037      788     5057      811     20     23      5044       784      5059       790      5049       814      5034       808      5012       763      5082       836 PARcau 6.603678e-05 0.999934
    51   0       4738       2566 12.971  27.951 277.5 63.435     4730     2554     4749     2580     19     26      4738      2551      4751      2576      4739      2582      4727      2557      4705      2529      4774      2605 PARcau 2.919986e-08 1.000000
    51   1       3257       1543  9.849  32.650 250.5 63.435     3243     1536     3274     1552     31     16      3241      1546      3270      1531      3274      1540      3245      1555      3218      1511      3299      1577 PARcau 3.378554e-10 1.000000
    52   2       5049        795 14.422  26.627 269.0 33.690     5040      784     5060      807     20     23      5036       802      5051       780      5063       788      5048       810      5015       759      5085       832 PARcau 5.446843e-05 0.999946
    52   0       4744       2576 12.298  28.623 263.0 63.435     4735     2564     4754     2591     19     27      4743      2561      4756      2587      4745      2592      4732      2567      4710      2539      4779      2616 PARcau 5.445861e-09 1.000000
    52   1       3270       1538  9.849  33.541 266.0 63.435     3255     1529     3286     1548     31     19      3253      1541      3283      1526      3287      1535      3257      1550      3230      1504      3311      1573 PARcau 2.138294e-10 1.000000
    53   2       5051        792 14.116  25.539 272.5 23.199     5042      781     5062      805     20     24      5050       777      5063       782      5053       806      5040       800      5017       756      5087       830 PARcau 7.564649e-06 0.999992
    53   0       4749       2587 12.649  29.411 277.5 71.565     4740     2575     4758     2603     18     28      4738      2576      4750      2572      4759      2600      4747      2604      4715      2550      4783      2628 PARcau 3.857540e-06 0.999996
    53   1       3281       1532 10.296  33.121 261.5 60.945     3267     1522     3296     1542     29     20      3264      1535      3293      1519      3298      1528      3269      1544      3242      1497      3321      1567 PARcau 8.893956e-14 1.000000
    54   2       5051        791 14.637  23.265 232.5  8.130     5043      780     5059      804     16     24      5045       778      5059       780      5056       803      5041       801      5018       755      5084       829 PARcau 2.675292e-06 0.999997
    54   0       4753       2599 12.816  28.324 281.5 69.444     4745     2587     4762     2615     17     28      4742      2589      4754      2584      4764      2611      4752      2615      4720      2562      4787      2640 PARcau 6.799112e-05 0.999932
    54   1       3291       1524 10.817  32.450 270.5 56.310     3278     1514     3306     1536     28     22      3275      1529      3302      1511      3308      1520      3281      1538      3253      1489      3331      1561 PARcau 1.684963e-11 1.000000
    55   2       5050        792 14.318  21.378 165.0 10.305     5043      781     5058      803     15     22      5045       779      5059       782      5055       803      5041       800      5018       756      5083       828 PARcau 3.699776e-04 0.999630
    55   1       3300       1516 11.314  31.828 269.5 45.000     3288     1505     3314     1528     26     23      3285      1523      3308      1501      3316      1509      3293      1531      3263      1480      3339      1553 PARcau 2.175046e-12 1.000000
    55   0       4756       2611 13.342  28.636 273.0 78.690     4749     2598     4764     2627     15     29      4746      2599      4759      2596      4765      2624      4752      2627      4724      2573      4789      2652 PARcau 8.392111e-07 0.999999
    56   2       5046        787 15.264  21.954 179.0 59.036     5037      777     5057      798     20     21      5034       782      5047       774      5058       793      5045       801      5012       752      5082       823 PARcau 1.372739e-05 0.999986
    56   1       3308       1508 11.402  31.401 258.5 53.130     3297     1497     3322     1520     25     23      3293      1513      3318      1494      3325      1503      3300      1522      3272      1472      3347      1545 PARcau 1.841281e-12 1.000000
    56   0       4758       2624 13.000  28.000 273.0 90.000     4752     2611     4766     2640     14     29      4752      2611      4765      2611      4765      2639      4752      2639      4727      2586      4791      2665 PARcau 3.109898e-08 1.000000
    57   2       5038        781 15.572  22.550 212.0  4.399     5030      774     5053      791     23     17      5030       773      5053       774      5051       790      5029       788      5005       749      5078       816 PARcau 7.618736e-05 0.999924
    57   1       3316       1501 11.314  29.000 251.5 45.000     3305     1491     3329     1513     24     22      3302      1507      3323      1487      3331      1495      3310      1515      3280      1466      3354      1538 PARcau 9.169021e-10 1.000000
    57   0       4759       2637 12.748  28.045 285.5 78.690     4753     2624     4768     2652     15     28      4750      2624      4763      2622      4768      2649      4756      2652      4728      2599      4793      2677 PARcau 3.603198e-05 0.999964
    58   2       5033        779 17.000  24.000 282.0 90.000     5022      771     5047      789     25     18      5022       771      5046       771      5046       788      5022       788      4997       746      5072       814 PARcau 2.263946e-04 0.999774
    58   1       3320       1499 11.853  25.269 235.0 63.435     3310     1491     3333     1509     23     18      3307      1500      3329      1488      3335      1499      3312      1510      3285      1466      3358      1534 PARcau 1.967601e-07 1.000000
    58   0       4761       2649 14.080  27.060 280.5 74.055     4754     2636     4770     2664     16     28      4751      2638      4764      2634      4772      2660      4758      2664      4729      2611      4795      2689 PARcau 8.233583e-06 0.999992
    59   1       3323       1500 12.021  25.933 234.0 71.565     3311     1494     3337     1509     26     15      3309      1499      3333      1490      3337      1502      3312      1510      3286      1469      3362      1534 PARcau 5.392820e-03 0.994607
    59   2       5026        776 15.000  26.000 283.5 90.000     5014      769     5041      785     27     16      5014       769      5040       769      5040       784      5014       784      4989       744      5066       810 PARcau 2.764182e-06 0.999997
    59   0       4764       2660 13.946  27.286 286.0 75.964     4756     2648     4773     2675     17     27      4754      2649      4767      2646      4774      2672      4760      2676      4731      2623      4798      2700 PARcau 8.368041e-08 1.000000
    60   1       3327       1502 10.000  28.000 226.0 90.000     3314     1498     3343     1509     29     11      3314      1498      3342      1498      3342      1508      3314      1508      3289      1473      3368      1534 PARcau 9.665637e-03 0.990334
    60   2       5017        774 14.000  27.000 276.0 90.000     5004      768     5032      783     28     15      5004       768      5031       768      5031       782      5004       782      4979       743      5057       808 PARcau 2.050800e-04 0.999795
    60   0       4767       2672 13.200  28.182 279.0 66.038     4760     2659     4778     2686     18     27      4767      2656      4779      2682      4767      2687      4755      2662      4735      2634      4803      2711 PARcau 1.960440e-06 0.999998
    61   1       3335       1504 10.000  31.000 253.0 90.000     3320     1499     3352     1510     32     11      3320      1499      3351      1499      3351      1509      3320      1509      3295      1474      3377      1535 PARcau 1.611322e-05 0.999984
    61   2       5007        773 13.000  27.000 249.5 90.000     4995      767     5023      781     28     14      4995       767      5022       767      5022       780      4995       780      4970       742      5048       806 PARcau 4.567342e-04 0.999543
    61   0       4772       2682 13.416  28.178 285.5 63.435     4763     2671     4783     2696     20     25      4772      2667      4785      2692      4773      2698      4760      2673      4738      2646      4808      2721 PARcau 9.826549e-07 0.999999
    62   1       3345       1506 10.000  33.000 256.5 90.000     3329     1501     3363     1512     34     11      3329      1501      3362      1501      3362      1511      3329      1511      3304      1476      3388      1537 PARcau 2.064994e-04 0.999793
    62   2       4997        771 13.000  26.000 239.5 90.000     4985      765     5012      779     27     14      4985       765      5011       765      5011       778      4985       778      4960       740      5037       804 PARcau 7.397430e-05 0.999926
    62   0       4778       2693 13.416  29.069 293.0 63.435     4769     2681     4789     2708     20     27      4778      2678      4791      2704      4779      2710      4766      2684      4744      2656      4814      2733 PARcau 5.318818e-07 1.000000
    63   2       4986        769 11.769  26.315 226.5 14.036     4974      763     5001      776     27     13      4975       760      5000       767      4998       778      4972       772      4949       738      5026       801 PARcau 7.583957e-06 0.999992
    63   1       3356       1507 10.000  32.000 263.5 90.000     3341     1503     3374     1514     33     11      3341      1503      3373      1503      3373      1513      3341      1513      3316      1478      3399      1539 PARcau 2.542674e-07 1.000000
    63   0       4784       2704 14.230  29.095 304.5 71.565     4775     2692     4794     2719     19     27      4772      2693      4786      2689      4795      2716      4782      2721      4750      2667      4819      2744 PARcau 7.140792e-08 1.000000
    64   2       4976        766 12.000  23.000 207.5 90.000     4966      760     4990      773     24     13      4966       760      4989       760      4989       772      4966       772      4941       735      5015       798 PARcau 2.271590e-05 0.999977
    64   1       3367       1508 10.000  31.000 246.0 90.000     3352     1503     3384     1514     32     11      3352      1503      3383      1503      3383      1513      3352      1513      3327      1478      3409      1539 PARcau 1.848584e-07 1.000000
    64   0       4788       2715 14.116  28.692 312.0 68.199     4779     2703     4798     2730     19     27      4776      2705      4789      2699      4800      2726      4787      2731      4754      2678      4823      2755 PARcau 8.374779e-08 1.000000
    65   2       4966        761 13.153  23.537 214.5 11.310     4956      754     4979      769     23     15      4956       752      4979       757      4977       770      4954       765      4931       729      5004       794 PARcau 4.981565e-04 0.999502
    65   1       3378       1507 10.548  32.315 258.0 81.870     3363     1502     3396     1514     33     12      3362      1504      3394      1499      3395      1510      3363      1514      3338      1477      3421      1539 PARcau 2.802826e-06 0.999997
    65   0       4792       2727 14.866  29.411 337.5 71.565     4784     2714     4802     2743     18     29      4781      2716      4795      2711      4804      2739      4790      2744      4759      2689      4827      2768 PARcau 3.344569e-06 0.999997
    66   2       4957        755 12.806  22.804 190.5 38.660     4948      748     4970      763     22     15      4952       744      4970       758      4962       768      4944       754      4923       723      4995       788 PARcau 3.421076e-05 0.999966
    66   1       3390       1505 10.198  31.575 250.0 78.690     3375     1499     3407     1512     32     13      3374      1503      3405      1497      3407      1507      3376      1513      3350      1474      3432      1537 PARcau 2.536074e-10 1.000000
    67   2       4949        748 12.728  19.799 193.5 45.000     4941      740     4960      756     19     16      4946       737      4960       751      4951       760      4937       746      4916       715      4985       781 PARcau 4.393360e-05 0.999956
    67   1       3401       1501 10.920  30.923 255.5 75.964     3387     1495     3418     1509     31     14      3385      1500      3415      1492      3418      1503      3388      1510      3362      1470      3443      1534 PARcau 1.672180e-10 1.000000
    68   2       4942        740 12.728  21.213 192.5 45.000     4934      732     4952      749     18     17      4939       729      4954       744      4945       753      4930       738      4909       707      4977       774 PARcau 5.300589e-07 1.000000
    68   1       3412       1497 10.595  32.098 254.0 71.565     3398     1490     3429     1505     31     15      3396      1497      3426      1487      3430      1497      3399      1507      3373      1465      3454      1530 PARcau 3.021825e-09 1.000000
    69   2       4935        732 13.454  21.213 209.5 45.000     4927      724     4946      742     19     18      4932       721      4947       736      4937       745      4922       730      4902       699      4971       767 PARcau 1.508423e-05 0.999985
    69   1       3424       1493 11.402  32.280 275.5 74.055     3409     1486     3441     1501     32     15      3407      1492      3438      1483      3441      1494      3410      1503      3384      1461      3466      1526 PARcau 1.970933e-07 1.000000
    70   2       4928        723 14.142  24.042 231.5 45.000     4919      715     4940      733     21     18      4925       711      4942       728      4932       738      4915       721      4894       690      4965       758 PARcau 5.257401e-05 0.999947
    70   1       3434       1489 10.920  30.923 262.5 75.964     3420     1483     3451     1497     31     14      3418      1488      3448      1480      3451      1491      3421      1498      3395      1458      3476      1522 PARcau 1.291719e-08 1.000000
    71   2       4921        716 14.849  21.920 243.0 45.000     4912      707     4933      725     21     18      4918       703      4934       719      4923       729      4908       714      4887       682      4958       750 PARcau 1.715085e-05 0.999983
    71   1       3444       1487 11.045  30.067 258.5 84.806     3430     1482     3461     1495     31     13      3429      1483      3459      1481      3460      1492      3430      1494      3405      1457      3486      1520 PARcau 1.264434e-08 1.000000
    72   1       3451       1488 11.000  30.000 257.0 90.000     3437     1483     3468     1495     31     12      3437      1483      3467      1483      3467      1494      3437      1494      3412      1458      3493      1520 PARcau 1.200894e-05 0.999988
    72   2       4914        709 14.866  22.627 252.5 45.000     4904      701     4927      718     23     17      4911       696      4927       712      4917       723      4901       707      4879       676      4952       743 PARcau 2.422569e-05 0.999976
    73   1       3453       1490 11.402  29.833 252.5 14.036     3439     1484     3469     1498     30     14      3440      1481      3469      1488      3466      1499      3437      1492      3414      1459      3494      1523 PARcau 3.255979e-06 0.999997
    73   2       4905        703 13.416  24.597 257.0 26.565     4894      696     4919      712     25     16      4897       692      4919       703      4913       715      4891       704      4869       671      4944       737 PARcau 1.007043e-05 0.999990
    74   1       3456       1493 11.543  31.149 260.0 18.435     3442     1486     3472     1503     30     17      3443      1483      3472      1493      3469      1504      3439      1494      3417      1461      3497      1528 PARcau 9.937673e-08 1.000000
    74   2       4895        698 13.601  24.352 242.0 18.435     4885      691     4909      707     24     16      4886       688      4909       696      4905       709      4882       701      4860       666      4934       732 PARcau 3.462709e-05 0.999965
    75   1       3460       1497 11.180  31.305 261.0 26.565     3446     1489     3476     1507     30     18      3449      1485      3477      1499      3472      1509      3444      1495      3421      1464      3501      1532 PARcau 1.087092e-11 1.000000
    75   2       4885        694 12.298  24.151 215.5 26.565     4875      687     4899      702     24     15      4877       683      4899       694      4893       705      4872       694      4850       662      4924       727 PARcau 5.876423e-05 0.999941
    76   1       3468       1503 11.180  29.967 253.5 26.565     3455     1494     3483     1513     28     19      3457      1491      3484      1504      3479      1514      3452      1501      3430      1469      3508      1538 PARcau 1.985312e-05 0.999980
    76   2       4873        688 12.530  23.707 219.0 26.565     4863      681     4887      697     24     16      4866       678      4887       689      4881       700      4860       689      4838       656      4912       722 PARcau 1.275543e-05 0.999987
    77   1       3475       1507 11.180  29.967 256.5 26.565     3462     1500     3491     1517     29     17      3464      1496      3491      1509      3486      1519      3459      1506      3437      1475      3516      1542 PARcau 2.133274e-11 1.000000
    77   2       4863        683 12.083  24.597 226.0 26.565     4853      676     4876      692     23     16      4854       673      4876       684      4871       695      4849       684      4828       651      4901       717 PARcau 4.978558e-06 0.999995
    78   1       3483       1512 11.885  29.618 249.5 21.801     3470     1505     3498     1521     28     16      3472      1501      3499      1512      3495      1523      3467      1512      3445      1480      3523      1546 PARcau 4.286002e-08 1.000000
    78   2       4853        676 12.298  21.915 206.0 26.565     4844      669     4865      685     21     16      4846       666      4866       676      4860       687      4841       677      4819       644      4890       710 PARcau 3.415383e-06 0.999997
    79   1       3492       1515 11.705  29.732 254.5 18.435     3478     1509     3508     1523     30     14      3480      1505      3508      1515      3504      1526      3476      1516      3453      1484      3533      1548 PARcau 4.438399e-06 0.999996
    79   2       4844        669 12.728  21.213 211.5 45.000     4836      660     4856      678     20     18      4841       657      4856       672      4847       681      4832       666      4811       635      4881       703 PARcau 1.004991e-04 0.999900
    80   1       3501       1517 12.093  28.779 247.5  8.130     3488     1511     3517     1524     29     13      3488      1509      3516      1513      3515      1525      3486      1521      3463      1486      3542      1549 PARcau 3.047499e-06 0.999997
    80   2       4836        660 12.042  21.213 190.5 45.000     4828      652     4847      669     19     17      4833       648      4848       663      4840       672      4825       657      4803       627      4872       694 PARcau 2.148089e-05 0.999979
    81   1       3511       1518 10.548  29.347 243.5  8.130     3497     1513     3527     1525     30     12      3497      1510      3526      1515      3525      1525      3496      1521      3472      1488      3552      1550 PARcau 4.971094e-04 0.999503
    81   2       4829        651 12.728  22.627 219.5 45.000     4821      642     4840      661     19     19      4826       639      4842       655      4833       664      4817       648      4796       617      4865       686 PARcau 1.141580e-05 0.999989
    82   1       3522       1518 11.000  29.000 240.0 90.000     3508     1513     3538     1525     30     12      3508      1513      3537      1513      3537      1524      3508      1524      3483      1488      3563      1550 PARcau 1.135678e-03 0.998864
    82   2       4822        642 14.142  22.627 240.0 45.000     4813      633     4834      652     21     19      4819       629      4835       645      4825       655      4809       639      4788       608      4859       677 PARcau 1.745622e-06 0.999998
    83   1       3533       1518 11.000  32.000 260.5 90.000     3518     1513     3551     1525     33     12      3518      1513      3550      1513      3550      1524      3518      1524      3493      1488      3576      1550 PARcau 3.405881e-05 0.999966
    83   2       4814        634 13.435  23.335 230.0 45.000     4805      626     4826      643     21     17      4811       622      4827       638      4818       648      4801       631      4780       601      4851       668 PARcau 5.248850e-05 0.999948
    84   2       4805        627 14.151  23.436 247.5 33.690     4795      619     4819      637     24     18      4799       615      4819       628      4811       640      4792       627      4770       594      4844       662 PARcau 6.778425e-04 0.999322
    84   1       3545       1518 11.000  32.000 262.5 90.000     3530     1513     3563     1525     33     12      3530      1513      3562      1513      3562      1524      3530      1524      3505      1488      3588      1550 PARcau 4.325681e-10 1.000000
    85   2       4796        622 14.089  25.269 263.5 26.565     4785      615     4810      631     25     16      4789       610      4811       622      4805       634      4782       623      4760       590      4835       656 PARcau 6.341309e-06 0.999994
    85   1       3558       1520 10.920  32.144 263.5 15.945     3543     1514     3575     1528     32     14      3544      1511      3575      1519      3572      1530      3541      1521      3518      1489      3600      1553 PARcau 5.091000e-06 0.999995
    86   2       4786        617 12.649  24.042 235.5 18.435     4776      610     4800      626     24     16      4777       608      4800       615      4796       627      4773       620      4751       585      4825       651 PARcau 6.338664e-05 0.999937
    86   1       3569       1524 10.595  32.098 256.0 18.435     3555     1517     3586     1533     31     16      3556      1514      3586      1524      3583      1534      3552      1524      3530      1492      3611      1558 PARcau 1.100003e-10 1.000000
    87   2       4776        613 13.463  24.885 242.5 21.801     4765      605     4790      621     25     16      4767       602      4790       612      4785       624      4762       615      4740       580      4815       646 PARcau 8.538973e-06 0.999991
    87   1       3581       1529 11.180  32.696 277.0 23.962     3567     1521     3598     1539     31     18      3569      1518      3599      1531      3594      1541      3564      1528      3542      1496      3623      1564 PARcau 4.589001e-08 1.000000
    88   2       4765        608 12.649  26.000 253.5 21.801     4753      600     4779      616     26     16      4755       597      4779       607      4775       619      4751       609      4728       575      4804       641 PARcau 1.956857e-06 0.999998
    88   1       3591       1535 11.180  31.305 266.0 26.565     3578     1527     3607     1545     29     18      3580      1523      3608      1537      3603      1547      3575      1533      3553      1502      3632      1570 PARcau 3.584602e-08 1.000000
    89   1       3600       1541 11.853  29.741 262.5 26.565     3587     1533     3615     1551     28     18      3590      1529      3617      1543      3611      1553      3585      1540      3562      1508      3640      1576 PARcau 9.444379e-09 1.000000
    89   2       4754        602 14.318  26.833 272.0 26.565     4743      593     4768      611     25     18      4745       590      4769       602      4763       615      4739       603      4718       568      4793       636 PARcau 7.943893e-04 0.999206
    90   1       3609       1547 11.180  29.069 252.0 26.565     3597     1539     3624     1556     27     17      3599      1535      3625      1548      3620      1558      3594      1545      3572      1514      3649      1581 PARcau 3.315077e-06 0.999997
    90   2       4744        594 14.142  22.627 246.5 45.000     4735      586     4757      604     22     18      4741       582      4757       598      4747       608      4731       592      4710       561      4782       629 PARcau 6.981937e-04 0.999302
    91   1       3618       1551 11.180  30.463 257.0 23.199     3605     1544     3635     1560     30     16      3607      1540      3635      1552      3630      1562      3602      1550      3580      1519      3660      1585 PARcau 4.315895e-07 1.000000
    91   2       4736        586 14.142  22.627 253.0 45.000     4727      577     4748      597     21     20      4733       574      4749       590      4739       600      4723       584      4702       552      4773       622 PARcau 2.426676e-06 0.999998
    92   2       4728        577 14.009  24.965 255.0 56.310     4720      567     4740      588     20     21      4727       562      4740       583      4729       591      4715       570      4695       542      4765       613 PARcau 2.103916e-05 0.999979
    92   1       3630       1554 11.068  30.992 256.5 18.435     3616     1547     3647     1562     31     15      3617      1544      3647      1554      3643      1564      3614      1555      3591      1522      3672      1587 PARcau 1.043144e-09 1.000000
    93   1       3641       1556 11.281  31.532 260.0 14.036     3627     1550     3658     1564     31     14      3627      1547      3658      1555      3655      1566      3625      1558      3602      1525      3683      1589 PARcau 3.021193e-08 1.000000
    93   2       4721        567 14.866  25.456 297.5 45.000     4711      557     4734      578     23     21      4718       554      4736       572      4725       582      4707       564      4686       532      4759       603 PARcau 2.980701e-04 0.999702
    94   2       4714        559 16.263  26.163 327.0 45.000     4703      549     4727      570     24     21      4711       545      4729       563      4718       575      4699       556      4678       524      4752       595 PARcau 1.896460e-04 0.999810
    94   1       3652       1559 11.281  32.500 267.0 14.036     3638     1553     3670     1567     32     14      3638      1550      3670      1558      3667      1569      3636      1561      3613      1528      3695      1592 PARcau 2.230764e-10 1.000000
    95   2       4706        551 16.971  25.456 331.0 45.000     4696      541     4720      562     24     21      4703       537      4721       555      4709       567      4691       549      4671       516      4745       587 PARcau 1.141776e-06 0.999999
    95   1       3664       1563 10.770  32.311 267.0 21.801     3650     1556     3681     1571     31     15      3651      1552      3681      1564      3677      1574      3647      1562      3625      1531      3706      1596 PARcau 3.116438e-10 1.000000
    96   1       3675       1567 11.180  31.305 269.5 26.565     3661     1559     3692     1576     31     17      3664      1555      3692      1569      3687      1579      3659      1565      3636      1534      3717      1601 PARcau 2.972685e-12 1.000000
    96   2       4697        543 15.008  25.986 303.0 30.964     4686      534     4712      554     26     20      4690       531      4713       544      4705       557      4683       544      4661       509      4737       579 PARcau 4.239456e-07 1.000000
    97   2       4688        536 14.841  25.812 270.5 30.964     4677      528     4702      545     25     17      4681       523      4703       537      4695       549      4673       536      4652       503      4727       570 PARcau 7.759447e-04 0.999224
    97   1       3686       1572 12.083  31.305 273.0 26.565     3672     1564     3701     1583     29     19      3674      1560      3702      1574      3697      1585      3669      1571      3647      1539      3726      1608 PARcau 6.785538e-14 1.000000
    98   2       4677        530 14.534  26.387 289.0 26.565     4666      521     4692      539     26     18      4668       518      4692       530      4685       543      4662       531      4641       496      4717       564 PARcau 1.831047e-05 0.999982
    98   1       3696       1579 11.180  31.305 260.5 26.565     3683     1570     3711     1590     28     20      3685      1567      3713      1581      3708      1591      3680      1577      3658      1545      3736      1615 PARcau 8.880515e-10 1.000000
    99   2       4667        524 14.983  25.269 301.0 26.565     4656      516     4682      535     26     19      4660       513      4682       524      4676       538      4653       526      4631       491      4707       560 PARcau 1.147002e-06 0.999999
    99   1       3705       1586 11.236  31.341 265.5 33.690     3693     1577     3720     1598     27     21      3695      1573      3721      1590      3715      1600      3689      1582      3668      1552      3745      1623 PARcau 6.787684e-11 1.000000
   100   2       4658        519 18.000  23.000 303.5 90.000     4648      510     4672      529     24     19      4648       510      4671       510      4671       528      4648       528      4623       485      4697       554 PARcau 1.099434e-04 0.999890
   100   1       3714       1594 11.402  32.202 269.5 36.870     3701     1585     3729     1605     28     20      3705      1580      3731      1599      3724      1608      3698      1589      3676      1560      3754      1630 PARcau 3.969792e-11 1.000000
   101   2       4650        513 16.971  24.042 305.0 45.000     4640      504     4664      524     24     20      4648       499      4665       516      4653       528      4636       511      4615       479      4689       549 PARcau 5.494054e-05 0.999945
   101   1       3724       1602 11.180  32.249 274.5 29.745     3711     1592     3740     1613     29     21      3713      1588      3741      1604      3736      1614      3708      1598      3686      1567      3765      1638 PARcau 5.037484e-12 1.000000
   102   2       4644        506 16.971  22.627 304.0 45.000     4635      496     4657      517     22     21      4642       493      4658       509      4646       521      4630       505      4610       471      4682       542 PARcau 3.586020e-05 0.999964
   102   1       3734       1608 10.296  31.305 243.5 26.565     3721     1600     3750     1618     29     18      3723      1597      3751      1611      3746      1620      3718      1606      3696      1575      3775      1643 PARcau 7.509012e-11 1.000000
   103   2       4639        499 16.643  23.022 307.5 56.310     4630      488     4651      511     21     23      4625       494      4639       485      4652       504      4638       513      4605       463      4676       536 PARcau 1.461152e-07 1.000000
   103   1       3746       1615 10.966  31.325 261.0 24.444     3733     1607     3762     1625     29     18      3734      1604      3763      1617      3758      1627      3730      1614      3708      1582      3787      1650 PARcau 1.879378e-12 1.000000
   104   2       4635        491 16.263  23.335 292.5 45.000     4626      480     4646      502     20     22      4632       477      4649       493      4637       505      4621       488      4601       455      4671       527 PARcau 2.933995e-05 0.999971
   104   1       3758       1619 11.236  30.516 255.0 18.435     3744     1612     3775     1628     31     16      3746      1610      3775      1619      3771      1630      3742      1620      3719      1587      3800      1653 PARcau 1.215865e-07 1.000000
   105   2       4630        482 15.264  23.854 279.0 56.310     4622      471     4641      493     19     22      4630       468      4643       488      4630       496      4617       476      4597       446      4666       518 PARcau 1.081401e-04 0.999892
   105   1       3771       1623 10.440  31.321 253.0 15.945     3757     1616     3788     1631     31     15      3758      1614      3788      1623      3785      1633      3755      1624      3732      1591      3813      1656 PARcau 2.056733e-08 1.000000
   106   2       4626        473 15.652  24.597 281.5 63.435     4618      462     4637      484     19     22      4613       465      4627       458      4638       480      4624       487      4593       437      4662       509 PARcau 6.913462e-05 0.999931
   106   1       3783       1626 11.236  32.730 263.5 18.435     3769     1620     3801     1634     32     14      3770      1616      3801      1627      3797      1637      3766      1627      3744      1595      3826      1659 PARcau 1.871317e-07 1.000000
   107   2       4622        464 14.151  25.125 264.5 59.036     4613      453     4633      476     20     23      4621       450      4634       471      4622       479      4609       457      4588       428      4658       501 PARcau 3.725690e-07 1.000000
   107   1       3796       1630 10.595  32.098 262.0 18.435     3782     1623     3813     1638     31     15      3783      1620      3813      1630      3810      1640      3779      1630      3757      1598      3838      1663 PARcau 6.248919e-08 1.000000
   108   2       4617        457 14.151  25.656 270.0 56.310     4609      446     4629      469     20     23      4616       442      4630       464      4618       471      4604       450      4584       421      4654       494 PARcau 2.312441e-07 1.000000
   108   1       3809       1634 10.966  31.847 262.5 21.801     3795     1627     3825     1643     30     16      3796      1623      3826      1635      3821      1645      3792      1633      3770      1602      3850      1668 PARcau 1.261453e-06 0.999999
   109   2       4611        448 14.142  25.456 270.5 45.000     4602      438     4623      459     21     21      4607       435      4625       453      4615       463      4597       445      4577       413      4648       484 PARcau 1.775048e-05 0.999982
   109   1       3820       1639 11.885  30.923 268.5 21.801     3807     1631     3835     1650     28     19      3808      1628      3837      1640      3832      1651      3804      1639      3782      1606      3860      1675 PARcau 2.471625e-09 1.000000
   110   2       4603        441 14.866  25.456 289.0 45.000     4593      431     4616      451     23     20      4599       427      4617       445      4607       456      4589       438      4568       406      4641       476 PARcau 1.407593e-07 1.000000
   110   1       3831       1646 11.102  30.647 262.5 33.690     3818     1637     3846     1657     28     20      3821      1633      3847      1650      3840      1659      3815      1642      3793      1612      3871      1682 PARcau 1.542587e-10 1.000000
   111   2       4595        435 14.765  26.833 308.0 26.565     4584      426     4609      446     25     20      4587       423      4611       435      4604       448      4580       436      4559       401      4634       471 PARcau 4.199409e-07 1.000000
   111   1       3841       1654 11.511  31.757 272.5 33.690     3829     1644     3856     1666     27     22      3831      1640      3858      1658      3851      1667      3825      1650      3804      1619      3881      1691 PARcau 2.111955e-11 1.000000
   112   2       4587        430 14.534  28.623 316.5 26.565     4575      422     4602      440     27     18      4577       418      4603       431      4596       444      4571       431      4550       397      4627       465 PARcau 3.371681e-06 0.999997
   112   1       3851       1662 11.511  31.757 270.5 33.690     3839     1652     3866     1674     27     22      3842      1649      3868      1666      3862      1676      3835      1658      3814      1627      3891      1699 PARcau 5.194277e-09 1.000000
   113   2       4577        427 14.765  29.069 324.0 26.565     4564      419     4594      436     30     17      4568       414      4594       427      4587       440      4561       427      4539       394      4619       461 PARcau 7.235402e-06 0.999993
   113   1       3861       1671 11.800  31.101 270.0 36.870     3849     1661     3876     1683     27     22      3853      1657      3878      1675      3871      1685      3846      1666      3824      1636      3901      1708 PARcau 6.760096e-12 1.000000
   114   2       4567        424 14.318  29.833 322.5 14.036     4554      416     4584      433     30     17      4555       414      4584       421      4581       435      4552       428      4529       391      4609       458 PARcau 1.443482e-07 1.000000
   114   1       3872       1679 11.180  31.305 265.0 26.565     3859     1670     3887     1690     28     20      3861      1667      3889      1681      3884      1691      3856      1677      3834      1645      3912      1715 PARcau 1.322051e-11 1.000000
   115   2       4557        421 14.431  28.377 303.0 14.036     4544      414     4573      430     29     16      4545       411      4573       418      4569       432      4542       425      4519       389      4598       455 PARcau 3.986529e-04 0.999601
   115   1       3884       1686 11.180  31.305 257.0 26.565     3870     1678     3899     1696     29     18      3872      1674      3900      1688      3895      1698      3867      1684      3845      1653      3924      1721 PARcau 5.908754e-09 1.000000
   116   2       4546        418 14.560  28.460 319.0 18.435     4534      410     4562      427     28     17      4535       407      4562       416      4558       430      4531       421      4509       385      4587       452 PARcau 4.020702e-07 1.000000
   116   1       3894       1691 10.512  31.977 254.5 26.565     3881     1683     3911     1700     30     17      3883      1680      3911      1694      3907      1704      3878      1689      3856      1658      3936      1725 PARcau 3.085977e-09 1.000000
   117   2       4536        415 15.403  28.377 328.0 14.036     4524      406     4552      424     28     18      4525       404      4552       411      4549       426      4521       419      4499       381      4577       449 PARcau 8.747837e-07 0.999999
   117   1       3907       1696 11.236  31.197 258.5 21.801     3893     1689     3923     1705     30     16      3894      1685      3923      1697      3919      1707      3890      1696      3868      1664      3948      1730 PARcau 9.463297e-08 1.000000
   118   2       4527        410 16.553  26.833 329.0 26.565     4516      401     4542      421     26     20      4519       397      4543       409      4536       424      4512       412      4491       376      4567       446 PARcau 5.214122e-08 1.000000
   118   1       3920       1700 10.770  32.311 262.0 21.801     3905     1693     3937     1708     32     15      3907      1689      3937      1701      3933      1711      3903      1699      3880      1668      3962      1733 PARcau 3.436275e-12 1.000000
   119   2       4520        405 16.643  26.627 329.5 33.690     4509      395     4534      416     25     21      4513       391      4535       406      4526       420      4504       405      4484       370      4559       441 PARcau 5.890607e-06 0.999994
   119   1       3935       1705 10.770  31.623 259.5 18.435     3921     1698     3951     1714     30     16      3922      1695      3952      1705      3948      1715      3918      1705      3896      1673      3976      1739 PARcau 2.199283e-08 1.000000
   120   2       4512        398 16.279  25.456 320.5 45.000     4502      387     4526      409     24     22      4509       384      4527       402      4515       413      4497       395      4477       362      4551       434 PARcau 1.741362e-06 0.999998
   120   1       3948       1711 11.180  31.305 270.5 26.565     3934     1703     3963     1721     29     18      3936      1699      3964      1713      3959      1723      3931      1709      3909      1678      3988      1746 PARcau 6.725754e-09 1.000000
   121   2       4506        390 16.263  26.163 333.0 45.000     4496      378     4519      402     23     24      4502       375      4521       394      4509       405      4491       387      4471       353      4544       427 PARcau 9.299446e-06 0.999991
   121   1       3959       1718 11.511  31.504 275.0 36.870     3947     1709     3974     1730     27     21      3950      1704      3976      1723      3969      1732      3944      1714      3922      1684      3999      1755 PARcau 1.499923e-07 1.000000
   122   2       4499        381 16.643  26.420 333.0 59.036     4490      369     4511      393     21     24      4485       374      4499       365      4512       388      4498       397      4465       344      4536       418 PARcau 1.166229e-03 0.998834
   122   1       3969       1727 11.402  30.610 273.0 38.660     3958     1717     3983     1739     25     22      3961      1713      3985      1732      3978      1741      3954      1722      3933      1692      4008      1764 PARcau 2.287672e-09 1.000000
   123   2       4493        371 16.401  26.401 344.0 53.130     4484      359     4505      384     21     25      4491       356      4507       377      4494       387      4478       366      4459       334      4530       409 PARcau 1.789291e-03 0.998211
   123   1       3979       1737 11.314  31.113 268.0 45.000     3968     1727     3992     1750     24     23      3972      1722      3994      1744      3986      1752      3964      1730      3943      1702      4017      1775 PARcau 6.371197e-08 1.000000
   124   2       4487        362 16.971  26.870 362.0 45.000     4477      350     4500      375     23     25      4483       347      4502       366      4490       378      4471       359      4452       325      4525       400 PARcau 3.836735e-03 0.996163
   124   1       3989       1747 11.800  31.910 287.0 35.538     3977     1736     4003     1759     26     23      3980      1733      4006      1751      3999      1761      3973      1742      3952      1711      4028      1784 PARcau 3.454915e-11 1.000000
   125   1       4000       1755 11.402  29.833 258.0 38.660     3988     1746     4014     1766     26     20      3991      1741      4014      1760      4007      1769      3984      1750      3963      1721      4039      1791 PARcau 2.112299e-09 1.000000
   126   1       4010       1762 11.180  31.305 261.5 26.565     3997     1754     4026     1773     29     19      3999      1751      4027      1765      4022      1775      3994      1761      3972      1729      4051      1798 PARcau 5.612253e-12 1.000000
   127   1       4022       1768 11.180  31.305 272.0 26.565     4008     1760     4038     1778     30     18      4011      1756      4039      1770      4034      1780      4006      1766      3983      1735      4063      1803 PARcau 5.847004e-09 1.000000
   128   1       4034       1773 11.853  31.977 271.0 26.565     4020     1766     4051     1782     31     16      4023      1761      4052      1776      4046      1786      4018      1772      3995      1741      4076      1807 PARcau 5.826078e-08 1.000000
   129   1       4047       1778 11.630  32.423 280.0 26.565     4033     1770     4063     1788     30     18      4035      1766      4064      1780      4059      1791      4030      1776      4008      1745      4088      1813 PARcau 8.876760e-09 1.000000
   130   1       4059       1784 11.800  31.341 272.0 33.690     4046     1775     4074     1795     28     20      4049      1770      4075      1788      4068      1797      4042      1780      4021      1750      4099      1820 PARcau 1.727118e-10 1.000000
   131   1       4070       1791 11.927  32.035 278.0 33.690     4057     1782     4085     1803     28     21      4060      1777      4086      1795      4080      1805      4053      1787      4032      1757      4110      1828 PARcau 1.912329e-10 1.000000
   132   1       4080       1800 12.021  30.406 275.5 45.000     4068     1790     4094     1812     26     22      4074      1785      4096      1807      4087      1815      4066      1794      4043      1765      4119      1837 PARcau 3.227884e-06 0.999997
   133   1       4090       1809 10.607  30.406 268.0 45.000     4078     1799     4103     1822     25     23      4083      1795      4105      1817      4097      1824      4076      1803      4053      1774      4128      1847 PARcau 3.336296e-10 1.000000
   134   1       4098       1819 12.042  31.241 275.5 39.806     4087     1809     4112     1832     25     23      4091      1805      4115      1825      4107      1834      4083      1814      4062      1784      4137      1857 PARcau 1.984446e-10 1.000000
   135   1       4107       1827 11.314  29.698 266.0 45.000     4095     1817     4120     1839     25     22      4100      1813      4121      1834      4113      1842      4092      1821      4070      1792      4145      1864 PARcau 5.519740e-10 1.000000
   136   1       4116       1835 12.207  31.064 272.5 33.690     4104     1826     4130     1847     26     21      4106      1822      4132      1839      4125      1849      4099      1832      4079      1801      4155      1872 PARcau 3.911746e-14 1.000000
   137   1       4126       1842 11.853  30.635 277.0 26.565     4113     1833     4141     1852     28     19      4115      1830      4143      1844      4137      1854      4110      1841      4088      1808      4166      1877 PARcau 1.187554e-11 1.000000
   138   1       4136       1847 11.413  30.859 265.5 26.565     4123     1839     4152     1857     29     18      4125      1836      4153      1850      4147      1860      4120      1846      4098      1814      4177      1882 PARcau 1.035075e-14 1.000000
   138   3       4483       2732 10.000  25.000 198.0 90.000     4479     2720     4490     2746     11     26      4479      2720      4489      2720      4489      2745      4479      2745      4454      2695      4515      2771 PARcau 4.374279e-09 1.000000
   139   3       4483       2723 11.000  25.000 204.5 90.000     4478     2711     4490     2737     12     26      4478      2711      4489      2711      4489      2736      4478      2736      4453      2686      4515      2762 PARcau 5.925235e-07 0.999999
   139   1       4148       1852 11.180  31.305 255.5 26.565     4135     1845     4164     1861     29     16      4137      1841      4165      1855      4160      1865      4132      1851      4110      1820      4189      1886 PARcau 4.230131e-07 1.000000
   140   3       4481       2715 10.595  24.824 199.0 71.565     4476     2703     4489     2728     13     25      4472      2704      4482      2701      4490      2724      4480      2728      4451      2678      4514      2753 PARcau 3.532796e-07 1.000000
   140   1       4160       1856 11.413  30.859 267.0 26.565     4146     1849     4176     1865     30     16      4149      1845      4177      1859      4171      1869      4144      1855      4121      1824      4201      1890 PARcau 3.472706e-07 1.000000
   141   3       4479       2706 10.770  25.080 196.0 66.801     4473     2694     4487     2719     14     25      4478      2692      4488      2715      4478      2719      4468      2696      4448      2669      4512      2744 PARcau 9.676651e-08 1.000000
   141   1       4172       1861 11.853  30.635 263.0 26.565     4159     1854     4189     1871     30     17      4162      1850      4189      1863      4184      1874      4156      1860      4134      1829      4214      1896 PARcau 1.539270e-08 1.000000
   142   1       4184       1867 11.180  31.305 272.5 26.565     4171     1859     4200     1877     29     18      4173      1855      4201      1869      4196      1879      4168      1865      4146      1834      4225      1902 PARcau 1.617076e-11 1.000000
   142   3       4475       2697 10.770  24.597 205.5 63.435     4469     2686     4484     2710     15     24      4475      2684      4486      2706      4476      2710      4465      2688      4444      2661      4509      2735 PARcau 4.251894e-07 1.000000
   143   1       4195       1874 11.511  31.757 279.0 33.690     4182     1864     4210     1885     28     21      4185      1860      4212      1878      4205      1887      4179      1870      4157      1839      4235      1910 PARcau 9.168107e-11 1.000000
   143   3       4472       2689 11.180  24.597 201.5 63.435     4465     2678     4481     2702     16     24      4471      2675      4482      2697      4472      2702      4461      2680      4440      2653      4506      2727 PARcau 2.009295e-09 1.000000
   144   3       4467       2681 11.180  24.597 203.5 63.435     4460     2670     4476     2693     16     23      4466      2667      4477      2689      4467      2694      4456      2672      4435      2645      4501      2718 PARcau 8.065704e-09 1.000000
   144   1       4206       1882 12.420  30.923 278.5 39.806     4194     1872     4220     1894     26     22      4198      1868      4222      1887      4214      1897      4190      1877      4169      1847      4245      1919 PARcau 4.321886e-11 1.000000
   144   4       4302       2733 10.000  22.000 180.5 90.000     4298     2722     4309     2745     11     23      4298      2722      4308      2722      4308      2744      4298      2744      4273      2697      4334      2770 PARcau 2.487692e-05 0.999975
   145   4       4302       2723  9.000  23.000 166.0  0.000     4298     2711     4308     2735     10     24      4298      2711      4307      2711      4307      2734      4298      2734      4273      2686      4333      2760 PARcau 1.738830e-04 0.999826
   145   1       4215       1891 12.021  30.406 286.0 45.000     4203     1881     4229     1904     26     23      4209      1877      4230      1898      4222      1907      4200      1885      4178      1856      4254      1929 PARcau 1.941185e-09 1.000000
   145   3       4462       2673 10.735  25.715 200.5 63.435     4455     2661     4471     2685     16     24      4460      2658      4472      2681      4462      2686      4451      2663      4430      2636      4496      2710 PARcau 1.199564e-05 0.999988
   146   1       4223       1900 12.042  29.698 279.0 45.000     4212     1890     4236     1913     24     23      4218      1886      4239      1907      4230      1915      4209      1894      4187      1865      4261      1938 PARcau 7.385380e-11 1.000000
   146   4       4301       2711  9.962  23.648 179.0 75.964     4296     2700     4308     2724     12     24      4293      2701      4302      2698      4308      2721      4298      2724      4271      2675      4333      2749 PARcau 5.953731e-06 0.999994
   146   3       4456       2664 10.512  26.163 211.0 63.435     4450     2652     4466     2677     16     25      4455      2650      4467      2673      4457      2678      4446      2654      4425      2627      4491      2702 PARcau 7.481474e-08 1.000000
   147   1       4231       1909 12.021  28.991 274.0 45.000     4220     1899     4244     1922     24     23      4225      1895      4246      1916      4237      1924      4217      1904      4195      1874      4269      1947 PARcau 3.866988e-08 1.000000
   147   3       4451       2655 10.512  26.163 213.0 63.435     4445     2643     4460     2668     15     25      4450      2641      4462      2664      4452      2669      4441      2645      4420      2618      4485      2693 PARcau 7.715656e-07 0.999999
   147   4       4299       2700 10.198  23.770 168.5 75.964     4295     2688     4306     2712     11     24      4291      2689      4301      2687      4307      2710      4297      2712      4270      2663      4331      2737 PARcau 4.888294e-07 1.000000
   148   1       4239       1918 12.021  28.991 260.5 45.000     4228     1908     4252     1929     24     21      4233      1903      4254      1924      4245      1932      4225      1912      4203      1883      4277      1954 PARcau 2.974318e-09 1.000000
   148   3       4447       2646 10.440  26.249 196.5 73.301     4442     2634     4456     2659     14     25      4438      2635      4448      2632      4456      2657      4446      2660      4417      2609      4481      2684 PARcau 1.568979e-07 1.000000
   148   4       4297       2689  9.487  22.804 166.0 74.055     4292     2678     4304     2701     12     23      4290      2679      4299      2676      4305      2698      4296      2701      4267      2653      4329      2726 PARcau 2.587359e-08 1.000000
   149   1       4247       1925 12.104  29.300 265.0 36.870     4236     1916     4261     1936     25     20      4239      1911      4263      1929      4255      1938      4232      1921      4211      1891      4286      1961 PARcau 2.149298e-10 1.000000
   149   3       4444       2637 10.440  25.710 204.0 75.964     4439     2625     4452     2651     13     26      4436      2626      4446      2623      4452      2648      4442      2651      4414      2600      4477      2676 PARcau 2.806389e-07 1.000000
   149   4       4294       2677 10.062  24.151 172.0 63.435     4289     2666     4302     2690     13     24      4293      2664      4304      2686      4295      2690      4284      2669      4264      2641      4327      2715 PARcau 3.968148e-08 1.000000