 Frame  ID  CentroidX  CentroidY  Width  Length  Area  Angle  Box_TLX  Box_TLY  Box_BRX  Box_BRY  Box_W  Box_H  rBox_TLX  rBox_TLY  rBox_TRX  rBox_TRY  rBox_BRX  rBox_BRY  rBox_BLX  rBox_BLY  lBox_TLX  lBox_TLY  lBox_BRX  lBox_BRY  Label       NONpro   PARcau
    21   0        466       2367 12.649  24.352 191.5 18.435      458     2356      474     2380     16     24       463      2353       475      2357       467      2380       455      2376       433      2331       499      2405 PARcau 1.036203e-07 1.000000
    22   0        465       2371 11.769  24.135 194.0 14.036      458     2360      473     2384     15     24       461      2358       473      2360       467      2384       456      2381       433      2335       498      2409 PARcau 1.875494e-07 1.000000
    23   0        464       2375 11.180  23.345 187.0 11.310      458     2365      472     2388     14     23       460      2363       471      2365       467      2388       456      2386       433      2340       497      2413 PARcau 1.239808e-05 0.999988
    24   0        463       2379 12.176  24.192 192.0 18.435      457     2369      471     2393     14     24       460      2366       472      2370       464      2393       453      2389       432      2344       496      2418 PARcau 1.166199e-07 1.000000
    25   0        462       2384 11.705  24.352 206.0 18.435      455     2373      470     2397     15     24       460      2370       471      2374       463      2397       452      2393       430      2348       495      2422 PARcau 1.290237e-06 0.999999
    26   0        461       2387 12.369  24.739 197.5 14.036      455     2377      469     2401     14     24       458      2374       470      2377       464      2401       452      2398       430      2352       494      2426 PARcau 1.326627e-06 0.999999
    27   0        460       2392 12.649  24.042 212.5 15.945      453     2381      468     2405     15     24       457      2378       469      2382       462      2405       450      2401       428      2356       493      2430 PARcau 7.550258e-11 1.000000
    28   0        460       2396 12.369  24.739 217.5 14.036      453     2385      468     2410     15     25       456      2383       468      2386       462      2410       450      2407       428      2360       493      2435 PARcau 3.191935e-05 0.999968
    29   0        459       2400 12.590  23.759 213.5  8.130      452     2390      467     2414     15     24       454      2388       466      2390       463      2413       450      2412       427      2365       492      2439 PARcau 4.681185e-07 1.000000
    29   1       1588       2847  5.000   8.000  27.5 90.000     1585     2845     1594     2851      9      6      1585      2845      1593      2845      1593      2850      1585      2850      1560      2820      1619      2876 PARcau 1.511607e-12 1.000000
    30   1       1589       2847  6.103   8.201  31.0 56.310     1585     2844     1595     2851     10      7      1583      2847      1590      2842      1593      2847      1587      2852      1560      2819      1620      2876 PARcau 8.707266e-15 1.000000
    30   0        458       2405 13.000  23.000 214.0 90.000      452     2394      466     2418     14     24       452      2394       465      2394       465      2417       452      2417       427      2369       491      2443 PARcau 1.993611e-06 0.999998
    31   1       1590       2847  6.000  10.000  40.0 90.000     1585     2844     1596     2851     11      7      1585      2844      1595      2844      1595      2850      1585      2850      1560      2819      1621      2876 PARcau 3.237948e-12 1.000000
    31   0        458       2409 12.000  24.000 207.5 90.000      452     2398      465     2423     13     25       452      2398       464      2398       464      2422       452      2422       427      2373       490      2448 PARcau 4.528908e-06 0.999995
    32   1       1591       2847  7.280  11.402  43.0 14.036     1585     2844     1598     2852     13      8      1586      2842      1597      2845      1595      2852      1584      2849      1560      2819      1623      2877 PARcau 8.384628e-15 1.000000
    32   0        458       2413 12.000  24.000 212.5 90.000      452     2402      465     2427     13     25       452      2402       464      2402       464      2426       452      2426       427      2377       490      2452 PARcau 8.233105e-07 0.999999
    33   1       1591       2847  7.280  12.369  45.0 14.036     1585     2844     1599     2852     14      8      1586      2842      1598      2845      1596      2852      1584      2849      1560      2819      1624      2877 PARcau 3.543736e-13 1.000000
    33   0        458       2418 12.042  24.083 217.5  6.340      451     2407      465     2432     14     25       452      2406       464      2407       462      2431       450      2430       426      2382       490      2457 PARcau 3.509015e-05 0.999965
    34   1       1592       2847  6.000  11.000  38.0 -0.000     1587     2844     1599     2851     12      7      1587      2844      1598      2844      1598      2850      1587      2850      1562      2819      1624      2876 PARcau 3.120670e-12 1.000000
    34   0        457       2423 12.000  25.000 223.0 90.000      451     2411      464     2437     13     26       451      2411       463      2411       463      2436       451      2436       426      2386       489      2462 PARcau 2.343054e-03 0.997657
    35   1       1594       2847  5.000  12.000  30.5 90.000     1589     2845     1602     2851     13      6      1589      2845      1601      2845      1601      2850      1589      2850      1564      2820      1627      2876 PARcau 1.828542e-09 1.000000
    35   0        457       2427 13.000  25.000 242.0 90.000      450     2415      464     2441     14     26       450      2415       463      2415       463      2440       450      2440       425      2390       489      2466 PARcau 1.070713e-04 0.999893
    36   1       1595       2847  5.099  11.180  21.5 11.310     1590     2845     1602     2851     12      6      1590      2844      1601      2846      1600      2851      1589      2849      1565      2820      1627      2876 PARcau 7.215192e-11 1.000000
    36   0        457       2431 13.000  25.000 240.5 90.000      450     2420      464     2446     14     26       450      2420       463      2420       463      2445       450      2445       425      2395       489      2471 PARcau 5.499003e-05 0.999945
    37   0        456       2436 13.000  25.000 250.5 90.000      450     2424      464     2450     14     26       450      2424       463      2424       463      2449       450      2449       425      2399       489      2475 PARcau 1.164043e-04 0.999884
    38   0        456       2440 13.000  25.000 255.5 90.000      450     2429      464     2455     14     26       450      2429       463      2429       463      2454       450      2454       425      2404       489      2480 PARcau 2.818947e-06 0.999997
    39   0        457       2445 13.000  25.000 244.0 90.000      450     2433      464     2459     14     26       450      2433       463      2433       463      2458       450      2458       425      2408       489      2484 PARcau 3.262910e-06 0.999997
    40   0        457       2449 12.042  26.173 241.0 83.660      450     2437      464     2464     14     27       449      2437       461      2436       464      2462       452      2463       425      2412       489      2489 PARcau 1.111581e-05 0.999989
    41   0        457       2454 13.000  26.000 248.5 90.000      450     2442      464     2469     14     27       450      2442       463      2442       463      2468       450      2468       425      2417       489      2494 PARcau 2.773773e-04 0.999723
    42   0        457       2459 13.000  27.000 253.0 90.000      450     2446      464     2474     14     28       450      2446       463      2446       463      2473       450      2473       425      2421       489      2499 PARcau 3.924654e-04 0.999608
    43   0        457       2463 12.000  26.000 243.0 90.000      451     2451      464     2478     13     27       451      2451       463      2451       463      2477       451      2477       426      2426       489      2503 PARcau 2.100473e-03 0.997900
    44   0        457       2468 13.000  26.000 246.5 90.000      450     2456      464     2483     14     27       450      2456       463      2456       463      2482       450      2482       425      2431       489      2508 PARcau 1.305914e-06 0.999999
    45   0        457       2472 13.000  27.000 243.5 90.000      450     2460      464     2488     14     28       450      2460       463      2460       463      2487       450      2487       425      2435       489      2513 PARcau 6.761913e-05 0.999932
    46   0        456       2477 13.038  27.074 244.0  3.814      450     2465      464     2493     14     28       450      2464       463      2465       461      2492       448      2491       425      2440       489      2518 PARcau 2.722770e-07 1.000000
    47   0        456       2482 12.000  28.000 249.0  0.000      450     2469      463     2498     13     29       450      2469       462      2469       462      2497       450      2497       425      2444       488      2523 PARcau 1.845308e-04 0.999816
    48   0        456       2487 12.000  27.000 231.5 90.000      450     2474      463     2502     13     28       450      2474       462      2474       462      2501       450      2501       425      2449       488      2527 PARcau 1.731069e-06 0.999998
    49   0        455       2491 12.540  27.115 248.5  5.711      449     2479      463     2507     14     28       450      2478       463      2479       460      2506       448      2505       424      2454       488      2532 PARcau 6.733278e-04 0.999327
    50   0        455       2497 12.369  27.893 246.0 14.036      448     2484      462     2512     14     28       452      2482       464      2485       457      2512       445      2509       423      2459       487      2537 PARcau 1.532529e-05 0.999985
    51   0        454       2501 12.540  28.218 254.0  6.340      448     2488      462     2517     14     29       450      2487       462      2488       459      2516       446      2515       423      2463       487      2542 PARcau 2.169959e-05 0.999978
    52   0        454       2506 13.000  27.000 245.5 90.000      447     2493      461     2521     14     28       447      2493       460      2493       460      2520       447      2520       422      2468       486      2546 PARcau 1.013625e-07 1.000000
    53   0        453       2511 13.000  27.000 234.5 90.000      447     2498      461     2526     14     28       447      2498       460      2498       460      2525       447      2525       422      2473       486      2551 PARcau 5.332384e-07 1.000000
    54   0        453       2515 12.500  27.681 237.5 15.945      446     2503      460     2531     14     28       450      2501       462      2504       454      2531       442      2527       421      2478       485      2556 PARcau 4.601453e-04 0.999540
    55   0        452       2520 12.855  28.745 258.0 14.036      445     2507      460     2536     15     29       448      2505       461      2508       454      2536       442      2533       420      2482       485      2561 PARcau 4.633576e-06 0.999995
    56   0        451       2525 13.000  27.000 243.5 90.000      445     2512      459     2540     14     28       445      2512       458      2512       458      2539       445      2539       420      2487       484      2565 PARcau 2.090779e-06 0.999998
    57   0        450       2529 12.000  27.000 252.0 90.000      445     2517      458     2545     13     28       445      2517       457      2517       457      2544       445      2544       420      2492       483      2570 PARcau 5.915262e-04 0.999408
    58   0        450       2534 12.369  27.459 253.5 11.310      443     2521      458     2549     15     28       446      2519       458      2522       453      2549       441      2546       418      2496       483      2574 PARcau 7.887449e-05 0.999921
    59   0        449       2538 12.000  26.000 231.0 90.000      444     2526      457     2553     13     27       444      2526       456      2526       456      2552       444      2552       419      2501       482      2578 PARcau 1.049280e-03 0.998951
    60   0        448       2543 11.885  27.771 242.5 14.036      442     2530      457     2558     15     28       446      2528       458      2531       451      2558       440      2555       417      2505       482      2583 PARcau 1.146825e-03 0.998853
    61   0        448       2548 11.180  27.459 240.5 11.310      442     2535      456     2562     14     27       445      2533       456      2535       451      2562       440      2560       417      2510       481      2587 PARcau 1.397442e-02 0.986026
    62   0        447       2552 12.540  25.125 237.5  6.340      441     2540      455     2566     14     26       442      2539       455      2540       452      2565       440      2564       416      2515       480      2591 PARcau 3.022880e-02 0.969771
    63   0        447       2556 12.166  26.306 238.0  9.462      441     2544      455     2570     14     26       443      2542       455      2544       451      2570       439      2568       416      2519       480      2595 PARcau 1.110865e-03 0.998889
    64   0        446       2561 12.000  25.000 232.5  0.000      441     2548      454     2574     13     26       441      2548       453      2548       453      2573       441      2573       416      2523       479      2599 PARcau 3.533332e-04 0.999647
    65   0        446       2564 13.153  25.318 225.0  9.462      440     2553      454     2579     14     26       441      2551       454      2553       450      2578       437      2576       415      2528       479      2604 PARcau 5.096277e-05 0.999949
    66   0        446       2569 12.500  25.480 227.5 15.945      439     2557      453     2583     14     26       443      2555       455      2558       448      2583       436      2579       414      2532       478      2608 PARcau 2.931925e-04 0.999707
    67   0        445       2573 12.659  24.418 223.5 10.305      439     2562      453     2587     14     25       440      2560       453      2562       448      2586       436      2584       414      2537       478      2612 PARcau 5.304299e-04 0.999470
    68   0        445       2577 13.086  24.683 231.5  6.340      438     2566      453     2591     15     25       439      2564       452      2566       449      2590       436      2589       413      2541       478      2616 PARcau 9.089036e-04 0.999091
    69   0        444       2581 13.647  24.254 234.0  8.130      437     2570      452     2595     15     25       439      2568       452      2570       449      2594       435      2592       412      2545       477      2620 PARcau 1.830077e-04 0.999817
    70   0        444       2585 13.000  24.000 235.5 90.000      438     2574      452     2599     14     25       438      2574       451      2574       451      2598       438      2598       413      2549       477      2624 PARcau 5.006700e-02 0.949933
    71   0        444       2589 13.000  24.000 230.0 90.000      438     2578      452     2603     14     25       438      2578       451      2578       451      2602       438      2602       413      2553       477      2628 PARcau 5.487619e-02 0.945124
    72   0        444       2593 14.000  24.000 228.5 90.000      437     2582      452     2607     15     25       437      2582       451      2582       451      2606       437      2606       412      2557       477      2632 PARcau 1.811416e-03 0.998189
    73   0        445       2597 13.000  24.000 228.0 90.000      438     2586      452     2611     14     25       438      2586       451      2586       451      2610       438      2610       413      2561       477      2636 PARcau 1.513383e-02 0.984866
    74   0        445       2601 13.000  24.000 228.5 90.000      439     2590      453     2615     14     25       439      2590       452      2590       452      2614       439      2614       414      2565       478      2640 PARcau 1.049655e-02 0.989504
    75   0        445       2605 13.000  23.000 231.5 90.000      439     2594      453     2618     14     24       439      2594       452      2594       452      2617       439      2617       414      2569       478      2643 PARcau 7.538924e-03 0.992461
    76   0        446       2609 14.080  24.683 240.0  6.340      439     2598      454     2623     15     25       440      2596       454      2598       451      2622       437      2621       414      2573       479      2648 PARcau 5.135246e-02 0.948648
    77   0        446       2613 14.318  24.515 237.0 77.471      439     2602      454     2627     15     25       437      2603       451      2600       456      2624       442      2627       414      2577       479      2652 PARcau 1.479653e-01 0.852035
    78   0        447       2617 13.000  24.000 230.5 90.000      440     2606      454     2631     14     25       440      2606       453      2606       453      2630       440      2630       415      2581       479      2656 PARcau 7.911453e-02 0.920885
    79   0        447       2621 14.000  24.000 244.0 90.000      440     2610      455     2635     15     25       440      2610       454      2610       454      2634       440      2634       415      2585       480      2660 PARcau 1.177479e-02 0.988225
    80   0        448       2625 13.153  24.331 244.0 80.538      441     2614      456     2639     15     25       439      2615       452      2613       456      2637       443      2639       416      2589       481      2664 PARcau 3.572095e-06 0.999996
    80   1       1654       2847  5.657   7.071  23.5 45.000     1651     2845     1659     2851      8      6      1650      2848      1655      2843      1659      2847      1654      2852      1626      2820      1684      2876 PARcau 2.604586e-11 1.000000
    81   1       1655       2846  7.826   9.862  59.0 26.565     1650     2842     1661     2852     11     10      1654      2841      1661      2844      1656      2853      1649      2849      1625      2817      1686      2877 PARcau 4.292321e-14 1.000000
    81   0        449       2630 14.000  24.000 251.5 90.000      442     2618      457     2643     15     25       442      2618       456      2618       456      2642       442      2642       417      2593       482      2668 PARcau 8.380466e-07 0.999999
    82   1       1655       2846  9.000  11.000  70.0 90.000     1650     2842     1662     2852     12     10      1650      2842      1661      2842      1661      2851      1650      2851      1625      2817      1687      2877 PARcau 3.948540e-12 1.000000
    82   0        450       2634 13.647  25.244 253.0 81.870      442     2623      458     2648     16     25       441      2623       454      2621       458      2646       444      2648       417      2598       483      2673 PARcau 8.761741e-06 0.999991
    83   1       1655       2846  8.485  12.042  75.5 45.000     1650     2842     1663     2852     13     10      1648      2848      1656      2839      1662      2845      1654      2854      1625      2817      1688      2877 PARcau 3.209847e-12 1.000000
    83   0        451       2638 13.946  25.348 259.0 75.964      443     2627      459     2652     16     25       440      2628       454      2625       460      2649       447      2653       418      2602       484      2677 PARcau 3.143151e-04 0.999686
    84   0        451       2642 14.221  25.005 259.5 78.690      443     2631      460     2656     17     25       441      2632       455      2629       460      2654       446      2656       418      2606       485      2681 PARcau 1.203936e-03 0.998796
    85   0        452       2646 14.318  25.495 258.5 78.690      444     2635      461     2660     17     25       442      2636       456      2633       461      2658       447      2661       419      2610       486      2685 PARcau 1.433049e-06 0.999999
    86   0        453       2651 14.431  26.443 271.5 74.745      445     2639      462     2665     17     26       442      2640       456      2637       463      2662       449      2666       420      2614       487      2690 PARcau 1.095469e-05 0.999989
    86   1       1666       2835  5.000  14.000  49.5 90.000     1660     2833     1675     2839     15      6      1660      2833      1674      2833      1674      2838      1660      2838      1635      2808      1700      2864 PARcau 7.924585e-21 1.000000
    87   1       1666       2835  5.000  14.000  48.0 90.000     1661     2833     1676     2839     15      6      1661      2833      1675      2833      1675      2838      1661      2838      1636      2808      1701      2864 PARcau 1.241181e-17 1.000000
    87   0        454       2655 13.463  26.443 264.0 74.055      446     2643      463     2669     17     26       444      2644       457      2641       464      2666       451      2670       421      2618       488      2694 PARcau 1.343241e-04 0.999866
    88   1       1667       2835  5.000  13.000  34.5 90.000     1662     2833     1676     2839     14      6      1662      2833      1675      2833      1675      2838      1662      2838      1637      2808      1701      2864 PARcau 2.258102e-17 1.000000
    88   0        455       2660 13.238  26.196 269.0 77.471      448     2648      464     2674     16     26       446      2649       459      2646       465      2672       452      2674       423      2623       489      2699 PARcau 6.104323e-03 0.993896
    89   0        456       2664 13.342  26.476 264.0 77.471      449     2652      465     2678     16     26       447      2653       460      2650       465      2676       452      2679       424      2627       490      2703 PARcau 1.767145e-03 0.998233
    90   0        457       2668 13.124  27.354 272.0 71.565      450     2656      466     2683     16     27       447      2658       459      2654       468      2680       455      2684       425      2631       491      2708 PARcau 4.243926e-05 0.999958
    91   0        458       2673 15.207  26.968 287.5 80.538      450     2660      467     2687     17     27       447      2661       462      2658       467      2685       452      2687       425      2635       492      2712 PARcau 1.966461e-03 0.998034
    92   0        459       2677 13.757  27.987 277.0 71.565      451     2664      468     2692     17     28       448      2666       461      2662       470      2688       457      2693       426      2639       493      2717 PARcau 2.084828e-05 0.999979
    92   1       1694       2812  5.701  14.230  52.5 71.565     1687     2809     1702     2817     15      8      1686      2812      1700      2808      1701      2813      1688      2818      1662      2784      1727      2842 PARcau 2.378950e-11 1.000000
    93   0        460       2681 14.142  28.284 287.0 81.870      452     2669      468     2697     16     28       450      2669       464      2667       468      2695       454      2697       427      2644       493      2722 PARcau 8.999803e-05 0.999910
    93   1       1697       2811  7.433  19.449  98.5 71.565     1687     2807     1706     2817     19     10      1685      2811      1704      2805      1706      2812      1688      2818      1662      2782      1731      2842 PARcau 4.060737e-13 1.000000
    94   0        460       2686 14.714  27.866 295.5 80.538      453     2673      469     2701     16     28       451      2674       465      2671       470      2699       455      2701       428      2648       494      2726 PARcau 8.165034e-03 0.991835
    94   1       1699       2810  8.544  24.698 140.0 68.199     1687     2804     1710     2817     23     13      1685      2811      1708      2802      1711      2810      1688      2819      1662      2779      1735      2842 PARcau 9.655715e-14 1.000000
    95   0        461       2690 14.807  28.535 292.0 79.695      453     2677      469     2706     16     29       451      2678       465      2675       471      2703       456      2706       428      2652       494      2731 PARcau 1.989826e-03 0.998010
    95   1       1702       2809  9.849  25.942 174.0 63.435     1690     2802     1714     2817     24     15      1688      2811      1711      2799      1715      2808      1692      2820      1665      2777      1739      2842 PARcau 1.427201e-11 1.000000
    96   0        462       2694 15.000  27.000 288.0 90.000      454     2682      470     2710     16     28       454      2682       469      2682       469      2709       454      2709       429      2657       495      2735 PARcau 1.781761e-03 0.998218
    96   1       1705       2807 10.062  26.387 189.0 63.435     1694     2799     1718     2816     24     17      1691      2809      1715      2797      1719      2806      1696      2818      1669      2774      1743      2841 PARcau 6.305120e-11 1.000000
    97   0        462       2699 14.000  27.000 297.0 90.000      455     2686      470     2714     15     28       455      2686       469      2686       469      2713       455      2713       430      2661       495      2739 PARcau 1.170777e-04 0.999883
    97   1       1709       2805 10.404  26.349 194.5 56.310     1698     2796     1722     2814     24     18      1696      2807      1718      2793      1724      2801      1702      2816      1673      2771      1747      2839 PARcau 1.819440e-10 1.000000
    98   0        463       2703 14.431  28.377 289.0 75.964      455     2690      471     2719     16     29       452      2692       466      2688       473      2716       459      2719       430      2665       496      2744 PARcau 1.339628e-06 0.999999
    98   1       1714       2801  9.434  25.239 181.5 56.310     1703     2793     1726     2810     23     17      1701      2804      1722      2790      1727      2798      1706      2812      1678      2768      1751      2835 PARcau 2.828792e-08 1.000000
    99   0        463       2708 14.000  28.000 299.0 90.000      456     2695      471     2724     15     29       456      2695       470      2695       470      2723       456      2723       431      2670       496      2749 PARcau 6.359868e-08 1.000000
    99   1       1719       2798  9.434  25.239 170.5 56.310     1708     2791     1731     2807     23     16      1706      2801      1727      2787      1732      2795      1711      2809      1683      2766      1756      2832 PARcau 6.055031e-12 1.000000
   100   0        463       2712 13.000  28.000 286.5 90.000      457     2699      471     2728     14     29       457      2699       470      2699       470      2727       457      2727       432      2674       496      2753 PARcau 2.379086e-07 1.000000
   100   1       1722       2795  8.944  23.707 164.5 63.435     1712     2788     1734     2804     22     16      1710      2797      1731      2786      1735      2794      1714      2805      1687      2763      1759      2829 PARcau 1.862745e-11 1.000000
   101   0        464       2717 14.000  27.000 282.5 90.000      457     2704      472     2732     15     28       457      2704       471      2704       471      2731       457      2731       432      2679       497      2757 PARcau 7.013892e-08 1.000000
   101   1       1727       2793  8.322  25.125 168.0 58.392     1716     2785     1739     2801     23     16      1714      2796      1735      2783      1740      2790      1718      2803      1691      2760      1764      2826 PARcau 2.539607e-10 1.000000
   102   0        464       2721 14.000  27.000 289.0 90.000      457     2708      472     2736     15     28       457      2708       471      2708       471      2735       457      2735       432      2683       497      2761 PARcau 7.439483e-08 1.000000
   102   1       1731       2790  9.014  24.965 164.5 56.310     1721     2783     1743     2799     22     16      1718      2793      1739      2780      1744      2787      1723      2801      1696      2758      1768      2824 PARcau 4.771513e-09 1.000000
   103   0        464       2726 14.036  28.160 285.0  7.125      457     2712      472     2741     15     29       458      2711       472      2712       469      2740       455      2739       432      2687       497      2766 PARcau 8.282485e-08 1.000000
   103   1       1735       2787  8.944  25.495 165.5 63.435     1725     2780     1747     2796     22     16      1722      2789      1745      2778      1749      2786      1726      2797      1700      2755      1772      2821 PARcau 2.694973e-08 1.000000
   104   0        464       2730 14.000  27.000 286.5 90.000      457     2717      472     2745     15     28       457      2717       471      2717       471      2744       457      2744       432      2692       497      2770 PARcau 3.425092e-08 1.000000
   104   1       1739       2784  8.500  24.439 159.5 59.036     1729     2777     1751     2793     22     16      1727      2787      1748      2775      1752      2782      1731      2795      1704      2752      1776      2818 PARcau 7.045734e-09 1.000000
   105   0        463       2734 14.000  27.000 289.0 90.000      457     2721      472     2749     15     28       457      2721       471      2721       471      2748       457      2748       432      2696       497      2774 PARcau 1.744435e-08 1.000000
   105   1       1743       2782  8.746  24.010 154.5 59.036     1733     2775     1755     2790     22     15      1731      2784      1751      2772      1756      2779      1735      2792      1708      2750      1780      2815 PARcau 5.634964e-05 0.999944
   106   0        463       2738 14.534  27.115 281.5  5.711      456     2725      472     2753     16     28       457      2724       471      2725       469      2752       454      2751       431      2700       497      2778 PARcau 9.066041e-09 1.000000
   106   1       1747       2779  9.014  24.130 155.0 56.310     1737     2772     1759     2788     22     16      1735      2782      1755      2769      1760      2776      1740      2790      1712      2747      1784      2813 PARcau 8.729529e-06 0.999991
   107   0        463       2743 14.000  26.000 285.0 90.000      456     2730      471     2757     15     27       456      2730       470      2730       470      2756       456      2756       431      2705       496      2782 PARcau 1.073783e-05 0.999989
   107   1       1751       2777  8.322  23.436 150.5 56.310     1741     2770     1762     2785     21     15      1739      2780      1759      2767      1763      2774      1744      2787      1716      2745      1787      2810 PARcau 2.140663e-08 1.000000
   108   0        463       2747 14.000  26.000 283.5 90.000      456     2734      471     2761     15     27       456      2734       470      2734       470      2760       456      2760       431      2709       496      2786 PARcau 4.497094e-06 0.999995
   108   1       1755       2774  8.062  23.324 141.0 59.036     1745     2767     1766     2783     21     16      1743      2777      1763      2765      1767      2772      1747      2784      1720      2742      1791      2808 PARcau 5.852928e-04 0.999415
   109   0        462       2751 14.577  26.730 284.5  7.125      455     2738      471     2765     16     27       456      2736       471      2738       467      2764       453      2763       430      2713       496      2790 PARcau 1.736388e-04 0.999826
   109   1       1759       2772  8.201  23.308 147.5 54.462     1749     2764     1770     2780     21     16      1747      2775      1766      2762      1771      2768      1752      2782      1724      2739      1795      2805 PARcau 1.287334e-07 1.000000
   110   0        462       2755 14.142  25.318 284.0  9.462      455     2743      471     2769     16     26       457      2741       471      2743       467      2768       453      2766       430      2718       496      2794 PARcau 3.766910e-09 1.000000
   110   1       1763       2769  7.632  22.743 132.5 56.310     1754     2762     1774     2777     20     15      1752      2772      1771      2759      1775      2766      1756      2778      1729      2737      1799      2802 PARcau 2.041381e-06 0.999998
   110   2        304        234  5.000   9.000  35.0  0.000      302      230      308      240      6     10       302       230       307       230       307       239       302       239       277       205       333       265 PARcau 2.045156e-13 1.000000
   111   2        304        236  8.000  12.000  70.0  0.000      300      230      309      243      9     13       300       230       308       230       308       242       300       242       275       205       334       268 PARcau 2.479371e-11 1.000000
   111   0        461       2758 14.080  23.691 258.0  6.340      454     2747      470     2771     16     24       456      2745       470      2747       467      2770       453      2769       429      2722       495      2796 PARcau 5.106543e-07 1.000000
   111   1       1768       2766  8.201  22.500 126.5 53.130     1759     2759     1778     2775     19     16      1756      2770      1774      2756      1779      2763      1761      2776      1734      2734      1803      2800 PARcau 1.422683e-05 0.999986
   112   0        462       2762 14.080  23.585 228.5  5.711      454     2751      470     2775     16     24       455      2749       469      2751       467      2774       453      2773       429      2726       495      2800 PARcau 1.774116e-05 0.999982
   112   1       1771       2763  6.519  23.162 120.5 56.310     1762     2757     1782     2772     20     15      1760      2767      1779      2754      1783      2760      1763      2772      1737      2732      1807      2797 PARcau 4.437052e-05 0.999956
   112   2        304        238  9.487  15.811 107.0 70.017      299      230      312      247     13     17       297       232       306       229       311       244       302       247       274       205       337       272 PARcau 4.959366e-12 1.000000
   113   0        461       2766 14.000  24.000 227.0 90.000      454     2755      469     2780     15     25       454      2755       468      2755       468      2779       454      2779       429      2730       494      2805 PARcau 4.895531e-05 0.999951
   113   2        305        239 11.630  17.671 139.0 65.556      299      230      313      249     14     19       295       234       306       229       313       245       303       250       274       205       338       274 PARcau 7.460480e-13 1.000000
   113   1       1776       2760  7.433  21.593 125.0 48.814     1767     2753     1786     2769     19     16      1765      2765      1781      2751      1786      2756      1770      2771      1742      2728      1811      2794 PARcau 2.498786e-05 0.999975
   114   2        305        240 13.435  17.678 152.0 45.000      299      230      314      251     15     21       305       229       317       241       308       251       295       238       274       205       339       276 PARcau 4.821108e-11 1.000000
   114   0        461       2771 13.000  25.000 229.5 90.000      455     2759      469     2785     14     26       455      2759       468      2759       468      2784       455      2784       430      2734       494      2810 PARcau 2.746040e-03 0.997254
   114   1       1779       2758  6.727  21.800 115.5 53.130     1770     2751     1790     2766     20     15      1768      2762      1785      2749      1790      2754      1772      2767      1745      2726      1815      2791 PARcau 1.254815e-05 0.999987
   115   2        305        241 10.607  19.092 140.5 45.000      299      233      314      252     15     19       303       231       316       244       309       252       295       238       274       208       339       277 PARcau 2.325860e-14 1.000000
   115   0        461       2776 13.647  26.387 260.0  9.462      454     2763      469     2790     15     27       456      2761       470      2763       465      2789       452      2787       429      2738       494      2815 PARcau 9.568117e-07 0.999999
   115   1       1784       2754  7.211  20.248 105.5 56.310     1776     2748     1793     2763     17     15      1773      2757      1790      2746      1794      2752      1777      2763      1751      2723      1818      2788 PARcau 9.774005e-07 0.999999
   116   2        306        243  8.902  20.402 120.0 53.130      300      234      313      254     13     20       304       232       316       248       309       254       297       237       275       209       338       279 PARcau 8.872927e-18 1.000000
   116   0        461       2781 15.000  28.000 293.5 90.000      453     2767      469     2796     16     29       453      2767       468      2767       468      2795       453      2795       428      2742       494      2821 PARcau 3.550051e-05 0.999964
   116   1       1788       2751  7.071  19.799  93.0 45.000     1780     2746     1797     2760     17     14      1778      2757      1792      2743      1797      2748      1783      2762      1755      2721      1822      2785 PARcau 8.743144e-06 0.999991
   117   2        306        244  8.322  21.800  78.5 53.973      300      235      313      256     13     21       304       233       317       251       310       255       297       238       275       210       338       281 PARcau 2.778062e-18 1.000000
   117   0        461       2785 15.000  29.000 316.0 90.000      453     2771      469     2801     16     30       453      2771       468      2771       468      2800       453      2800       428      2746       494      2826 PARcau 1.026902e-07 1.000000
   117   1       1791       2749  6.364  19.092  88.0 45.000     1783     2743     1800     2757     17     14      1782      2754      1796      2741      1800      2745      1787      2759      1758      2718      1825      2782 PARcau 1.773818e-06 0.999998
   118   0        462       2790 15.000  30.000 355.5 90.000      454     2775      470     2806     16     31       454      2775       469      2775       469      2805       454      2805       429      2750       495      2831 PARcau 5.761845e-06 0.999994
   118   1       1796       2745  6.103  19.007  80.0 53.130     1788     2740     1804     2753     16     13      1786      2749      1801      2738      1805      2743      1789      2754      1763      2715      1829      2778 PARcau 2.424068e-10 1.000000
   118   2        312        253  5.701  19.300  55.0 53.130      307      245      321      261     14     16       309       244       320       259       316       263       304       247       282       220       346       286 PARcau 3.684491e-19 1.000000
   119   1       1799       2743  5.657  19.799  80.0 45.000     1791     2736     1808     2751     17     15      1790      2749      1804      2735      1808      2739      1794      2753      1766      2711      1833      2776 PARcau 1.440164e-09 1.000000
   119   0        462       2795 15.000  29.000 341.0 90.000      454     2781      470     2811     16     30       454      2781       469      2781       469      2810       454      2810       429      2756       495      2836 PARcau 1.502696e-11 1.000000
   119   2        315        258  7.500  18.200  69.5 37.875      309      249      323      265     14     16       309       248       323       259       319       265       304       254       284       224       348       290 PARcau 5.646031e-31 1.000000
   120   2        316        259  8.322  17.614  84.5 35.538      310      252      324      267     14     15       311       250       325       260       321       267       306       257       285       227       349       292 PARcau 2.830591e-15 1.000000
   120   0        463       2800 15.000  29.000 342.0 90.000      455     2786      471     2816     16     30       455      2786       470      2786       470      2815       455      2815       430      2761       496      2841 PARcau 2.676684e-12 1.000000
   120   1       1803       2738  5.657  16.971  74.0 45.000     1797     2733     1811     2747     14     14      1795      2743      1807      2731      1811      2735      1799      2747      1772      2708      1836      2772 PARcau 1.075497e-07 1.000000
   121   2        318        260  7.778  17.678  94.5 45.000      311      254      325      269     14     15       314       251       327       264       321       269       309       257       286       229       350       294 PARcau 8.684075e-16 1.000000
   121   0        463       2805 15.532  31.197 358.0 83.660      455     2791      472     2823     17     32       453      2791       469      2790       472      2821       457      2822       430      2766       497      2848 PARcau 2.994057e-09 1.000000
   121   1       1808       2735  6.801  16.711  76.5 51.340     1802     2730     1815     2742     13     12      1799      2737      1812      2727      1816      2732      1803      2743      1777      2705      1840      2767 PARcau 5.490301e-09 1.000000
   122   2        318        262  8.485  18.385  97.0 45.000      311      255      326      271     15     16       315       252       328       265       322       271       309       258       286       230       351       296 PARcau 3.807296e-20 1.000000
   122   1       1810       2733  7.433  16.711  88.0 50.194     1804     2727     1818     2741     14     14      1801      2735      1814      2725      1819      2730      1806      2741      1779      2702      1843      2766 PARcau 1.379292e-10 1.000000
   122   0        464       2810 15.075  29.652 343.5 84.289      456     2795      473     2825     17     30       454      2795       469      2794       472      2823       457      2825       431      2770       498      2850 PARcau 2.468458e-10 1.000000
   123   2        320        264  8.485  19.799 112.0 45.000      313      257      329      274     16     17       316       254       330       268       324       274       310       260       288       232       354       299 PARcau 3.103715e-21 1.000000
   123   1       1812       2730  7.211  19.416  96.0 54.462     1805     2724     1821     2739     16     15      1802      2733      1818      2722      1822      2728      1806      2739      1780      2699      1846      2764 PARcau 2.042207e-07 1.000000
   123   0        464       2813 16.000  24.000 305.0 90.000      456     2801      473     2826     17     25       456      2801       472      2801       472      2825       456      2825       431      2776       498      2851 PARcau 2.987642e-11 1.000000
   124   2        321        266  8.201  17.500  98.0 53.130      315      260      330      275     15     15       319       257       330       271       323       276       313       262       290       235       355       300 PARcau 5.256463e-22 1.000000
   124   1       1815       2728  6.364  20.506  96.5 45.000     1807     2722     1824     2737     17     15      1806      2734      1820      2719      1825      2724      1810      2738      1782      2697      1849      2762 PARcau 8.759953e-08 1.000000
   124   0        464       2816 16.000  19.000 235.0 90.000      457     2806      474     2826     17     20       457      2806       473      2806       473      2825       457      2825       432      2781       499      2851 PARcau 1.732887e-09 1.000000
   125   2        322        267  8.201  18.901 104.5 52.125      316      260      330      276     14     16       319       257       331       272       324       277       313       262       291       235       355       301 PARcau 1.436745e-16 1.000000
   125   1       1817       2726  5.657  15.556  65.5 45.000     1812     2721     1825     2733     13     12      1810      2730      1821      2719      1825      2723      1814      2734      1787      2696      1850      2758 PARcau 1.074276e-09 1.000000
   125   0        464       2818 14.560  15.811 162.0 71.565      457     2811      474     2826     17     15       454      2813       469      2808       473      2822       458      2827       432      2786       499      2851 PARcau 2.416210e-07 1.000000
   126   2        323        268  8.139  20.230 106.5 41.186      316      260      332      277     16     17       318       258       334       271       328       277       313       264       291       235       357       302 PARcau 2.633263e-22 1.000000
   126   0        464       2820  9.000  14.000  90.5 90.000      458     2816      473     2826     15     10       458      2816       472      2816       472      2825       458      2825       433      2791       498      2851 PARcau 6.089407e-08 1.000000
   126   1       1819       2725  4.243   9.899  31.0 45.000     1816     2722     1824     2730      8      8      1814      2727      1821      2720      1824      2723      1817      2730      1791      2697      1849      2755 PARcau 3.007393e-09 1.000000
   127   2        327        268  8.544  19.313 107.5 21.801      317      262      336      275     19     13       318       260       336       267       333       275       315       268       292       237       361       300 PARcau 4.903051e-14 1.000000
   127   0        465       2822  4.472   8.944  25.5 63.435      461     2820      471     2826     10      6       460      2822       468      2818       470      2822       462      2826       436      2795       496      2851 PARcau 1.163667e-09 1.000000
   127   1       1830       2712  7.000   8.000  42.0 90.000     1826     2709     1835     2717      9      8      1826      2709      1834      2709      1834      2716      1826      2716      1801      2684      1860      2742 PARcau 3.074253e-08 1.000000
   128   2        331        267 10.689  22.456 116.5 11.310      317      262      340      274     23     12       318       259       340       263       338       274       316       269       292       237       365       299 PARcau 9.423798e-12 1.000000
   128   1       1832       2710  7.071  12.042  61.5 45.000     1827     2706     1838     2716     11     10      1826      2713      1834      2704      1839      2709      1831      2718      1802      2681      1863      2741 PARcau 1.102835e-10 1.000000
   129   2        333        265 12.000  19.000 156.5 90.000      323      260      343      273     20     13       323       260       342       260       342       272       323       272       298       235       368       298 PARcau 3.681564e-14 1.000000
   129   1       1834       2708  8.485  16.971 102.5 45.000     1827     2702     1842     2717     15     15      1825      2712      1837      2700      1843      2706      1831      2718      1802      2677      1867      2742 PARcau 1.906582e-10 1.000000
   130   2        335        264 13.000  20.000 201.0 90.000      326      258      347      272     21     14       326       258       346       258       346       271       326       271       301       233       372       297 PARcau 6.057861e-16 1.000000
   130   1       1836       2706  7.433  20.934 113.5 39.806     1828     2699     1845     2716     17     17      1826      2712      1840      2696      1845      2701      1832      2717      1803      2674      1870      2741 PARcau 3.014367e-15 1.000000
   131   1       1839       2702  7.433  22.344 123.0 41.186     1832     2694     1848     2713     16     19      1828      2709      1843      2692      1848      2697      1834      2714      1807      2669      1873      2738 PARcau 1.237545e-11 1.000000
   131   2        338        262 13.928  24.042 255.0 71.565      327      255      351      271     24     16       324       259       347       252       352       265       329       272       302       230       376       296 PARcau 1.663280e-10 1.000000
   132   1       1842       2699  7.810  22.023 120.0 38.660     1835     2690     1851     2709     16     19      1832      2705      1846      2688      1852      2693      1838      2710      1810      2665      1876      2734 PARcau 7.973289e-12 1.000000
   132   2        341        261 14.080  26.101 279.5 73.301      329      253      355      270     26     17       327       258       352       250       356       264       331       271       304       228       380       295 PARcau 8.713821e-13 1.000000
   133   1       1845       2694  7.071  19.799 115.5 45.000     1839     2687     1854     2704     15     17      1836      2699      1850      2685      1855      2690      1841      2704      1814      2662      1879      2729 PARcau 3.937386e-09 1.000000
   133   2        346        258 13.865  26.196 279.5 65.556      334      250      360      268     26     18       331       257       355       247       361       259       337       270       309       225       385       293 PARcau 9.237586e-10 1.000000
   134   1       1849       2690  7.778  20.506 110.5 45.000     1841     2683     1857     2701     16     18      1838      2696      1852      2681      1858      2687      1843      2701      1816      2658      1882      2726 PARcau 2.981565e-09 1.000000
   134   2        350        256 14.089  27.505 290.5 63.435      337      248      364      266     27     18       335       257       359       244       366       257       341       269       312       223       389       291 PARcau 1.381559e-05 0.999986
   135   1       1851       2687  7.906  20.112 115.0 33.690     1845     2679     1859     2697     14     18      1842      2693      1854      2676      1860      2681      1849      2697      1820      2654      1884      2722 PARcau 4.686898e-12 1.000000
   135   2        355        254 13.416  26.833 295.0 63.435      343      245      369      264     26     19       340       254       364       242       370       254       346       266       318       220       394       289 PARcau 2.483127e-09 1.000000
   136   1       1854       2683  8.139  20.887 121.0 41.186     1847     2675     1862     2693     15     18      1844      2688      1858      2673      1864      2678      1850      2694      1822      2650      1887      2718 PARcau 1.525503e-07 1.000000
   136   2        359        251 13.463  25.812 286.0 59.036      347      243      373      262     26     19       345       253       367       239       374       251       352       264       322       218       398       287 PARcau 3.615869e-14 1.000000
   137   1       1857       2679  7.071  21.260 124.5 40.601     1850     2671     1865     2690     15     19      1847      2685      1861      2669      1866      2674      1852      2690      1825      2646      1890      2715 PARcau 3.828545e-05 0.999962
   137   2        364        249 13.601  26.401 283.5 53.130      352      240      377      260     25     20       349       251       370       235       378       246       357       262       327       215       402       285 PARcau 5.298872e-11 1.000000
   138   1       1860       2675  7.632  22.209 128.0 30.964     1853     2667     1869     2686     16     19      1851      2683      1862      2664      1869      2668      1857      2687      1828      2642      1894      2711 PARcau 6.907945e-04 0.999309
   138   2        368        247 14.142  26.173 270.0 45.000      357      237      381      258     24     21       354       250       373       232       383       242       364       260       332       212       406       283 PARcau 1.406706e-09 1.000000
   139   1       1863       2671  7.906  21.506 122.0 35.538     1856     2663     1871     2681     15     18      1853      2677      1866      2660      1872      2664      1860      2682      1831      2638      1896      2706 PARcau 1.983598e-05 0.999980
   139   2        373        244 13.463  27.189 263.5 57.529      361      234      386      255     25     21       358       245       381       231       388       242       365       257       336       209       411       280 PARcau 4.330733e-14 1.000000
   140   1       1866       2667  7.906  20.700 115.5 36.870     1860     2659     1874     2677     14     18      1856      2673      1868      2657      1875      2661      1862      2678      1835      2634      1899      2702 PARcau 6.948244e-04 0.999305
   140   2        377        241 12.042  26.249 254.5 49.399      366      231      390      252     24     21       363       245       383       228       391       237       371       254       341       206       415       277 PARcau 3.577591e-13 1.000000
   141   1       1868       2663  7.433  20.934 119.0 40.601     1861     2655     1877     2674     16     19      1858      2669      1872      2653      1877      2658      1864      2674      1836      2630      1902      2699 PARcau 1.903816e-04 0.999810
   141   2        381        238 12.420  25.928 254.0 50.194      371      228      393      249     22     21       367       241       387       225       395       234       375       251       346       203       418       274 PARcau 2.446557e-08 1.000000
   142   1       1871       2659  7.211  21.095 114.5 30.964     1865     2651     1880     2669     15     18      1863      2666      1874      2648      1880      2652      1869      2670      1840      2626      1905      2694 PARcau 5.090809e-05 0.999949
   142   2        385        235 13.435  24.749 264.5 45.000      374      226      397      247     23     21       372       240       389       222       399       232       381       249       349       201       422       272 PARcau 1.538556e-09 1.000000
   143   1       1874       2655  7.211  21.633 116.0 33.690     1867     2647     1882     2666     15     19      1864      2662      1876      2644      1882      2648      1870      2666      1842      2622      1907      2691 PARcau 1.217351e-05 0.999988
   143   2        388        234 14.142  25.456 264.0 45.000      377      225      401      245     24     20       374       238       392       220       402       230       384       248       352       200       426       270 PARcau 4.111293e-09 1.000000
   144   1       1877       2651  7.810  21.401 111.0 36.870     1870     2643     1885     2661     15     18      1867      2657      1880      2640      1886      2645      1873      2662      1845      2618      1910      2686 PARcau 1.898095e-04 0.999810
   144   2        391        232 12.093  25.812 251.0 59.036      381      223      404      243     23     20       378       234       400       220       406       231       384       244       356       198       429       268 PARcau 8.002798e-09 1.000000
   145   1       1880       2647  7.778  20.506 113.5 45.000     1873     2639     1888     2657     15     18      1869      2652      1884      2638      1889      2643      1875      2658      1848      2614      1913      2682 PARcau 6.602166e-06 0.999993
   145   2        395        230 12.530  26.420 253.0 60.255      384      221      409      241     25     20       381       231       404       218       410       229       387       242       359       196       434       266 PARcau 1.145970e-07 1.000000
   146   1       1883       2642  8.062  18.868 102.0 30.964     1877     2635     1891     2652     14     17      1874      2649      1884      2633      1891      2637      1881      2653      1852      2610      1916      2677 PARcau 1.646045e-04 0.999835
   146   2        400        228 12.093  24.824 233.0 61.390      389      219      413      238     24     19       386       228       408       217       414       227       392       239       364       194       438       263 PARcau 1.006073e-10 1.000000
   147   1       1885       2639  7.211  20.809 108.5 33.690     1879     2632     1894     2649     15     17      1876      2646      1888      2629      1894      2633      1882      2650      1854      2607      1919      2674 PARcau 8.504267e-05 0.999915
   147   2        405        225 12.207  26.627 236.0 56.310      394      216      418      235     24     19       391       228       413       213       420       223       398       238       369       191       443       260 PARcau 9.133683e-08 1.000000
   148   1       1888       2635  7.106  19.912 109.5 39.806     1882     2628     1897     2645     15     17      1879      2641      1892      2625      1897      2630      1885      2645      1857      2603      1922      2670 PARcau 7.380461e-08 1.000000
   148   2        410        222 12.207  25.807 247.0 54.462      399      213      423      232     24     19       396       225       417       210       424       220       403       235       374       188       448       257 PARcau 1.942261e-11 1.000000
   149   1       1891       2631  7.071  19.799 103.5 45.000     1885     2624     1899     2640     14     16      1882      2636      1896      2622      1901      2627      1887      2641      1860      2599      1924      2665 PARcau 5.912866e-06 0.999994
   149   2        415        219 11.927  25.656 243.5 56.310      404      210      427      229     23     19       401       221       422       207       429       217       407       231       379       185       452       254 PARcau 4.343205e-15 1.000000