 Frame  ID  CentroidX  CentroidY  Width  Length  Area  Angle  Box_TLX  Box_TLY  Box_BRX  Box_BRY  Box_W  Box_H  rBox_TLX  rBox_TLY  rBox_TRX  rBox_TRY  rBox_BRX  rBox_BRY  rBox_BLX  rBox_BLY  lBox_TLX  lBox_TLY  lBox_BRX  lBox_BRY  Label       NONpro   PARcau
    21   0       3819       2483  7.071  16.971  92.5 45.000     3813     2477     3828     2491     15     14      3811      2487      3823      2475      3828      2480      3816      2492      3788      2452      3853      2516 PARcau 2.715928e-12 1.000000
    21   1       2617       2444  8.276  23.033 122.5 26.565     2612     2434     2624     2457     12     23      2608      2453      2619      2432      2626      2436      2616      2456      2587      2409      2649      2482 PARcau 1.173936e-12 1.000000
    21   2       4862       1784  8.000  10.000  51.0 90.000     4858     1779     4867     1790      9     11      4858      1779      4866      1779      4866      1789      4858      1789      4833      1754      4892      1815 PARcau 4.548669e-09 1.000000
    21   3       3008       1070 10.050  28.160 227.0  5.711     2995     1065     3024     1077     29     12      2995      1064      3023      1067      3022      1077      2994      1074      2970      1040      3049      1102 PARcau 7.425090e-09 1.000000
    21   4       1550        639 12.728  25.456 240.0 45.000     1540      630     1562      650     22     20      1536       644      1554       626      1563       635      1545       653      1515       605      1587       675 PARcau 4.153210e-07 1.000000
    22   2       4862       1783  7.433   9.962  31.5 18.435     4858     1779     4867     1790      9     11      4860      1777      4867      1779      4864      1789      4857      1786      4833      1754      4892      1815 PARcau 6.337177e-07 0.999999
    22   4       1549        640 12.021  26.163 246.0 45.000     1539      631     1561      652     22     21      1535       645      1554       627      1562       635      1544       654      1514       606      1586       677 PARcau 1.776166e-08 1.000000
    22   0       3819       2484  8.602  15.811  92.0 56.310     3814     2478     3828     2491     14     13      3810      2485      3823      2476      3828      2483      3815      2492      3789      2453      3853      2516 PARcau 8.693260e-15 1.000000
    22   3       3002       1069 10.000  28.000 228.0 90.000     2989     1064     3018     1075     29     11      2989      1064      3017      1064      3017      1074      2989      1074      2964      1039      3043      1100 PARcau 6.418359e-06 0.999994
    22   1       2614       2451  7.280  21.541  91.0 19.983     2609     2442     2621     2462     12     20      2606      2460      2614      2440      2621      2442      2613      2462      2584      2417      2646      2487 PARcau 1.167643e-15 1.000000
    23   4       1549        640 12.021  26.163 237.5 45.000     1539      630     1561      652     22     22      1536       645      1554       626      1563       635      1544       653      1514       605      1586       677 PARcau 1.189914e-05 0.999988
    23   0       3824       2479  7.778  14.849  80.0 45.000     3818     2474     3832     2486     14     12      3816      2482      3827      2472      3832      2477      3822      2488      3793      2449      3857      2511 PARcau 3.615143e-07 1.000000
    23   3       2995       1067 10.000  28.000 229.0 90.000     2982     1063     3011     1074     29     11      2982      1063      3010      1063      3010      1073      2982      1073      2957      1038      3036      1099 PARcau 4.739058e-06 0.999995
    23   1       2608       2462  7.826  23.712  85.5 26.565     2603     2449     2616     2471     13     22      2601      2468      2611      2447      2618      2450      2608      2472      2578      2424      2641      2496 PARcau 1.241463e-13 1.000000
    24   4       1549        640 11.800  26.101 223.5 36.870     1540      630     1561      652     21     22      1537       647      1552       626      1562       633      1546       654      1515       605      1586       677 PARcau 5.531041e-09 1.000000
    24   3       2990       1066 10.548  28.111 230.0  4.764     2976     1061     3005     1073     29     12      2976      1060      3004      1062      3003      1073      2975      1070      2951      1036      3030      1098 PARcau 1.282464e-07 1.000000
    24   0       3827       2475  7.159   9.962  34.5 14.036     3823     2472     3833     2481     10      9      3823      2470      3833      2473      3831      2480      3822      2477      3798      2447      3858      2506 PARcau 6.044050e-03 0.993956
    24   1       2604       2469  9.179  20.156 120.0 29.745     2599     2460     2612     2479     13     19      2595      2475      2605      2457      2613      2462      2603      2479      2574      2435      2637      2504 PARcau 3.304169e-11 1.000000
    25   4       1548        640 11.402  26.249 200.5 38.660     1540      630     1561      652     21     22      1536       646      1553       626      1562       633      1545       653      1515       605      1586       677 PARcau 1.451775e-09 1.000000
    25   0       3831       2477  5.852  12.500  27.0 74.055     3828     2470     3836     2483      8     13      3826      2471      3831      2469      3835      2481      3829      2483      3803      2445      3861      2508 PARcau 4.566682e-04 0.999543
    25   3       2983       1065 10.000  28.000 220.5 90.000     2970     1061     2999     1072     29     11      2970      1061      2998      1061      2998      1071      2970      1071      2945      1036      3024      1097 PARcau 2.002997e-04 0.999800
    25   1       2600       2476  8.944  23.259 155.5 26.565     2594     2466     2608     2487     14     21      2591      2484      2601      2463      2609      2467      2599      2488      2569      2441      2633      2512 PARcau 1.998707e-12 1.000000
    26   4       1548        640 11.402  26.401 163.5 38.660     1540      629     1561      651     21     22      1537       646      1553       625      1562       632      1546       653      1515       604      1586       676 PARcau 4.481344e-09 1.000000
    26   3       2977       1065 10.000  28.000 222.0 90.000     2964     1061     2993     1072     29     11      2964      1061      2992      1061      2992      1071      2964      1071      2939      1036      3018      1097 PARcau 6.889894e-05 0.999931
    26   1       2596       2483  8.944  22.825 165.0 26.565     2590     2473     2605     2495     15     22      2587      2491      2598      2471      2606      2475      2595      2495      2565      2448      2630      2520 PARcau 3.749121e-12 1.000000
    27   4       1546        642  9.394  18.118 107.0 26.565     1540      633     1554      651     14     18      1547       631      1555       635      1547       651      1538       647      1515       608      1579       676 PARcau 5.080176e-10 1.000000
    27   3       2971       1066 10.198  29.275 229.0 80.538     2958     1061     2987     1073     29     12      2956      1063      2985      1059      2987      1069      2958      1073      2933      1036      3012      1098 PARcau 1.947935e-06 0.999998
    27   1       2592       2491  9.487  23.770 166.5 21.801     2586     2481     2600     2504     14     23      2592      2479      2601      2482      2592      2504      2583      2501      2561      2456      2625      2529 PARcau 1.005484e-09 1.000000
    28   3       2965       1067 10.308  29.125 228.5 77.471     2952     1061     2981     1075     29     14      2950      1065      2978      1059      2981      1069      2952      1075      2927      1036      3006      1100 PARcau 5.436170e-12 1.000000
    28   0       3840       2472  6.325  10.770  36.0 71.565     3836     2469     3848     2478     12      9      3835      2471      3845      2467      3847      2473      3837      2477      3811      2444      3873      2503 PARcau 4.908086e-05 0.999951
    28   1       2588       2499 10.062  24.151 173.5 26.565     2582     2489     2596     2512     14     23      2578      2508      2589      2486      2598      2491      2587      2512      2557      2464      2621      2537 PARcau 2.178066e-10 1.000000
    29   3       2961       1068  9.657  28.324 211.5 69.444     2948     1062     2975     1077     27     15      2946      1069      2972      1059      2976      1068      2949      1078      2923      1037      3000      1102 PARcau 6.045048e-09 1.000000
    29   0       3849       2474  6.000  12.000  27.5 90.000     3842     2472     3855     2479     13      7      3842      2472      3854      2472      3854      2478      3842      2478      3817      2447      3880      2504 PARcau 1.278864e-04 0.999872
    29   1       2584       2508  8.944  24.166 170.5 26.565     2578     2497     2592     2520     14     23      2575      2517      2585      2495      2593      2499      2583      2521      2553      2472      2617      2545 PARcau 2.131318e-15 1.000000
    30   3       2956       1070  9.657  28.324 215.0 68.199     2944     1063     2971     1079     27     16      2941      1070      2968      1060      2971      1069      2945      1079      2919      1038      2996      1104 PARcau 4.237883e-10 1.000000
    30   1       2579       2516  8.944  24.597 170.0 26.565     2573     2505     2587     2529     14     24      2570      2525      2581      2503      2589      2507      2578      2529      2548      2480      2612      2554 PARcau 2.795196e-12 1.000000
    31   3       2951       1071  9.394  27.951 214.0 63.435     2940     1064     2966     1081     26     17      2937      1073      2962      1061      2966      1069      2941      1082      2915      1039      2991      1106 PARcau 2.422772e-12 1.000000
    31   4       1551        630  5.315  14.603  31.5 51.340     1547      626     1561      636     14     10      1545       632      1556       623      1560       627      1548       636      1522       601      1586       661 PARcau 3.560863e-10 1.000000
    31   1       2575       2525 10.296  24.597 174.0 26.565     2569     2514     2583     2537     14     23      2565      2533      2576      2511      2585      2516      2574      2538      2544      2489      2608      2562 PARcau 2.253020e-14 1.000000
    32   4       1550        630  4.243  12.806  37.5 49.399     1546      626     1556      637     10     11      1543       633      1553       625      1556       628      1546       636      1521       601      1581       662 PARcau 2.862046e-11 1.000000
    32   3       2947       1074 10.404  27.735 207.5 56.310     2937     1064     2960     1085     23     21      2933      1077      2956      1061      2962      1070      2939      1085      2912      1039      2985      1110 PARcau 1.109249e-11 1.000000
    32   1       2570       2533 10.296  23.707 177.0 26.565     2564     2522     2579     2545     15     23      2561      2541      2572      2520      2581      2525      2570      2546      2539      2497      2604      2570 PARcau 6.361800e-11 1.000000
    32   2       4871       1770  6.103   9.605  28.0 36.870     4867     1767     4877     1776     10      9      4865      1773      4871      1765      4876      1769      4870      1776      4842      1742      4902      1801 PARcau 3.082379e-12 1.000000
    33   2       4871       1769  5.657   9.899  28.5 45.000     4868     1766     4877     1774      9      8      4866      1771      4873      1764      4877      1768      4870      1775      4843      1741      4902      1799 PARcau 5.304866e-12 1.000000
    33   4       1550        630  4.243  12.728  36.5 45.000     1546      626     1555      637      9     11      1544       633      1553       624      1556       627      1547       636      1521       601      1580       662 PARcau 4.151050e-14 1.000000
    33   3       2944       1076  9.899  27.586 215.5 45.000     2935     1065     2956     1089     21     24      2931      1082      2951      1063      2958      1070      2938      1089      2910      1040      2981      1114 PARcau 1.035306e-10 1.000000
    33   1       2566       2542 10.296  24.597 180.0 26.565     2559     2531     2574     2554     15     23      2556      2550      2567      2528      2576      2533      2565      2555      2534      2506      2599      2579 PARcau 2.013150e-13 1.000000
    33   5        391       2590  6.000  10.000  36.0 90.000      387     2588      398     2595     11      7       387      2588       397      2588       397      2594       387      2594       362      2563       423      2620 PARcau 1.351101e-06 0.999999
    34   5        391       2590  6.708  11.180  47.0 26.565      386     2587      398     2595     12      8       387      2585       397      2590       394      2596       384      2591       361      2562       423      2620 PARcau 2.683539e-08 1.000000
    34   4       1551        630  4.243  12.042  28.0 45.000     1546      626     1555      637      9     11      1544       634      1552       625      1555       628      1547       637      1521       601      1580       662 PARcau 8.160587e-14 1.000000
    34   3       2942       1079 10.404  27.735 202.0 33.690     2934     1067     2952     1092     18     25      2930      1087      2945      1064      2954      1070      2938      1093      2909      1042      2977      1117 PARcau 4.843551e-15 1.000000
    34   1       2561       2549  8.944  23.707 172.5 26.565     2554     2539     2570     2561     16     22      2552      2558      2563      2537      2571      2541      2560      2562      2529      2514      2595      2586 PARcau 1.109482e-12 1.000000
    34   0       3881       2491  7.071  12.728  54.5 45.000     3876     2486     3888     2496     12     10      3879      2484      3888      2493      3883      2498      3874      2489      3851      2461      3913      2521 PARcau 3.895809e-07 1.000000
    35   5        390       2590  6.265  12.298  50.0 26.565      385     2587      398     2595     13      8       386      2584       397      2590       394      2595       383      2590       360      2562       423      2620 PARcau 1.593959e-11 1.000000
    35   3       2940       1082 10.062  28.623 210.5 26.565     2932     1069     2950     1096     18     27      2929      1092      2942      1066      2951      1071      2938      1096      2907      1044      2975      1121 PARcau 1.893085e-12 1.000000
    35   0       3882       2493  6.946  11.630  61.5 26.565     3877     2489     3889     2498     12      9      3879      2487      3889      2492      3886      2498      3875      2493      3852      2464      3914      2523 PARcau 6.968641e-06 0.999993
    35   1       2557       2557  9.014  24.130 169.5 33.690     2550     2547     2565     2570     15     23      2546      2565      2560      2545      2567      2550      2554      2570      2525      2522      2590      2595 PARcau 7.647014e-11 1.000000
    36   5        389       2589  6.801  13.757  49.0 18.435      383     2586      398     2595     15      9       384      2584       397      2589       395      2595       382      2591       358      2561       423      2620 PARcau 2.082865e-10 1.000000
    36   0       3879       2490  6.042   9.192  36.0 21.801     3875     2487     3884     2495      9      8      3876      2486      3884      2489      3882      2495      3873      2491      3850      2462      3909      2520 PARcau 1.382505e-05 0.999986
    36   3       2938       1085  9.394  27.951 210.0 26.565     2931     1072     2948     1099     17     27      2928      1095      2941      1070      2949      1074      2937      1099      2906      1047      2973      1124 PARcau 8.010269e-12 1.000000
    36   1       2552       2566  8.944  22.361 162.5 26.565     2545     2556     2560     2578     15     22      2543      2574      2553      2554      2561      2558      2551      2578      2520      2531      2585      2603 PARcau 2.690331e-11 1.000000
    37   5        387       2589  6.671  14.916  56.5 14.036      382     2586      397     2595     15      9       382      2584       396      2588       395      2594       380      2591       357      2561       422      2620 PARcau 8.101964e-10 1.000000
    37   3       2937       1088  9.849  28.178 204.5 26.565     2930     1075     2945     1102     15     27      2926      1098      2939      1073      2948      1077      2935      1102      2905      1050      2970      1127 PARcau 2.054903e-10 1.000000
    37   1       2547       2574  9.394  23.479 164.0 26.565     2541     2565     2556     2587     15     22      2538      2583      2548      2562      2557      2566      2546      2587      2516      2540      2581      2612 PARcau 2.504911e-11 1.000000
    38   5        386       2589  6.801  14.431  65.5 14.036      380     2585      395     2594     15      9       380      2584       394      2587       392      2594       378      2590       355      2560       420      2619 PARcau 3.074004e-10 1.000000
    38   3       2935       1092  9.487  28.460 198.5 18.435     2929     1078     2944     1106     15     28      2936      1076      2945      1079      2936      1106      2927      1103      2904      1053      2969      1131 PARcau 7.339727e-11 1.000000
    38   1       2543       2583  8.944  23.259 161.5 26.565     2537     2573     2551     2595     14     22      2534      2591      2544      2570      2552      2574      2542      2595      2512      2548      2576      2620 PARcau 7.275265e-18 1.000000
    39   5        384       2588  7.616  13.928  72.0 20.556      378     2584      392     2594     14     10       379      2582       392      2587       389      2594       376      2589       353      2559       417      2619 PARcau 5.106644e-08 1.000000
    39   3       2934       1096  9.341  28.377 195.0 14.036     2928     1082     2941     1110     13     28      2933      1080      2942      1082      2935      1110      2926      1107      2903      1057      2966      1135 PARcau 4.649215e-13 1.000000
    39   1       2539       2592  9.394  23.479 167.0 26.565     2533     2582     2547     2604     14     22      2529      2600      2540      2579      2548      2583      2538      2604      2508      2557      2572      2629 PARcau 8.474403e-12 1.000000
    40   5        383       2588  8.078  15.977  82.5 20.556      376     2584      392     2595     16     11       377      2582       392      2587       389      2595       374      2589       351      2559       417      2620 PARcau 2.032818e-08 1.000000
    40   3       2933       1101 10.000  29.000 200.0 90.000     2928     1086     2939     1116     11     30      2928      1086      2938      1086      2938      1115      2928      1115      2903      1061      2964      1141 PARcau 9.353880e-06 0.999991
    41   5        381       2588  8.944  15.652  95.5 26.565      374     2583      390     2595     16     12       376      2580       390      2587       386      2595       372      2588       349      2558       415      2620 PARcau 1.716846e-08 1.000000
    41   3       2932       1105  9.000  29.000 215.5 90.000     2928     1091     2938     1121     10     30      2928      1091      2937      1091      2937      1120      2928      1120      2903      1066      2963      1146 PARcau 6.591569e-07 0.999999
    41   0       3852       2483  5.590  13.463  46.0 14.036     3847     2480     3861     2487     14      7      3847      2478      3860      2482      3859      2487      3846      2484      3822      2455      3886      2512 PARcau 1.053997e-08 1.000000
    42   5        380       2587  9.341  17.241  94.0 18.435      373     2582      390     2595     17     13       373      2580       390      2585       387      2594       371      2589       348      2557       415      2620 PARcau 4.705198e-06 0.999995
    42   3       2932       1109  9.000  28.000 209.5 90.000     2928     1095     2938     1124     10     29      2928      1095      2937      1095      2937      1123      2928      1123      2903      1070      2963      1149 PARcau 8.997528e-05 0.999910
    42   0       3846       2484  6.000  15.000  72.5 90.000     3839     2481     3855     2488     16      7      3839      2481      3854      2481      3854      2487      3839      2487      3814      2456      3880      2513 PARcau 5.129163e-06 0.999995
    43   5        379       2587  9.394  19.007 117.5 26.565      372     2580      389     2595     17     15       373      2578       390      2587       386      2595       369      2587       347      2555       414      2620 PARcau 1.094768e-10 1.000000
    43   3       2931       1114  9.000  28.000 210.0 90.000     2927     1100     2937     1129     10     29      2927      1100      2936      1100      2936      1128      2927      1128      2902      1075      2962      1154 PARcau 3.089714e-07 1.000000
    43   0       3840       2485  7.071  17.263  90.5 78.690     3832     2481     3850     2490     18      9      3831      2483      3848      2480      3849      2487      3832      2490      3807      2456      3875      2515 PARcau 2.013161e-07 1.000000
    44   5        377       2586  9.618  19.455 107.5 26.565      370     2580      388     2595     18     15       372      2578       389      2586       385      2595       367      2586       345      2555       413      2620 PARcau 1.003619e-06 0.999999
    44   0       3833       2487  6.325  17.720  83.0 71.565     3825     2483     3843     2492     18      9      3824      2487      3841      2482      3843      2488      3826      2493      3800      2458      3868      2517 PARcau 2.330672e-08 1.000000
    44   3       2931       1121 10.000  29.000 222.5 90.000     2926     1107     2937     1137     11     30      2926      1107      2936      1107      2936      1136      2926      1136      2901      1082      2962      1162 PARcau 1.487641e-05 0.999985
    45   0       3827       2489  6.325  16.763  84.0 74.055     3819     2486     3836     2495     17      9      3818      2489      3834      2484      3836      2490      3820      2495      3794      2461      3861      2520 PARcau 1.243545e-05 0.999988
    45   3       2930       1128  9.000  29.000 217.0 90.000     2926     1114     2936     1144     10     30      2926      1114      2935      1114      2935      1143      2926      1143      2901      1089      2961      1169 PARcau 2.130901e-05 0.999979
    46   0       3822       2492  6.708  17.889  82.0 63.435     3814     2488     3831     2498     17     10      3812      2493      3828      2485      3831      2491      3815      2499      3789      2463      3856      2523 PARcau 6.696548e-06 0.999993
    46   3       2930       1135  9.000  29.000 215.5 90.000     2926     1121     2936     1151     10     30      2926      1121      2935      1121      2935      1150      2926      1150      2901      1096      2961      1176 PARcau 1.092854e-06 0.999999
    47   0       3816       2495  7.159  19.007  98.0 63.435     3808     2490     3826     2502     18     12      3806      2496      3823      2488      3826      2494      3809      2503      3783      2465      3851      2527 PARcau 9.681780e-09 1.000000
    47   3       2930       1141  9.000  29.000 223.0 90.000     2926     1127     2936     1157     10     30      2926      1127      2935      1127      2935      1156      2926      1156      2901      1102      2961      1182 PARcau 8.305202e-08 1.000000
    48   0       3810       2499  6.708  18.788 101.0 63.435     3802     2494     3820     2506     18     12      3800      2500      3817      2492      3820      2498      3803      2506      3777      2469      3845      2531 PARcau 1.696644e-08 1.000000
    48   3       2930       1147 10.112  27.789 209.5 81.870     2926     1134     2937     1162     11     28      2923      1134      2933      1133      2937      1160      2927      1162      2901      1109      2962      1187 PARcau 5.336641e-12 1.000000
    49   3       2931       1153 10.308  27.681 212.0 72.897     2925     1140     2939     1167     14     27      2922      1141      2932      1138      2940      1165      2930      1167      2900      1115      2964      1192 PARcau 1.300356e-07 1.000000
    49   0       3802       2504  7.632  18.608 105.0 60.255     3795     2499     3812     2511     17     12      3792      2505      3808      2496      3812      2502      3796      2512      3770      2474      3837      2536 PARcau 8.015478e-09 1.000000
    50   3       2932       1157 10.512  27.505 210.5 63.435     2925     1144     2941     1171     16     27      2930      1142      2943      1167      2933      1171      2921      1147      2900      1119      2966      1196 PARcau 1.729284e-09 1.000000
    50   0       3795       2509  7.632  18.608 104.5 59.036     3788     2504     3805     2516     17     12      3785      2510      3801      2501      3805      2507      3789      2517      3763      2479      3830      2541 PARcau 3.593823e-08 1.000000
    51   3       2932       1159  9.618  27.505 205.5 63.435     2925     1147     2941     1173     16     26      2930      1144      2943      1169      2934      1173      2922      1149      2900      1122      2966      1198 PARcau 2.068254e-09 1.000000
    51   0       3788       2515  8.201  18.118 110.0 51.340     3780     2509     3797     2522     17     13      3778      2517      3792      2506      3797      2512      3783      2524      3755      2484      3822      2547 PARcau 2.586421e-08 1.000000
    51   2       4876       1761  4.472  21.932  55.0 65.556     4866     1757     4886     1768     20     11      4864      1764      4884      1755      4886      1759      4866      1768      4841      1732      4911      1793 PARcau 7.444362e-09 1.000000
    52   2       4877       1760  0.500  22.006  49.0 68.962     4866     1756     4887     1768     21     12      4864      1762      4886      1759      4885      1754      4866      1767      4841      1731      4912      1793 PARcau 3.216608e-11 1.000000
    52   3       2934       1164  9.394  27.518 203.0 66.038     2926     1152     2943     1178     17     26      2932      1149      2944      1174      2935      1178      2924      1153      2901      1127      2968      1203 PARcau 3.209600e-13 1.000000
    52   0       3781       2520  7.810  17.804 102.0 51.340     3774     2514     3790     2527     16     13      3771      2522      3785      2511      3790      2517      3776      2528      3749      2489      3815      2552 PARcau 1.707631e-11 1.000000
    53   2       4878       1760  0.500  20.718  42.0 70.346     4868     1756     4888     1767     20     11      4866      1761      4887      1759      4886      1754      4868      1766      4843      1731      4913      1792 PARcau 5.194975e-11 1.000000
    53   3       2936       1170  9.618  28.399 210.5 63.435     2928     1157     2945     1184     17     27      2933      1155      2946      1180      2937      1185      2925      1159      2903      1132      2970      1209 PARcau 3.805369e-10 1.000000
    53   0       3773       2524  7.906  17.335 100.0 56.310     3766     2519     3782     2531     16     12      3764      2526      3778      2516      3783      2523      3768      2532      3741      2494      3807      2556 PARcau 3.993447e-08 1.000000
    54   2       4880       1759  5.220  16.008  33.5 75.964     4872     1756     4888     1765     16      9      4870      1759      4886      1755      4887      1760      4872      1764      4847      1731      4913      1790 PARcau 2.941143e-11 1.000000
    54   3       2938       1176  9.394  27.951 204.0 63.435     2931     1163     2948     1189     17     26      2936      1161      2948      1186      2940      1190      2927      1165      2906      1138      2973      1214 PARcau 5.846125e-12 1.000000
    54   0       3764       2528  7.616  17.000  97.0 63.435     3757     2524     3773     2535     16     11      3755      2529      3770      2521      3773      2528      3758      2536      3732      2499      3798      2560 PARcau 9.041532e-10 1.000000
    55   3       2941       1181  9.434  28.302 208.0 57.995     2932     1169     2951     1194     19     25      2937      1166      2952      1190      2944      1195      2929      1171      2907      1144      2976      1219 PARcau 2.824181e-10 1.000000
    55   0       3755       2531  7.382  16.325  88.5 63.435     3748     2527     3764     2537     16     10      3746      2532      3761      2525      3764      2531      3750      2539      3723      2502      3789      2562 PARcau 1.876481e-12 1.000000
    56   3       2944       1186  9.862  28.570 216.0 56.310     2935     1175     2955     1200     20     25      2940      1172      2956      1196      2947      1201      2932      1177      2910      1150      2980      1225 PARcau 6.569061e-13 1.000000
    56   0       3747       2534  8.000  15.000  86.5 90.000     3740     2530     3756     2539     16      9      3740      2530      3755      2530      3755      2538      3740      2538      3715      2505      3781      2564 PARcau 1.550173e-10 1.000000
    57   3       2948       1193 10.404  27.735 218.5 56.310     2939     1181     2959     1206     20     25      2944      1178      2960      1201      2951      1207      2936      1184      2914      1156      2984      1231 PARcau 8.231886e-11 1.000000
    57   0       3739       2536  7.382  16.325  89.0 63.435     3731     2532     3748     2541     17      9      3730      2537      3744      2529      3748      2536      3733      2543      3706      2507      3773      2566 PARcau 1.403613e-06 0.999999
    58   3       2952       1198 10.000  28.601 216.0 53.130     2943     1187     2963     1211     20     24      2947      1184      2964      1207      2956      1213      2939      1190      2918      1162      2988      1236 PARcau 4.914432e-12 1.000000
    58   0       3730       2538  7.649  17.103  95.0 75.964     3723     2534     3740     2544     17     10      3722      2537      3738      2532      3740      2540      3723      2544      3698      2509      3765      2569 PARcau 1.731496e-12 1.000000
    59   3       2955       1203 10.404  26.912 223.5 55.008     2946     1192     2966     1216     20     24      2951      1189      2967      1211      2958      1217      2943      1195      2921      1167      2991      1241 PARcau 1.183815e-09 1.000000
    59   0       3723       2540  7.826  16.560  89.0 63.435     3716     2537     3733     2546     17      9      3714      2541      3729      2533      3732      2540      3718      2548      3691      2512      3758      2571 PARcau 2.632338e-08 1.000000
    60   3       2958       1208 10.000  27.803 220.5 51.340     2949     1197     2969     1221     20     24      2953      1194      2970      1216      2962      1222      2945      1200      2924      1172      2994      1246 PARcau 5.835832e-08 1.000000
    60   0       3717       2544  7.159  16.771  97.5 63.435     3710     2539     3726     2550     16     11      3708      2544      3723      2537      3726      2543      3711      2551      3685      2514      3751      2575 PARcau 5.937798e-07 0.999999
    61   0       3714       2547  8.062  17.000 107.0 63.435     3706     2542     3723     2554     17     12      3704      2547      3719      2539      3723      2546      3708      2554      3681      2517      3748      2579 PARcau 5.911993e-06 0.999994
    61   3       2962       1213 10.308  28.040 223.0 50.194     2952     1202     2973     1226     21     24      2957      1199      2975      1221      2967      1227      2949      1206      2927      1177      2998      1251 PARcau 1.546686e-13 1.000000
    62   0       3714       2548  7.433  18.118  99.0 51.340     3706     2543     3723     2556     17     13      3704      2551      3718      2540      3723      2545      3709      2557      3681      2518      3748      2581 PARcau 9.125395e-05 0.999909
    62   3       2966       1219  9.899  28.284 226.5 45.000     2956     1209     2978     1231     22     22      2960      1206      2980      1226      2973      1233      2953      1213      2931      1184      3003      1256 PARcau 4.066445e-11 1.000000
    63   0       3717       2545  7.280  16.763  76.5 71.565     3710     2541     3726     2551     16     10      3708      2544      3724      2539      3726      2546      3710      2551      3685      2516      3751      2576 PARcau 1.720104e-05 0.999983
    63   3       2970       1224  9.899  26.870 217.5 45.000     2960     1214     2983     1235     23     21      2965      1211      2984      1230      2977      1237      2958      1218      2935      1189      3008      1260 PARcau 1.312931e-12 1.000000
    64   0       3720       2541  8.246  12.369  59.5 14.036     3715     2538     3729     2547     14      9      3716      2536      3728      2539      3726      2547      3714      2544      3690      2513      3754      2572 PARcau 3.801683e-03 0.996198
    64   3       2975       1228 10.000  27.203 211.5 36.870     2964     1219     2988     1239     24     20      2967      1216      2989      1232      2983      1240      2961      1224      2939      1194      3013      1264 PARcau 2.681512e-09 1.000000
    65   0       3721       2538  8.485  12.728  64.0 45.000     3716     2533     3729     2545     13     12      3720      2531      3729      2540      3723      2546      3714      2537      3691      2508      3754      2570 PARcau 1.590790e-04 0.999841
    65   3       2980       1232  9.849  27.731 213.5 26.565     2968     1224     2994     1241     26     17      2969      1221      2994      1233      2990      1242      2965      1230      2943      1199      3019      1266 PARcau 4.238202e-08 1.000000
    66   0       3723       2533  7.000  14.000  69.5 90.000     3720     2528     3728     2543      8     15      3720      2528      3727      2528      3727      2542      3720      2542      3695      2503      3753      2568 PARcau 1.788195e-04 0.999821
    66   3       2985       1234  9.849  27.731 214.5 23.962     2972     1228     2999     1243     27     15      2974      1224      2999      1236      2995      1245      2970      1233      2947      1203      3024      1268 PARcau 8.492640e-08 1.000000
    67   3       2990       1237  9.487  27.514 208.0 18.435     2977     1231     3004     1245     27     14      2978      1228      3004      1237      3001      1246      2975      1237      2952      1206      3029      1270 PARcau 4.719354e-06 0.999995
    67   0       3727       2529  7.382  14.089  77.5 26.565     3722     2523     3733     2537     11     14      3727      2521      3733      2524      3727      2537      3720      2533      3697      2498      3758      2562 PARcau 1.481588e-06 0.999999
    68   0       3728       2528  7.071  14.866  78.5 45.000     3722     2524     3736     2535     14     11      3720      2531      3731      2521      3736      2526      3725      2536      3697      2499      3761      2560 PARcau 1.187434e-07 1.000000
    68   3       2994       1238  9.708  27.771 203.0 12.995     2981     1233     3009     1245     28     12      2981      1230      3008      1237      3006      1246      2979      1240      2956      1208      3034      1270 PARcau 7.716259e-05 0.999923
    69   0       3729       2529  6.708  16.553  77.0 63.435     3723     2525     3738     2535     15     10      3720      2529      3735      2522      3738      2528      3723      2535      3698      2500      3763      2560 PARcau 1.902980e-08 1.000000
    69   3       2998       1239  9.000  27.000 198.5 90.000     2985     1235     3013     1245     28     10      2985      1235      3012      1235      3012      1244      2985      1244      2960      1210      3038      1270 PARcau 9.212917e-05 0.999908
    70   0       3731       2528  6.708  15.652  72.0 63.435     3725     2525     3741     2534     16      9      3723      2528      3737      2521      3740      2527      3726      2534      3700      2500      3766      2559 PARcau 7.476612e-06 0.999992
    70   3       3004       1239  9.000  27.000 199.5 90.000     2991     1235     3019     1245     28     10      2991      1235      3018      1235      3018      1244      2991      1244      2966      1210      3044      1270 PARcau 1.081557e-04 0.999892
    71   0       3733       2528  6.325  16.763  70.5 71.565     3726     2525     3743     2534     17      9      3724      2527      3740      2522      3742      2528      3726      2533      3701      2500      3768      2559 PARcau 5.190566e-08 1.000000
    71   3       3010       1239  9.000  27.000 197.5 90.000     2996     1235     3024     1245     28     10      2996      1235      3023      1235      3023      1244      2996      1244      2971      1210      3049      1270 PARcau 3.051982e-08 1.000000
    72   0       3734       2527  6.083  14.318  56.5 78.690     3728     2525     3743     2533     15      8      3727      2526      3741      2523      3742      2529      3728      2532      3703      2500      3768      2558 PARcau 1.217129e-08 1.000000
    72   3       3015       1239  9.000  27.000 201.5 90.000     3002     1235     3030     1245     28     10      3002      1235      3029      1235      3029      1244      3002      1244      2977      1210      3055      1270 PARcau 1.382925e-05 0.999986
    73   0       3735       2527  6.500  15.338  45.5 69.444     3728     2525     3745     2533     17      8      3727      2526      3741      2521      3744      2527      3729      2532      3703      2500      3770      2558 PARcau 2.947415e-08 1.000000
    73   3       3022       1239  9.552  28.111 203.5 84.289     3008     1235     3037     1246     29     11      3007      1236      3035      1234      3036      1243      3008      1246      2983      1210      3062      1271 PARcau 1.677479e-07 1.000000
    74   3       3028       1239 10.000  27.000 210.5 90.000     3015     1235     3043     1246     28     11      3015      1235      3042      1235      3042      1245      3015      1245      2990      1210      3068      1271 PARcau 1.788298e-05 0.999982
    75   3       3036       1239  9.552  28.218 215.0 82.875     3022     1234     3051     1246     29     12      3021      1236      3049      1232      3050      1242      3022      1245      2997      1209      3076      1271 PARcau 2.675779e-09 1.000000
    75   2       4904       1750  7.071   8.485  37.5 45.000     4899     1748     4910     1755     11      7      4898      1751      4904      1745      4909      1750      4903      1756      4874      1723      4935      1780 PARcau 2.039283e-09 1.000000
    76   2       4905       1750  7.000  14.000  52.5 90.000     4898     1747     4913     1755     15      8      4898      1747      4912      1747      4912      1754      4898      1754      4873      1722      4938      1780 PARcau 1.371837e-08 1.000000
    76   3       3044       1238  9.552  27.372 207.5 80.538     3031     1233     3059     1245     28     12      3030      1235      3057      1231      3058      1240      3031      1245      3006      1208      3084      1270 PARcau 4.338117e-10 1.000000
    77   2       4907       1750  7.071  15.133  79.0 82.875     4899     1746     4915     1755     16      9      4898      1747      4913      1745      4914      1752      4899      1754      4874      1721      4940      1780 PARcau 3.353430e-08 1.000000
    77   3       3053       1236  9.124  29.125 205.5 78.690     3039     1231     3068     1243     29     12      3038      1235      3066      1229      3068      1238      3039      1244      3014      1206      3093      1268 PARcau 6.701313e-08 1.000000
    78   2       4907       1750  7.000  15.000  74.0 90.000     4900     1747     4916     1755     16      8      4900      1747      4915      1747      4915      1754      4900      1754      4875      1722      4941      1780 PARcau 3.282169e-06 0.999997
    78   3       3061       1235  9.220  29.428 207.0 78.690     3048     1230     3077     1242     29     12      3046      1233      3075      1228      3077      1237      3048      1242      3023      1205      3102      1267 PARcau 1.421087e-05 0.999986
    79   2       4909       1750  7.000  15.000  72.0 90.000     4902     1747     4918     1755     16      8      4902      1747      4917      1747      4917      1754      4902      1754      4877      1722      4943      1780 PARcau 1.583460e-06 0.999998
    79   3       3070       1234 10.198  29.614 216.5 77.471     3056     1229     3085     1241     29     12      3054      1232      3083      1226      3085      1236      3056      1242      3031      1204      3110      1266 PARcau 8.198202e-10 1.000000
    80   2       4910       1750  8.000  18.000  85.5 90.000     4902     1747     4921     1756     19      9      4902      1747      4920      1747      4920      1755      4902      1755      4877      1722      4946      1781 PARcau 1.307553e-06 0.999999
    80   3       3077       1233  9.962  28.022 211.5 74.055     3064     1227     3092     1240     28     13      3062      1232      3089      1224      3092      1234      3065      1241      3039      1202      3117      1265 PARcau 3.064637e-10 1.000000
    81   2       4912       1750  8.246  17.464  81.0 75.964     4904     1747     4923     1756     19      9      4903      1748      4920      1744      4922      1752      4905      1756      4879      1722      4948      1781 PARcau 6.037745e-08 1.000000
    81   3       3085       1231  9.487  28.460 211.0 71.565     3072     1226     3100     1239     28     13      3070      1231      3097      1222      3100      1231      3073      1240      3047      1201      3125      1264 PARcau 8.336626e-08 1.000000
    82   2       4914       1750  7.071  19.105  68.5 84.289     4905     1747     4925     1755     20      8      4904      1747      4923      1745      4924      1752      4905      1754      4880      1722      4950      1780 PARcau 1.359122e-05 0.999986
    82   3       3094       1229  9.487  29.411 210.0 71.565     3080     1223     3109     1237     29     14      3078      1229      3106      1220      3109      1229      3081      1238      3055      1198      3134      1262 PARcau 1.245767e-11 1.000000
    83   2       4917       1750  7.000  17.000  72.5 90.000     4908     1747     4926     1755     18      8      4908      1747      4925      1747      4925      1754      4908      1754      4883      1722      4951      1780 PARcau 2.172278e-06 0.999998
    83   3       3103       1227  8.860  27.541 191.0 74.055     3091     1222     3118     1234     27     12      3089      1226      3115      1219      3118      1227      3091      1235      3066      1197      3143      1259 PARcau 8.840322e-11 1.000000
    84   2       4919       1750  7.000  17.000  65.5 90.000     4910     1747     4928     1755     18      8      4910      1747      4927      1747      4927      1754      4910      1754      4885      1722      4953      1780 PARcau 1.231862e-05 0.999988
    84   3       3114       1224  9.487  28.160 201.5 74.055     3101     1219     3129     1232     28     13      3099      1224      3126      1216      3129      1225      3102      1233      3076      1194      3154      1257 PARcau 1.291987e-08 1.000000
    85   2       4922       1750  6.576  17.066  65.5 84.289     4913     1747     4931     1755     18      8      4912      1747      4929      1746      4930      1752      4913      1754      4888      1722      4956      1780 PARcau 3.048881e-07 1.000000
    85   3       3125       1221  9.487  28.460 206.5 71.565     3112     1216     3140     1229     28     13      3110      1221      3137      1212      3140      1221      3113      1230      3087      1191      3165      1254 PARcau 8.132325e-10 1.000000
    86   2       4923       1750  6.000  14.000  49.5 90.000     4916     1747     4931     1754     15      7      4916      1747      4930      1747      4930      1753      4916      1753      4891      1722      4956      1779 PARcau 2.231750e-07 1.000000
    86   3       3137       1218  9.487  29.411 207.0 71.565     3123     1212     3152     1226     29     14      3121      1218      3149      1209      3152      1218      3124      1227      3098      1187      3177      1251 PARcau 6.709092e-11 1.000000
    87   2       4924       1750  6.576  15.075  44.0 84.289     4916     1747     4932     1755     16      8      4915      1747      4930      1746      4931      1752      4916      1754      4891      1722      4957      1780 PARcau 7.651097e-06 0.999992
    87   3       3148       1215  9.962  29.568 217.0 71.565     3134     1209     3163     1223     29     14      3132      1215      3160      1205      3163      1215      3135      1224      3109      1184      3188      1248 PARcau 8.743589e-13 1.000000
    88   2       4926       1750  5.220  16.008  36.0 75.964     4916     1747     4933     1754     17      7      4915      1750      4931      1746      4932      1751      4917      1755      4891      1722      4958      1779 PARcau 1.824129e-08 1.000000
    88   3       3159       1211  9.487  29.411 209.0 71.565     3145     1205     3174     1219     29     14      3143      1211      3171      1202      3174      1211      3146      1220      3120      1180      3199      1244 PARcau 3.918519e-10 1.000000
    89   2       4927       1749  5.099  11.180  31.0 81.870     4921     1747     4933     1754     12      7      4920      1748      4931      1746      4932      1751      4921      1753      4896      1722      4958      1779 PARcau 4.421747e-07 1.000000
    89   3       3169       1207  9.487  29.411 208.5 73.301     3156     1201     3185     1215     29     14      3154      1207      3182      1198      3185      1207      3157      1216      3131      1176      3210      1240 PARcau 1.180354e-13 1.000000
    89   0       3761       2530  6.000  11.000  42.5 90.000     3755     2527     3767     2534     12      7      3755      2527      3766      2527      3766      2533      3755      2533      3730      2502      3792      2559 PARcau 1.512005e-08 1.000000
    90   2       4928       1749  7.071  11.314  27.0 45.000     4921     1745     4935     1754     14      9      4921      1751      4929      1743      4934      1748      4926      1756      4896      1720      4960      1779 PARcau 2.567735e-10 1.000000
    90   0       3763       2530  6.671  14.916  54.0 14.036     3755     2527     3771     2535     16      8      3756      2525      3770      2528      3769      2535      3754      2531      3730      2502      3796      2560 PARcau 2.018634e-07 1.000000
    90   3       3180       1203  9.487  29.411 212.0 71.565     3167     1197     3196     1211     29     14      3165      1203      3193      1194      3196      1203      3168      1212      3142      1172      3221      1236 PARcau 5.443427e-14 1.000000
    91   2       4928       1747  6.000  14.000  30.5 90.000     4921     1745     4936     1752     15      7      4921      1745      4935      1745      4935      1751      4921      1751      4896      1720      4961      1777 PARcau 7.183269e-07 0.999999
    91   0       3764       2530  7.000  13.000  52.0 90.000     3757     2527     3771     2535     14      8      3757      2527      3770      2527      3770      2534      3757      2534      3732      2502      3796      2560 PARcau 2.352564e-07 1.000000
    91   3       3191       1199  9.487  29.120 208.0 74.055     3178     1193     3207     1207     29     14      3176      1199      3204      1191      3207      1200      3179      1208      3153      1168      3232      1232 PARcau 7.771179e-09 1.000000
    92   2       4929       1746  6.000  16.000  36.5 90.000     4921     1744     4938     1751     17      7      4921      1744      4937      1744      4937      1750      4921      1750      4896      1719      4963      1776 PARcau 6.571135e-06 0.999993
    92   0       3764       2528  6.083  11.180  31.0 80.538     3758     2525     3770     2533     12      8      3757      2526      3768      2524      3769      2530      3758      2532      3733      2500      3795      2558 PARcau 6.112847e-05 0.999939
    92   3       3203       1195  9.487  28.460 206.5 71.565     3190     1189     3218     1203     28     14      3188      1195      3215      1186      3218      1195      3191      1204      3165      1164      3243      1228 PARcau 2.721433e-10 1.000000
    93   2       4930       1745  6.185  19.164  58.0 15.255     4921     1742     4941     1750     20      8      4922      1740      4940      1745      4939      1751      4920      1746      4896      1717      4966      1775 PARcau 9.717119e-06 0.999990
    93   0       3765       2524  7.906  10.124  46.5 71.565     3761     2521     3772     2531     11     10      3760      2523      3769      2519      3772      2527      3762      2530      3736      2496      3797      2556 PARcau 4.132643e-06 0.999996
    93   3       3214       1192  9.220  28.862 207.5 75.964     3201     1186     3229     1200     28     14      3199      1191      3227      1184      3229      1193      3201      1200      3176      1161      3254      1225 PARcau 5.622601e-13 1.000000
    94   2       4932       1746  6.671  19.300  63.5 15.945     4923     1742     4943     1751     20      9      4924      1740      4942      1745      4941      1752      4922      1746      4898      1717      4968      1776 PARcau 4.242091e-06 0.999996
    94   0       3771       2521  8.000  13.000  67.0 90.000     3764     2517     3778     2526     14      9      3764      2517      3777      2517      3777      2525      3764      2525      3739      2492      3803      2551 PARcau 9.956779e-12 1.000000
    94   3       3225       1190  8.732  28.745 203.0 75.964     3212     1184     3240     1197     28     13      3210      1188      3238      1182      3240      1190      3212      1197      3187      1159      3265      1222 PARcau 5.232885e-11 1.000000
    95   2       4937       1747  6.042  19.455  70.0 26.565     4926     1743     4946     1753     20     10      4928      1739      4946      1748      4943      1753      4926      1745      4901      1718      4971      1778 PARcau 2.700834e-05 0.999973
    95   0       3777       2517  7.211  15.264  74.5 56.310     3770     2513     3785     2523     15     10      3768      2518      3781      2510      3785      2516      3772      2524      3745      2488      3810      2548 PARcau 2.415006e-09 1.000000
    95   3       3236       1187  9.487  28.862 204.0 75.964     3223     1182     3252     1194     29     12      3221      1186      3249      1179      3252      1188      3224      1195      3198      1157      3277      1219 PARcau 8.845252e-10 1.000000
    96   2       4940       1748  7.280  18.439  61.5 12.529     4930     1744     4949     1754     19     10      4930      1742      4948      1746      4946      1753      4928      1749      4905      1719      4974      1779 PARcau 4.914545e-05 0.999951
    96   0       3784       2514  7.280  16.492  77.5 75.964     3777     2510     3793     2520     16     10      3775      2512      3791      2508      3793      2515      3777      2519      3752      2485      3818      2545 PARcau 1.789932e-08 1.000000
    96   3       3247       1185  9.962  28.022 209.5 74.055     3234     1179     3262     1192     28     13      3232      1183      3259      1176      3262      1185      3235      1193      3209      1154      3287      1217 PARcau 1.221249e-09 1.000000
    97   2       4942       1749  7.159  17.951  72.0 11.310     4932     1745     4950     1754     18      9      4932      1743      4949      1747      4948      1754      4930      1750      4907      1720      4975      1779 PARcau 1.951758e-05 0.999980
    97   0       3792       2511  6.042  14.983  61.5 63.435     3785     2508     3800     2516     15      8      3783      2511      3797      2505      3799      2510      3786      2517      3760      2483      3825      2541 PARcau 2.725517e-09 1.000000
    97   3       3256       1182 10.198  28.443 212.0 78.690     3243     1177     3271     1190     28     13      3241      1180      3269      1175      3271      1185      3243      1190      3218      1152      3296      1215 PARcau 2.117910e-10 1.000000
    98   2       4943       1749  7.071  16.279  68.0 11.310     4934     1745     4951     1754     17      9      4934      1744      4950      1747      4949      1754      4933      1751      4909      1720      4976      1779 PARcau 1.905173e-05 0.999981
    98   3       3265       1179  9.487  28.460 203.5 71.565     3252     1172     3280     1187     28     15      3250      1179      3277      1170      3280      1179      3253      1188      3227      1147      3305      1212 PARcau 8.348783e-08 1.000000
    98   0       3801       2508  7.000  15.000  60.0 90.000     3794     2506     3810     2514     16      8      3794      2506      3809      2506      3809      2513      3794      2513      3769      2481      3835      2539 PARcau 6.122817e-05 0.999939
    99   2       4944       1749  7.159  14.807  65.5 14.036     4937     1745     4952     1754     15      9      4937      1744      4951      1747      4950      1754      4935      1751      4912      1720      4977      1779 PARcau 1.948093e-08 1.000000
    99   0       3809       2507  7.000  16.000  77.5 90.000     3802     2504     3819     2512     17      8      3802      2504      3818      2504      3818      2511      3802      2511      3777      2479      3844      2537 PARcau 1.352442e-05 0.999987
    99   3       3274       1174  9.192  28.504 214.0 68.199     3261     1167     3288     1183     27     16      3259      1176      3285      1165      3289      1174      3262      1184      3236      1142      3313      1208 PARcau 1.653346e-13 1.000000
   100   2       4945       1749  7.071  13.153  52.0  6.340     4940     1746     4954     1755     14      9      4940      1745      4953      1747      4952      1754      4939      1752      4915      1721      4979      1780 PARcau 1.121768e-06 0.999999
   100   3       3281       1170  9.618  27.505 204.0 63.435     3269     1162     3294     1179     25     17      3266      1172      3291      1160      3295      1168      3271      1181      3244      1137      3319      1204 PARcau 1.183889e-13 1.000000
   100   0       3818       2506  7.000  16.000  84.5 90.000     3811     2503     3828     2511     17      8      3811      2503      3827      2503      3827      2510      3811      2510      3786      2478      3853      2536 PARcau 5.818970e-07 0.999999
   101   2       4947       1750  6.265  14.534  48.0 26.565     4941     1746     4955     1756     14     10      4942      1745      4955      1751      4952      1757      4939      1750      4916      1721      4980      1781 PARcau 1.422955e-05 0.999986
   101   3       3288       1165  9.394  27.951 200.0 63.435     3276     1157     3302     1174     26     17      3274      1167      3299      1155      3303      1163      3278      1176      3251      1132      3327      1199 PARcau 1.669177e-12 1.000000
   101   0       3826       2505  7.000  16.000  91.5 90.000     3819     2502     3836     2510     17      8      3819      2502      3835      2502      3835      2509      3819      2509      3794      2477      3861      2535 PARcau 2.623124e-07 1.000000
   102   2       4951       1753  6.265  12.777  32.5 30.964     4945     1748     4957     1758     12     10      4946      1746      4957      1753      4954      1758      4943      1752      4920      1723      4982      1783 PARcau 2.174917e-05 0.999978
   102   0       3830       2506  7.000  15.000  84.0 90.000     3823     2503     3839     2511     16      8      3823      2503      3838      2503      3838      2510      3823      2510      3798      2478      3864      2536 PARcau 4.239266e-05 0.999958
   102   3       3296       1160  9.849  27.731 201.0 63.435     3284     1153     3310     1169     26     16      3282      1162      3307      1150      3311      1159      3286      1171      3259      1128      3335      1194 PARcau 2.251536e-12 1.000000
   103   0       3829       2508  8.000  14.000  87.5 90.000     3823     2504     3838     2513     15      9      3823      2504      3837      2504      3837      2512      3823      2512      3798      2479      3863      2538 PARcau 7.064056e-06 0.999993
   103   2       4952       1754  6.708  13.892  33.0 30.964     4946     1748     4958     1758     12     10      4946      1746      4958      1753      4955      1759      4943      1752      4921      1723      4983      1783 PARcau 1.731274e-06 0.999998
   103   3       3305       1156  9.849  27.313 205.5 66.038     3293     1149     3319     1165     26     16      3291      1157      3316      1146      3320      1155      3295      1166      3268      1124      3344      1190 PARcau 2.344539e-15 1.000000
   104   2       4953       1754  5.590  11.630  28.0 26.565     4948     1751     4960     1759     12      8      4949      1749      4959      1754      4957      1759      4946      1754      4923      1726      4985      1784 PARcau 2.174235e-06 0.999998
   104   0       3829       2510  8.485  11.314  77.0 45.000     3823     2506     3836     2516     13     10      3828      2503      3836      2511      3830      2517      3822      2509      3798      2481      3861      2541 PARcau 4.097594e-04 0.999590
   104   3       3313       1154  9.849  26.926 208.0 68.199     3301     1147     3326     1162     25     15      3298      1154      3323      1144      3327      1153      3302      1163      3276      1122      3351      1187 PARcau 2.417256e-08 1.000000
   105   3       3313       1156  9.552  26.387 198.5 79.695     3300     1151     3327     1163     27     12      3299      1154      3325      1149      3326      1159      3300      1163      3275      1126      3352      1188 PARcau 8.345424e-08 1.000000
   105   0       3827       2510  9.000  10.000  65.0 90.000     3823     2506     3833     2517     10     11      3823      2506      3832      2506      3832      2516      3823      2516      3798      2481      3858      2542 PARcau 1.586085e-02 0.984139
   106   0       3825       2508  8.000   9.000  46.5 90.000     3821     2504     3830     2514      9     10      3821      2504      3829      2504      3829      2513      3821      2513      3796      2479      3855      2539 PARcau 6.258952e-02 0.937410
   106   3       3310       1160 10.050  27.166 195.5  7.125     3296     1155     3324     1166     28     11      3296      1153      3323      1156      3322      1166      3295      1163      3271      1130      3349      1191 PARcau 1.914231e-06 0.999998
   107   0       3822       2504  6.265  14.534  53.0 63.435     3818     2499     3828     2513     10     14      3822      2497      3828      2510      3823      2513      3816      2500      3793      2474      3853      2538 PARcau 5.364898e-05 0.999946
   107   3       3306       1161  9.962  23.243 177.5 18.435     3295     1156     3318     1169     23     13      3296      1153      3318      1160      3315      1170      3293      1162      3270      1131      3343      1194 PARcau 9.956359e-06 0.999990
   108   0       3819       2499  6.708  16.553  63.0 63.435     3815     2493     3826     2509     11     16      3819      2491      3826      2506      3820      2509      3813      2494      3790      2468      3851      2534 PARcau 2.122819e-11 1.000000
   108   3       3301       1162 10.512  14.983 110.0 26.565     3294     1156     3310     1168     16     12      3297      1154      3310      1160      3306      1170      3292      1163      3269      1131      3335      1193 PARcau 7.345922e-02 0.926541
   109   0       3815       2493  7.280  18.028  89.0 71.565     3811     2485     3822     2502     11     17      3809      2485      3816      2483      3822      2500      3815      2502      3786      2460      3847      2527 PARcau 7.079573e-09 1.000000
   109   3       3296       1161 10.000  12.000  86.0 90.000     3291     1156     3304     1167     13     11      3291      1156      3303      1156      3303      1166      3291      1166      3266      1131      3329      1192 PARcau 1.916471e-01 0.808353
   110   3       3291       1159  9.618  19.039 131.5 29.745     3283     1154     3303     1167     20     13      3286      1151      3302      1160      3298      1169      3281      1159      3258      1129      3328      1192 PARcau 9.433352e-07 0.999999
   110   0       3813       2485  7.762  18.554  98.0 75.964     3809     2477     3819     2495     10     18      3807      2477      3814      2475      3819      2493      3811      2495      3784      2452      3844      2520 PARcau 4.231248e-08 1.000000
   111   0       3810       2477  7.071  18.439 102.5 78.690     3807     2468     3816     2487      9     19      3805      2468      3812      2467      3816      2485      3809      2486      3782      2443      3841      2512 PARcau 2.068424e-09 1.000000
   111   3       3285       1158  9.657  25.164 167.0 21.801     3274     1152     3299     1166     25     14      3276      1149      3299      1158      3296      1167      3272      1158      3249      1127      3324      1191 PARcau 2.698468e-10 1.000000
   112   0       3809       2467  7.000  18.000  96.0 90.000     3806     2459     3814     2478      8     19      3806      2459      3813      2459      3813      2477      3806      2477      3781      2434      3839      2503 PARcau 2.437542e-05 0.999976
   112   3       3277       1156 10.308  27.409 189.5 14.036     3265     1151     3292     1164     27     13      3266      1148      3292      1155      3290      1165      3263      1158      3240      1126      3317      1189 PARcau 1.659068e-08 1.000000
   113   0       3808       2459  7.000  18.000 102.0 90.000     3805     2450     3813     2469      8     19      3805      2450      3812      2450      3812      2468      3805      2468      3780      2425      3838      2494 PARcau 8.915567e-07 0.999999
   113   3       3269       1155  9.220  28.862 212.5 14.036     3256     1150     3284     1163     28     13      3256      1147      3284      1154      3282      1163      3254      1156      3231      1125      3309      1188 PARcau 3.508469e-16 1.000000
   114   0       3808       2450  7.000  18.000 101.5 90.000     3805     2441     3813     2460      8     19      3805      2441      3812      2441      3812      2459      3805      2459      3780      2416      3838      2485 PARcau 4.543746e-07 1.000000
   114   3       3259       1153  9.823  28.504 207.0 15.945     3246     1148     3274     1161     28     13      3247      1145      3274      1152      3272      1162      3244      1154      3221      1123      3299      1186 PARcau 5.223033e-11 1.000000
   115   0       3808       2441  7.000  18.000 102.5 90.000     3805     2432     3813     2451      8     19      3805      2432      3812      2432      3812      2450      3805      2450      3780      2407      3838      2476 PARcau 3.834964e-07 1.000000
   115   3       3250       1151  9.487  28.460 208.0 18.435     3237     1145     3265     1159     28     14      3238      1142      3265      1151      3262      1160      3235      1151      3212      1120      3290      1184 PARcau 6.959287e-11 1.000000
   116   0       3810       2432  7.000  18.000  98.5  0.000     3807     2423     3815     2442      8     19      3807      2423      3814      2423      3814      2441      3807      2441      3782      2398      3840      2467 PARcau 1.319214e-05 0.999987
   116   3       3243       1148  9.657  26.462 197.5 21.801     3231     1142     3257     1157     26     15      3232      1139      3257      1149      3253      1158      3229      1148      3206      1117      3282      1182 PARcau 6.141126e-11 1.000000
   117   3       3243       1148 10.062  26.387 212.0 26.565     3231     1140     3256     1157     25     17      3233      1137      3257      1149      3252      1158      3229      1146      3206      1115      3281      1182 PARcau 3.812739e-09 1.000000
   117   0       3813       2423  8.000  18.000 103.0 90.000     3809     2414     3818     2433      9     19      3809      2414      3817      2414      3817      2432      3809      2432      3784      2389      3843      2458 PARcau 7.340723e-07 0.999999
   118   3       3247       1147 11.011  24.520 191.5 51.340     3238     1138     3258     1159     20     21      3244      1134      3259      1153      3251      1160      3235      1141      3213      1113      3283      1184 PARcau 6.352749e-09 1.000000
   118   0       3815       2414  7.566  18.337 106.5 11.310     3811     2405     3821     2424     10     19      3813      2404      3821      2405      3817      2423      3810      2422      3786      2380      3846      2449 PARcau 1.659093e-08 1.000000
   119   3       3251       1145 10.689  26.387 204.5 79.695     3245     1134     3258     1160     13     26      3244      1134      3254      1132      3259      1158      3248      1160      3220      1109      3283      1185 PARcau 8.313665e-08 1.000000
   119   0       3818       2404  7.566  17.357  92.5 11.310     3815     2396     3824     2414      9     18      3816      2395      3824      2396      3820      2413      3813      2412      3790      2371      3849      2439 PARcau 2.691152e-07 1.000000
   120   3       3255       1140  9.962  28.022 203.5 15.945     3249     1128     3263     1156     14     28      3254      1126      3263      1129      3256      1156      3246      1153      3224      1103      3288      1181 PARcau 1.381877e-11 1.000000
   120   0       3820       2395  7.000  18.000  94.5 90.000     3817     2387     3825     2406      8     19      3817      2387      3824      2387      3824      2405      3817      2405      3792      2362      3850      2431 PARcau 1.543190e-07 1.000000
   121   3       3261       1134  9.434  29.155 204.0 30.964     3253     1122     3271     1149     18     27      3249      1144      3264      1119      3272      1124      3257      1149      3228      1097      3296      1174 PARcau 4.775442e-14 1.000000
   121   0       3821       2386  7.000  18.000 102.5 90.000     3818     2377     3826     2396      8     19      3818      2377      3825      2377      3825      2395      3818      2395      3793      2352      3851      2421 PARcau 4.681882e-06 0.999995
   122   3       3267       1127 10.000  28.425 218.0 38.660     3258     1116     3278     1140     20     24      3254      1135      3272      1113      3280      1119      3262      1141      3233      1091      3303      1165 PARcau 9.673700e-19 1.000000
   122   0       3821       2377  7.000  18.000  95.5 90.000     3818     2368     3826     2387      8     19      3818      2368      3825      2368      3825      2386      3818      2386      3793      2343      3851      2412 PARcau 1.346316e-05 0.999987
   123   0       3820       2368  7.000  19.000  96.5 90.000     3817     2359     3825     2379      8     20      3817      2359      3824      2359      3824      2378      3817      2378      3792      2334      3850      2404 PARcau 9.429871e-07 0.999999
   123   3       3274       1120  9.899  27.586 214.5 45.000     3265     1109     3285     1133     20     24      3261      1127      3280      1107      3287      1114      3268      1134      3240      1084      3310      1158 PARcau 1.056157e-17 1.000000
   123   2       4968       1778  7.906  13.285  71.5 71.565     4964     1772     4974     1786     10     14      4962      1773      4970      1770      4974      1783      4967      1785      4939      1747      4999      1811 PARcau 2.363394e-04 0.999764
   124   2       4968       1779  8.544  15.811 101.0 71.565     4963     1772     4975     1788     12     16      4962      1773      4970      1770      4975      1785      4967      1788      4938      1747      5000      1813 PARcau 1.626399e-05 0.999984
   124   3       3280       1114  9.708  28.200 213.0 36.870     3271     1103     3292     1127     21     24      3268      1122      3285      1099      3293      1105      3276      1127      3246      1078      3317      1152 PARcau 5.592039e-15 1.000000
   124   0       3820       2359  7.000  18.000 101.0 90.000     3817     2350     3825     2369      8     19      3817      2350      3824      2350      3824      2368      3817      2368      3792      2325      3850      2394 PARcau 2.945002e-07 1.000000
   125   2       4969       1781  8.544  18.974 114.5 71.565     4963     1772     4976     1791     13     19      4962      1773      4970      1770      4976      1788      4968      1791      4938      1747      5001      1816 PARcau 1.741920e-03 0.998258
   125   3       3286       1108 10.000  28.425 221.5 38.660     3277     1097     3298     1121     21     24      3273      1116      3291      1094      3299      1100      3281      1122      3252      1072      3323      1146 PARcau 4.872662e-16 1.000000
   125   0       3819       2349  7.000  19.000 103.5 90.000     3816     2340     3824     2360      8     20      3816      2340      3823      2340      3823      2359      3816      2359      3791      2315      3849      2385 PARcau 7.556866e-07 0.999999
   126   2       4970       1782  9.618  17.678 116.0 80.538     4964     1774     4976     1792     12     18      4963      1774      4973      1773      4975      1790      4966      1792      4939      1749      5001      1817 PARcau 1.143241e-04 0.999886
   126   0       3820       2341  7.000  19.000 105.5 90.000     3817     2332     3825     2352      8     20      3817      2332      3824      2332      3824      2351      3817      2351      3792      2307      3850      2377 PARcau 1.732616e-05 0.999983
   126   3       3292       1101 10.000  27.803 202.0 38.660     3284     1091     3304     1114     20     23      3280      1109      3297      1087      3305      1093      3288      1115      3259      1066      3329      1139 PARcau 1.914810e-18 1.000000
   127   2       4970       1784  9.487  19.313 120.0 69.444     4965     1775     4977     1796     12     21      4963      1777      4972      1774      4979      1792      4970      1795      4940      1750      5002      1821 PARcau 1.476159e-04 0.999852
   127   3       3296       1097 10.000  27.019 203.0 38.660     3287     1087     3307     1110     20     23      3283      1105      3300      1084      3308      1090      3291      1111      3262      1062      3332      1135 PARcau 4.587333e-14 1.000000
   127   0       3822       2333  7.566  19.320 107.5 11.310     3818     2324     3827     2344      9     20      3820      2323      3827      2324      3824      2343      3816      2342      3793      2299      3852      2369 PARcau 3.686642e-07 1.000000
   128   3       3295       1097 10.062  25.045 190.0 26.565     3288     1087     3305     1110     17     23      3285      1107      3296      1084      3305      1089      3294      1111      3263      1062      3330      1135 PARcau 1.849847e-11 1.000000
   128   2       4971       1786  8.544  19.313 102.5 69.444     4965     1777     4978     1796     13     19      4964      1778      4972      1775      4979      1793      4971      1796      4940      1752      5003      1821 PARcau 1.554138e-06 0.999998
   128   0       3825       2324  7.071  18.439 103.5 11.310     3821     2315     3830     2334      9     19      3823      2314      3830      2315      3826      2333      3819      2332      3796      2290      3855      2359 PARcau 1.393560e-07 1.000000
   129   2       4972       1787  8.078  18.200  67.5 69.444     4967     1779     4978     1797     11     18      4965      1780      4972      1777      4979      1794      4971      1797      4942      1754      5003      1822 PARcau 8.436514e-05 0.999916
   129   3       3291       1098 10.548  24.130 186.5  5.711     3286     1088     3298     1113     12     25      3287      1087      3298      1088      3295      1112      3285      1111      3261      1063      3323      1138 PARcau 9.006119e-08 1.000000
   129   0       3827       2315  7.000  18.000  99.5 90.000     3824     2306     3832     2325      8     19      3824      2306      3831      2306      3831      2324      3824      2324      3799      2281      3857      2350 PARcau 3.730048e-08 1.000000
   130   2       4973       1790  7.000  17.000  41.0  0.000     4970     1782     4978     1800      8     18      4970      1782      4977      1782      4977      1799      4970      1799      4945      1757      5003      1825 PARcau 9.282757e-08 1.000000
   130   3       3287       1100  9.962  26.744 196.0 69.444     3281     1089     3296     1115     15     26      3288      1087      3297      1112      3288      1115      3278      1090      3256      1064      3321      1140 PARcau 2.834923e-08 1.000000
   130   0       3829       2306  7.566  17.357  98.5 11.310     3826     2298     3835     2316      9     18      3827      2297      3835      2298      3831      2315      3824      2314      3801      2273      3860      2341 PARcau 1.460396e-05 0.999985
   131   2       4973       1796  6.576  16.070  50.5 84.806     4970     1787     4978     1804      8     17      4969      1787      4976      1786      4977      1802      4971      1803      4945      1762      5003      1829 PARcau 2.734384e-06 0.999997
   131   3       3282       1100  9.899  24.042 174.0 45.000     3274     1092     3294     1113     20     21      3279      1089      3296      1106      3289      1113      3272      1096      3249      1067      3319      1138 PARcau 4.759961e-08 1.000000
   131   0       3831       2296  7.000  18.000 100.0 90.000     3828     2288     3836     2307      8     19      3828      2288      3835      2288      3835      2306      3828      2306      3803      2263      3861      2332 PARcau 3.346373e-07 1.000000
   132   2       4973       1800  8.000  14.000  58.5 90.000     4970     1792     4979     1807      9     15      4970      1792      4978      1792      4978      1806      4970      1806      4945      1767      5004      1832 PARcau 6.825330e-06 0.999993
   132   3       3277       1100 10.770  26.833 186.5 26.565     3266     1094     3292     1110     26     16      3268      1090      3292      1102      3288      1112      3264      1100      3241      1069      3317      1135 PARcau 7.510380e-13 1.000000
   132   0       3832       2287  7.566  19.164 106.0  8.130     3828     2278     3837     2298      9     20      3829      2277      3837      2278      3834      2297      3827      2296      3803      2253      3862      2323 PARcau 5.563069e-07 0.999999
   133   2       4973       1801  7.762  18.554  83.5 14.036     4969     1792     4979     1810     10     18      4972      1790      4979      1792      4975      1810      4967      1808      4944      1767      5004      1835 PARcau 1.775907e-06 0.999998
   133   0       3832       2279  6.000  16.000  84.0 90.000     3829     2271     3836     2288      7     17      3829      2271      3835      2271      3835      2287      3829      2287      3804      2246      3861      2313 PARcau 4.170020e-05 0.999958
   133   3       3270       1101 10.112  25.812 197.5  9.462     3258     1096     3284     1108     26     12      3258      1094      3284      1098      3282      1108      3257      1104      3233      1071      3309      1133 PARcau 9.454274e-07 0.999999
   134   2       4972       1803  7.762  16.621  80.5 15.945     4968     1795     4978     1812     10     17      4971      1794      4979      1796      4974      1812      4967      1810      4943      1770      5003      1837 PARcau 2.502568e-05 0.999975
   134   0       3831       2268  6.000  18.000  91.5 90.000     3828     2259     3835     2278      7     19      3828      2259      3834      2259      3834      2277      3828      2277      3803      2234      3860      2303 PARcau 7.524794e-08 1.000000
   134   3       3262       1102  9.000  25.000 192.5 90.000     3250     1098     3276     1108     26     10      3250      1098      3275      1098      3275      1107      3250      1107      3225      1073      3301      1133 PARcau 1.990067e-07 1.000000
   135   2       4972       1805  7.906  18.344  92.5 18.435     4967     1796     4978     1814     11     18      4971      1794      4979      1797      4973      1814      4966      1812      4942      1771      5003      1839 PARcau 1.032726e-06 0.999999
   135   0       3830       2258  7.000  18.000 100.5 90.000     3827     2249     3835     2268      8     19      3827      2249      3834      2249      3834      2267      3827      2267      3802      2224      3860      2293 PARcau 1.469791e-08 1.000000
   135   3       3254       1104 11.045  24.187 201.0 82.875     3242     1099     3267     1111     25     12      3241      1100      3265      1097      3266      1108      3242      1111      3217      1074      3292      1136 PARcau 1.446154e-06 0.999999
   136   2       4971       1807  7.616  18.788  82.5 24.444     4966     1798     4978     1817     12     19      4964      1813      4972      1796      4979      1799      4971      1816      4941      1773      5003      1842 PARcau 1.407295e-06 0.999999
   136   0       3830       2248  7.000  18.000 100.5 90.000     3827     2240     3835     2259      8     19      3827      2240      3834      2240      3834      2258      3827      2258      3802      2215      3860      2284 PARcau 1.988856e-05 0.999980
   136   3       3247       1106 11.180  24.331 194.0 80.538     3236     1101     3260     1113     24     12      3234      1103      3258      1099      3260      1110      3236      1114      3211      1076      3285      1138 PARcau 1.397587e-08 1.000000
   137   2       4970       1809  7.433  17.557  84.5 19.983     4966     1801     4977     1819     11     18      4969      1800      4976      1802      4970      1819      4963      1816      4941      1776      5002      1844 PARcau 2.858008e-06 0.999997
   137   3       3246       1108 11.543  21.662 189.0 71.565     3236     1102     3258     1116     22     14      3234      1106      3255      1099      3258      1110      3238      1117      3211      1077      3283      1141 PARcau 9.649231e-05 0.999903
   137   0       3831       2239  7.000  17.000  98.5 90.000     3828     2231     3836     2249      8     18      3828      2231      3835      2231      3835      2248      3828      2248      3803      2206      3861      2274 PARcau 2.739424e-06 0.999997
   138   2       4969       1813  8.544  20.248  88.5 20.556     4965     1802     4975     1822     10     20      4969      1800      4977      1803      4970      1822      4962      1819      4940      1777      5000      1847 PARcau 8.451440e-07 0.999999
   138   3       3249       1108 11.314  16.971 145.5 45.000     3242     1102     3259     1116     17     14      3240      1111      3252      1099      3260      1107      3248      1119      3217      1077      3284      1141 PARcau 8.108146e-04 0.999189
   138   0       3833       2229  8.062  18.248 101.0  9.462     3830     2220     3839     2239      9     19      3831      2219      3839      2220      3836      2238      3828      2237      3805      2195      3864      2264 PARcau 2.624578e-06 0.999997
   139   2       4968       1816  8.944  17.889  96.0 26.565     4963     1807     4975     1826     12     19      4968      1806      4976      1810      4968      1826      4960      1822      4938      1782      5000      1851 PARcau 1.841237e-07 1.000000
   139   3       3253       1107 10.735  12.298  95.5 26.565     3248     1102     3261     1114     13     12      3251      1099      3261      1104      3255      1115      3246      1110      3223      1077      3286      1139 PARcau 6.403852e-02 0.935961
   139   0       3836       2219  7.000  18.000 102.5 90.000     3833     2210     3841     2229      8     19      3833      2210      3840      2210      3840      2228      3833      2228      3808      2185      3866      2254 PARcau 3.775184e-08 1.000000
   140   2       4968       1818  8.078  18.581 104.5 23.962     4963     1809     4975     1828     12     19      4968      1808      4976      1811      4968      1828      4961      1825      4938      1784      5000      1853 PARcau 1.691710e-07 1.000000
   140   3       3257       1105  9.899  18.385 140.0 45.000     3249     1099     3267     1114     18     15      3247      1108      3260      1095      3267      1102      3254      1115      3224      1074      3292      1139 PARcau 4.319519e-07 1.000000
   140   0       3839       2209  8.000  19.000 112.5 90.000     3835     2200     3844     2220      9     20      3835      2200      3843      2200      3843      2219      3835      2219      3810      2175      3869      2245 PARcau 6.374995e-07 0.999999
   141   2       4967       1821  8.544  18.385 108.5 21.801     4961     1813     4975     1831     14     18      4966      1811      4974      1814      4967      1831      4959      1828      4936      1788      5000      1856 PARcau 8.331380e-08 1.000000
   141   3       3263       1103  9.434  26.420 173.5 59.036     3252     1096     3276     1113     24     17      3249      1105      3272      1092      3277      1100      3254      1113      3227      1071      3301      1138 PARcau 1.073884e-11 1.000000
   141   0       3840       2199  8.000  19.000 111.0 90.000     3837     2190     3846     2210      9     20      3837      2190      3845      2190      3845      2209      3837      2209      3812      2165      3871      2235 PARcau 1.720451e-06 0.999998
   141   6        380       2305  9.618  23.033 172.0 63.435      370     2299      392     2313     22     14       368      2306       388      2295       393      2304       372      2314       345      2274       417      2338 PARcau 1.863747e-07 1.000000
   142   6        382       2303 10.000  22.472 161.5 57.995      373     2298      395     2311     22     13       370      2305       389      2293       395      2301       376      2313       348      2273       420      2336 PARcau 1.189660e-05 0.999988
   142   2       4966       1823  8.746  19.039  97.0 29.745     4960     1815     4973     1832     13     17      4958      1828      4967      1812      4975      1816      4965      1833      4935      1790      4998      1857 PARcau 1.530764e-06 0.999998
   142   0       3841       2189  7.649  18.828 104.5 11.310     3838     2180     3847     2200      9     20      3840      2179      3847      2181      3844      2199      3836      2198      3813      2155      3872      2225 PARcau 1.241961e-06 0.999999
   142   3       3272       1099  9.014  28.040 175.0 59.036     3259     1093     3286     1109     27     16      3257      1103      3281      1088      3286      1096      3262      1110      3234      1068      3311      1134 PARcau 3.180424e-12 1.000000
   143   2       4965       1825  7.632  18.608  91.0 30.964     4959     1817     4973     1835     14     18      4957      1831      4967      1815      4973      1819      4964      1835      4934      1792      4998      1860 PARcau 8.717791e-10 1.000000
   143   6        385       2302  9.849  22.847 162.5 66.038      375     2297      398     2309     23     12       373      2301       394      2292       398      2301       377      2310       350      2272       423      2334 PARcau 9.802124e-05 0.999902
   143   0       3841       2180  7.000  19.000 105.0 90.000     3838     2171     3846     2191      8     20      3838      2171      3845      2171      3845      2190      3838      2190      3813      2146      3871      2216 PARcau 3.401993e-07 1.000000
   143   3       3281       1096  9.394  27.951 180.0 63.435     3268     1089     3294     1105     26     16      3266      1098      3291      1085      3295      1094      3270      1106      3243      1064      3319      1130 PARcau 3.654612e-15 1.000000
   144   2       4964       1827  7.500  19.007  75.5 35.538     4959     1818     4972     1836     13     18      4956      1832      4967      1816      4973      1821      4962      1836      4934      1793      4997      1861 PARcau 1.783162e-08 1.000000
   144   6        389       2300 10.000  23.000 155.0 90.000      378     2296      402     2307     24     11       378      2296       401      2296       401      2306       378      2306       353      2271       427      2332 PARcau 3.127390e-04 0.999687
   144   0       3839       2172  8.000  19.000 109.0 90.000     3836     2162     3845     2182      9     20      3836      2162      3844      2162      3844      2181      3836      2181      3811      2137      3870      2207 PARcau 4.604176e-12 1.000000
   144   3       3290       1091  8.944  28.178 157.0 63.435     3278     1084     3303     1101     25     17      3275      1094      3300      1081      3304      1089      3279      1102      3253      1059      3328      1126 PARcau 6.481599e-11 1.000000
   145   2       4964       1828  5.831  17.493  66.0 30.964     4959     1821     4972     1836     13     15      4957      1833      4966      1818      4971      1821      4962      1836      4934      1796      4997      1861 PARcau 5.768706e-10 1.000000
   145   6        392       2300  9.000  24.000 150.5 90.000      381     2296      406     2306     25     10       381      2296       405      2296       405      2305       381      2305       356      2271       431      2331 PARcau 8.624868e-05 0.999914
   145   0       3839       2165  7.000  19.000 105.0 90.000     3836     2156     3844     2176      8     20      3836      2156      3843      2156      3843      2175      3836      2175      3811      2131      3869      2201 PARcau 2.329302e-05 0.999977
   145   3       3298       1087  8.500  28.040 172.5 59.036     3286     1080     3311     1097     25     17      3284      1091      3308      1076      3312      1084      3288      1098      3261      1055      3336      1122 PARcau 9.623356e-14 1.000000
   146   2       4963       1829  6.519  15.953  44.5 32.471     4958     1823     4972     1836     14     13      4957      1833      4965      1819      4971      1823      4962      1836      4933      1798      4997      1861 PARcau 1.501106e-08 1.000000
   146   6        395       2299  9.000  24.000 140.5 90.000      383     2295      408     2305     25     10       383      2295       407      2295       407      2304       383      2304       358      2270       433      2330 PARcau 1.381237e-05 0.999986
   146   0       3840       2160  7.000  19.000 108.5  0.000     3837     2151     3845     2171      8     20      3837      2151      3844      2151      3844      2170      3837      2170      3812      2126      3870      2196 PARcau 5.740214e-06 0.999994
   146   3       3307       1081  9.434  28.653 190.5 60.255     3295     1074     3320     1092     25     18      3292      1085      3317      1071      3322      1079      3297      1093      3270      1049      3345      1117 PARcau 9.305087e-13 1.000000
   147   6        398       2300  9.055  24.187 150.0  7.125      386     2296      411     2306     25     10       386      2294       410      2297       409      2306       385      2303       361      2271       436      2331 PARcau 6.664181e-05 0.999933
   147   0       3842       2153  8.000  17.000 102.0 90.000     3838     2145     3847     2163      9     18      3838      2145      3846      2145      3846      2162      3838      2162      3813      2120      3872      2188 PARcau 5.958117e-10 1.000000
   147   2       4962       1830  5.148   9.618  26.5 26.565     4958     1826     4966     1836      8     10      4962      1825      4966      1827      4962      1836      4957      1833      4933      1801      4991      1861 PARcau 1.067946e-07 1.000000
   147   3       3315       1076 10.404  26.349 206.5 56.310     3304     1068     3328     1087     24     19      3301      1079      3323      1065      3329      1073      3307      1088      3279      1043      3353      1112 PARcau 8.441574e-12 1.000000
   148   6        402       2300  9.000  24.000 144.0 90.000      390     2296      415     2306     25     10       390      2296       414      2296       414      2305       390      2305       365      2271       440      2331 PARcau 1.902413e-03 0.998098
   148   3       3318       1073 10.000  27.659 211.5 48.814     3308     1063     3331     1084     23     21      3305      1078      3326      1060      3332      1068      3311      1086      3283      1038      3356      1109 PARcau 1.414346e-10 1.000000
   148   0       3845       2144  7.566  16.194  92.5  9.462     3842     2136     3851     2153      9     17      3843      2135      3850      2136      3848      2152      3840      2151      3817      2111      3876      2178 PARcau 2.830952e-08 1.000000
   149   3       3316       1073 10.124  27.902 217.5 35.538     3306     1062     3327     1086     21     24      3303      1081      3320      1059      3328      1064      3312      1087      3281      1037      3352      1111 PARcau 1.624225e-16 1.000000
   149   6        406       2300  9.000  24.000 147.5 90.000      394     2296      419     2306     25     10       394      2296       418      2296       418      2305       394      2305       369      2271       444      2331 PARcau 1.696422e-03 0.998304
   149   0       3849       2135  8.062  17.889  95.0 26.565     3845     2127     3855     2145     10     18      3842      2141      3850      2125      3857      2129      3849      2145      3820      2102      3880      2170 PARcau 6.308384e-10 1.000000