 Frame  ID  CentroidX  CentroidY  Width  Length  Area  Angle  Box_TLX  Box_TLY  Box_BRX  Box_BRY  Box_W  Box_H  rBox_TLX  rBox_TLY  rBox_TRX  rBox_TRY  rBox_BRX  rBox_BRY  rBox_BLX  rBox_BLY  lBox_TLX  lBox_TLY  lBox_BRX  lBox_BRY  Label       NONpro   PARcau
    21   0       2373       1747 12.000  25.000 231.5 90.000     2367     1735     2380     1761     13     26      2367      1735      2379      1735      2379      1760      2367      1760      2342      1710      2405      1786 PARcau 6.744246e-03 0.993256
    21   1       1715        887  8.485  23.345 157.5 45.000     1707      879     1726      897     19     18      1704       892      1721       876      1727       882      1710       898      1682       854      1751       922 PARcau 2.037094e-16 1.000000
    22   0       2373       1754 11.000  27.000 237.0 90.000     2368     1741     2380     1769     12     28      2368      1741      2379      1741      2379      1768      2368      1768      2343      1716      2405      1794 PARcau 7.169264e-02 0.928307
    22   1       1723        882  9.192  23.335 158.0 45.000     1714      874     1734      891     20     17      1711       886      1728       870      1734       876      1718       893      1689       849      1759       916 PARcau 4.813931e-15 1.000000
    23   0       2373       1760 11.000  27.000 246.0 90.000     2368     1747     2380     1775     12     28      2368      1747      2379      1747      2379      1774      2368      1774      2343      1722      2405      1800 PARcau 1.775763e-04 0.999822
    23   1       1730        877  9.192  21.920 149.0 45.000     1721      871     1741      886     20     15      1719       882      1734       866      1741       873      1725       888      1696       846      1766       911 PARcau 5.677931e-16 1.000000
    24   0       2374       1760 11.102  28.779 242.5 80.538     2368     1747     2382     1776     14     29      2366      1747      2377      1745      2381      1774      2370      1775      2343      1722      2407      1801 PARcau 4.969065e-04 0.999503
    24   1       1738        873  8.062  23.324 141.5 59.036     1728      866     1749      881     21     15      1726       875      1746       863      1750       870      1730       882      1703       841      1774       906 PARcau 1.203505e-15 1.000000
    25   0       2375       1756 12.083  29.069 251.5 63.435     2367     1743     2385     1771     18     28      2374      1741      2387      1767      2376      1772      2363      1746      2342      1718      2410      1796 PARcau 6.383790e-05 0.999936
    25   1       1746        869  8.944  21.024 138.5 63.435     1738      863     1757      877     19     14      1735       869      1754       860      1758       868      1739       877      1713       838      1782       902 PARcau 1.679341e-12 1.000000
    26   0       2376       1752 12.104  28.504 237.5 38.660     2364     1742     2389     1764     25     22      2368      1738      2390      1756      2383      1765      2360      1748      2339      1717      2414      1789 PARcau 7.620129e-04 0.999238
    26   1       1752        865  9.014  22.743 152.0 56.310     1743      859     1764      874     21     15      1741       868      1760       855      1765       863      1746       875      1718       834      1789       899 PARcau 4.115397e-12 1.000000
    27   0       2376       1749 12.369  28.862 233.0 14.036     2362     1743     2391     1758     29     15      2363      1740      2391      1747      2388      1759      2360      1752      2337      1718      2416      1783 PARcau 1.247671e-02 0.987523
    27   1       1759        861  9.014  20.524 147.5 56.310     1750      855     1770      870     20     15      1748       864      1765       852      1770       860      1753       871      1725       830      1795       895 PARcau 8.301743e-17 1.000000
    28   0       2378       1747 11.543  28.111 218.0 84.806     2363     1742     2392     1755     29     13      2362      1743      2390      1741      2391      1752      2363      1755      2338      1717      2417      1780 PARcau 4.481662e-02 0.955183
    28   1       1766        857  8.902  21.006 135.0 53.130     1757      851     1776      865     19     14      1755       860      1771       847      1777       854      1760       867      1732       826      1801       890 PARcau 1.383244e-09 1.000000
    29   0       2380       1745 11.180  24.597 203.5 63.435     2368     1738     2392     1755     24     17      2366      1746      2388      1735      2393      1745      2371      1756      2343      1713      2417      1780 PARcau 1.957326e-02 0.980427
    29   1       1771        853  8.602  20.809 133.0 53.130     1763      846     1780      861     17     15      1760       855      1777       843      1782       850      1765       862      1738       821      1805       886 PARcau 1.105110e-16 1.000000
    30   0       2382       1742 11.314  22.627 197.0 45.000     2372     1734     2392     1753     20     19      2370      1747      2386      1731      2394      1739      2378      1755      2347      1709      2417      1778 PARcau 6.106895e-04 0.999389
    30   1       1776        847  8.902  21.006 137.5 51.340     1768      840     1785      856     17     16      1765       851      1781       838      1787       845      1770       858      1743       815      1810       881 PARcau 6.458420e-12 1.000000
    31   0       2384       1739 12.176  20.081 175.5 18.435     2377     1730     2392     1749     15     19      2381      1727      2393      1731      2386      1750      2375      1746      2352      1705      2417      1774 PARcau 1.869365e-04 0.999813
    31   1       1780        842  8.485  21.213 141.0 45.000     1773      834     1790      851     17     17      1770       846      1785       831      1791       837      1776       852      1748       809      1815       876 PARcau 3.296501e-11 1.000000
    32   0       2385       1736 11.180  18.788 149.0 26.565     2379     1727     2392     1746     13     19      2384      1725      2394      1730      2386      1747      2376      1742      2354      1702      2417      1771 PARcau 1.884293e-07 1.000000
    32   1       1785        835  8.485  21.932 145.5 45.000     1778      827     1795      845     17     18      1775       840      1791       825      1797       831      1781       846      1753       802      1820       870 PARcau 8.668349e-17 1.000000
    33   0       2385       1733  9.000  13.000  94.0 90.000     2381     1727     2391     1741     10     14      2381      1727      2390      1727      2390      1740      2381      1740      2356      1702      2416      1766 PARcau 9.693562e-04 0.999031
    33   1       1790        829  8.485  22.627 150.0 45.000     1782      821     1800      839     18     18      1780       835      1796       819      1802       825      1786       841      1757       796      1825       864 PARcau 9.164932e-17 1.000000
    34   1       1796        823  8.485  21.932 150.5 45.000     1788      815     1807      832     19     17      1786       828      1801       812      1807       818      1792       834      1763       790      1832       857 PARcau 2.372994e-12 1.000000
    35   1       1803        817  9.899  22.627 154.5 45.000     1795      809     1814      826     19     17      1792       822      1808       806      1815       813      1799       829      1770       784      1839       851 PARcau 2.100213e-15 1.000000
    35   0       2386       1713 10.000  14.000 107.5 90.000     2381     1707     2392     1722     11     15      2381      1707      2391      1707      2391      1721      2381      1721      2356      1682      2417      1747 PARcau 4.254072e-02 0.957459
    36   0       2385       1710 11.000  20.000 181.5 90.000     2380     1700     2392     1721     12     21      2380      1700      2391      1700      2391      1720      2380      1720      2355      1675      2417      1746 PARcau 2.865616e-03 0.997134
    36   1       1810        812  9.220  23.601 156.0 53.130     1801      805     1822      821     21     16      1798       816      1817       802      1823       809      1804       823      1776       780      1847       846 PARcau 1.618351e-14 1.000000
    37   0       2384       1704 11.000  25.000 220.0 90.000     2379     1692     2391     1718     12     26      2379      1692      2390      1692      2390      1717      2379      1717      2354      1667      2416      1743 PARcau 1.804829e-07 1.000000
    37   1       1817        808  8.602  23.324 152.0 59.036     1808      802     1829      817     21     15      1805       811      1825       799      1830       806      1810       818      1783       777      1854       842 PARcau 3.726670e-12 1.000000
    38   0       2383       1699 10.000  20.000 162.0 90.000     2379     1689     2390     1710     11     21      2379      1689      2389      1689      2389      1709      2379      1709      2354      1664      2415      1735 PARcau 6.682882e-06 0.999993
    38   1       1825        805  8.944  23.259 153.0 63.435     1816      798     1837      813     21     15      1813       806      1834       796      1838       804      1817       814      1791       773      1862       838 PARcau 9.092890e-15 1.000000
    39   0       2383       1689  9.000  27.000 147.0 90.000     2379     1674     2389     1702     10     28      2379      1674      2388      1674      2388      1701      2379      1701      2354      1649      2414      1727 PARcau 5.573317e-02 0.944267
    39   1       1833        801  8.944  22.361 142.5 63.435     1824      795     1844      809     20     14      1821       802      1841       792      1845       800      1825       810      1799       770      1869       834 PARcau 5.215588e-14 1.000000
    40   1       1840        798  8.944  21.932 145.5 63.435     1830      793     1851      806     21     13      1828       799      1848       790      1852       798      1832       807      1805       768      1876       831 PARcau 2.219623e-10 1.000000
    40   0       2385       1674 10.512  19.455 142.0 26.565     2380     1666     2392     1686     12     20      2384      1664      2394      1669      2385      1686      2376      1682      2355      1641      2417      1711 PARcau 3.349633e-07 1.000000
    41   1       1846        795  8.944  21.024 144.0 63.435     1837      789     1857      803     20     14      1835       796      1854       787      1858       795      1839       804      1812       764      1882       828 PARcau 6.393342e-11 1.000000
    41   0       2386       1669 11.045  24.083 205.0  5.194     2381     1657     2394     1682     13     25      2382      1656      2393      1657      2391      1681      2380      1680      2356      1632      2419      1707 PARcau 6.930037e-05 0.999931
    42   1       1853        791  8.944  20.591 140.0 63.435     1844      785     1864      799     20     14      1842       793      1860       783      1864       791      1846       801      1819       760      1889       824 PARcau 7.009639e-12 1.000000
    42   0       2389       1662 11.402  28.160 238.0 15.945     2382     1649     2397     1677     15     28      2387      1647      2398      1650      2390      1677      2379      1674      2357      1624      2422      1702 PARcau 1.459464e-06 0.999999
    43   1       1859        788  9.192  20.506 143.0 45.000     1850      781     1869      796     19     15      1848       792      1863       778      1869       784      1855       799      1825       756      1894       821 PARcau 3.532262e-14 1.000000
    43   0       2391       1655 11.068  27.830 241.5 18.435     2385     1641     2400     1669     15     28      2391      1639      2401      1643      2393      1669      2382      1666      2360      1616      2425      1694 PARcau 9.098591e-09 1.000000
    44   1       1864        783  8.485  20.518 130.5 45.000     1856      776     1873      792     17     16      1854       788      1868       773      1874       779      1860       794      1831       751      1898       817 PARcau 6.212711e-11 1.000000
    44   0       2395       1646 11.543  27.042 239.5 18.435     2388     1634     2404     1660     16     26      2394      1632      2405      1635      2396      1661      2385      1657      2363      1609      2429      1685 PARcau 1.670130e-06 0.999998
    45   1       1869        778  8.485  21.213 137.0 45.000     1861      771     1878      787     17     16      1859       783      1874       768      1880       774      1865       789      1836       746      1903       812 PARcau 2.212437e-14 1.000000
    45   0       2398       1639 11.180  25.495 226.0 26.565     2391     1628     2407     1653     16     25      2388      1648      2399      1625      2409      1630      2398      1653      2366      1603      2432      1678 PARcau 4.623061e-12 1.000000
    46   1       1874        772  8.485  21.213 136.5 45.000     1866      765     1884      781     18     16      1864       777      1879       762      1885       768      1870       783      1841       740      1909       806 PARcau 2.542726e-12 1.000000
    46   0       2402       1633 11.630  25.715 228.5 26.565     2395     1622     2410     1646     15     24      2391      1642      2402      1619      2413      1624      2401      1647      2370      1597      2435      1671 PARcau 5.527922e-08 1.000000
    47   0       2404       1627 11.705  24.352 220.0 18.435     2398     1616     2413     1639     15     23      2403      1613      2414      1617      2406      1640      2395      1636      2373      1591      2438      1664 PARcau 1.942364e-06 0.999998
    47   1       1879        766  8.485  21.213 140.0 45.000     1872      759     1889      776     17     17      1869       771      1884       756      1890       762      1875       777      1847       734      1914       801 PARcau 2.379085e-12 1.000000
    48   0       2406       1621 11.543  22.940 206.5 18.435     2400     1610     2414     1633     14     23      2405      1608      2416      1612      2408      1633      2397      1630      2375      1585      2439      1658 PARcau 1.083188e-05 0.999989
    48   1       1885        761  8.485  22.627 143.5 45.000     1877      753     1895      770     18     17      1875       766      1891       750      1897       756      1881       772      1852       728      1920       795 PARcau 1.160187e-13 1.000000
    49   0       2408       1615 12.000  22.000 201.5 90.000     2402     1604     2415     1627     13     23      2402      1604      2414      1604      2414      1626      2402      1626      2377      1579      2440      1652 PARcau 9.298013e-08 1.000000
    49   1       1892        755  8.485  21.932 147.5 45.000     1883      748     1902      765     19     17      1881       760      1897       745      1903       751      1887       766      1858       723      1927       790 PARcau 5.150210e-16 1.000000
    50   0       2408       1608 11.000  24.000 207.0 90.000     2403     1596     2415     1621     12     25      2403      1596      2414      1596      2414      1620      2403      1620      2378      1571      2440      1646 PARcau 1.195652e-08 1.000000
    50   1       1899        751  8.062  23.022 146.0 56.310     1889      744     1910      760     21     16      1887       754      1906       741      1910       748      1891       761      1864       719      1935       785 PARcau 6.666524e-15 1.000000
    51   0       2409       1600 12.093  24.824 218.0  8.130     2403     1588     2416     1614     13     26      2405      1587      2417      1589      2413      1613      2401      1612      2378      1563      2441      1639 PARcau 3.608702e-06 0.999996
    51   1       1906        747  9.014  21.915 149.5 56.310     1897      741     1917      756     20     15      1894       750      1912       737      1917       745      1899       757      1872       716      1942       781 PARcau 1.195575e-14 1.000000
    52   0       2409       1593 11.000  24.000 224.0 90.000     2404     1581     2416     1606     12     25      2404      1581      2415      1581      2415      1605      2404      1605      2379      1556      2441      1631 PARcau 8.758046e-05 0.999912
    52   1       1913        744  8.944  21.932 138.5 63.435     1904      739     1924      752     20     13      1901       745      1921       736      1925       744      1905       753      1879       714      1949       777 PARcau 9.220788e-11 1.000000
    53   0       2410       1586 10.000  25.000 201.5 90.000     2405     1573     2416     1599     11     26      2405      1573      2415      1573      2415      1598      2405      1598      2380      1548      2441      1624 PARcau 1.279188e-03 0.998721
    53   1       1920        742  8.276  21.691 139.5 63.435     1911      736     1931      749     20     13      1909       742      1928       733      1932       740      1912       750      1886       711      1956       774 PARcau 2.869703e-08 1.000000
    54   1       1926        739  8.944  21.024 135.5 63.435     1917      734     1937      747     20     13      1915       740      1934       731      1938       739      1919       748      1892       709      1962       772 PARcau 7.589940e-10 1.000000
    54   0       2411       1577 10.050  26.173 193.5  6.340     2406     1564     2418     1591     12     27      2407      1563      2417      1564      2414      1590      2404      1589      2381      1539      2443      1616 PARcau 3.120807e-02 0.968792
    55   1       1932        736  8.944  20.125 130.0 63.435     1923      731     1942      744     19     13      1921       737      1939       728      1943       736      1925       745      1898       706      1967       769 PARcau 1.059955e-09 1.000000
    55   0       2414       1567  9.394  25.715 186.0 26.565     2408     1556     2422     1581     14     25      2404      1577      2415      1554      2424      1558      2412      1581      2383      1531      2447      1606 PARcau 5.519569e-03 0.994480
    56   1       1937        733  8.602  20.248 133.5 56.310     1929      726     1947      741     18     15      1926       735      1943       724      1948       731      1931       742      1904       701      1972       766 PARcau 9.290069e-09 1.000000
    56   0       2417       1560 11.853  23.927 202.0 26.565     2410     1549     2426     1572     16     23      2418      1547      2428      1552      2418      1574      2407      1568      2385      1524      2451      1597 PARcau 1.414948e-07 1.000000
    57   1       1942        728  9.434  20.248 130.5 56.310     1934      722     1951      737     17     15      1931       730      1948       719      1953       727      1936       738      1909       697      1976       762 PARcau 2.676207e-10 1.000000
    57   0       2421       1555 11.180  24.597 215.0 26.565     2414     1544     2429     1567     15     23      2410      1563      2421      1541      2431      1546      2420      1568      2389      1519      2454      1592 PARcau 7.172967e-08 1.000000
    58   1       1946        724  8.485  19.799 131.5 45.000     1939      716     1956      732     17     16      1937       728      1951       714      1957       720      1943       734      1914       691      1981       757 PARcau 1.170320e-13 1.000000
    58   0       2423       1548 11.402  23.409 206.0 18.435     2417     1538     2432     1561     15     23      2422      1536      2433      1539      2425      1561      2414      1558      2392      1513      2457      1586 PARcau 2.527619e-09 1.000000
    59   0       2425       1543 11.402  22.804 198.5 14.036     2419     1532     2433     1555     14     23      2423      1530      2434      1533      2428      1555      2417      1552      2394      1507      2458      1580 PARcau 2.782564e-07 1.000000
    59   1       1952        718  7.810  21.260 132.5 49.399     1944      710     1962      727     18     17      1942       722      1958       708      1963       714      1947       728      1919       685      1987       752 PARcau 8.675300e-16 1.000000
    60   0       2426       1537 11.281  27.171 224.5 12.529     2420     1524     2433     1551     13     27      2424      1522      2435      1525      2429      1551      2418      1549      2395      1499      2458      1576 PARcau 1.059774e-05 0.999989
    60   1       1958        712  8.902  21.006 143.5 51.340     1951      704     1968      721     17     17      1948       715      1964       702      1970       709      1953       722      1926       679      1993       746 PARcau 1.269821e-15 1.000000
    61   0       2427       1530 11.402  28.862 247.0 14.036     2421     1516     2434     1545     13     29      2425      1514      2436      1517      2429      1545      2418      1542      2396      1491      2459      1570 PARcau 7.584340e-06 0.999992
    61   1       1965        707  8.485  21.932 148.5 45.000     1956      699     1975      716     19     17      1954       712      1969       696      1975       702      1960       718      1931       674      2000       741 PARcau 7.434007e-12 1.000000
    62   0       2428       1524 10.920  30.923 246.0 14.036     2422     1509     2435     1540     13     31      2427      1507      2437      1510      2430      1540      2419      1537      2397      1484      2460      1565 PARcau 3.793301e-08 1.000000
    62   1       1971        702  9.220  23.431 149.5 50.194     1962      695     1982      711     20     16      1959       706      1977       691      1983       698      1965       713      1937       670      2007       736 PARcau 4.398443e-15 1.000000
    63   0       2430       1515 10.440  32.016 262.0 14.036     2424     1500     2438     1532     14     32      2429      1498      2439      1501      2431      1532      2421      1529      2399      1475      2463      1557 PARcau 2.277491e-11 1.000000
    63   1       1978        698  8.201  22.500 142.0 53.130     1969      691     1989      707     20     16      1967       701      1985       688      1990       694      1972       708      1944       666      2014       732 PARcau 2.926633e-15 1.000000
    64   0       2432       1506 10.920  30.516 254.5 18.435     2426     1492     2441     1522     15     30      2432      1490      2442      1493      2433      1522      2422      1519      2401      1467      2466      1547 PARcau 3.498141e-11 1.000000
    64   1       1986        694  8.062  22.361 132.5 63.435     1977      688     1997      702     20     14      1974       695      1994       685      1998       692      1978       702      1952       663      2022       727 PARcau 6.424773e-14 1.000000
    65   0       2435       1499 11.068  30.992 269.5 18.435     2428     1484     2444     1515     16     31      2434      1482      2445      1485      2435      1515      2425      1511      2403      1459      2469      1540 PARcau 2.155789e-10 1.000000
    65   1       1994        691  8.500  21.243 133.5 63.435     1985      685     2005      698     20     13      1982       692      2001       682      2005       690      1986       699      1960       660      2030       723 PARcau 5.359464e-14 1.000000
    66   0       2437       1491 11.236  31.468 257.5 18.435     2430     1477     2446     1507     16     30      2437      1474      2447      1478      2438      1508      2427      1504      2405      1452      2471      1532 PARcau 1.385961e-10 1.000000
    66   1       2001        688  8.944  21.471 140.0 63.435     1991      683     2012      696     21     13      1989       689      2008       679      2012       687      1993       697      1966       658      2037       721 PARcau 1.254407e-13 1.000000
    67   1       2008        686  7.616  20.125 134.0 63.435     1999      680     2018      693     19     13      1997       687      2015       678      2018       685      2000       694      1974       655      2043       718 PARcau 1.306365e-11 1.000000
    67   0       2441       1483 10.440  31.623 259.0 18.435     2434     1468     2450     1499     16     31      2441      1466      2451      1469      2441      1499      2431      1496      2409      1443      2475      1524 PARcau 1.483815e-12 1.000000
    68   1       2014        683  9.014  20.427 132.0 68.199     2005      678     2025      690     20     12      2003       683      2022       675      2025       684      2006       691      1980       653      2050       715 PARcau 6.760918e-09 1.000000
    68   0       2444       1475 10.296  31.305 257.0 26.565     2437     1461     2454     1490     17     29      2433      1486      2447      1458      2456      1463      2442      1491      2412      1436      2479      1515 PARcau 4.739321e-13 1.000000
    69   1       2020        680  8.746  21.272 134.5 59.036     2011      674     2030      688     19     14      2008       682      2027       671      2031       679      2013       689      1986       649      2055       713 PARcau 7.429553e-09 1.000000
    69   0       2449       1466 10.735  31.085 250.5 26.565     2441     1452     2459     1481     18     29      2437      1477      2451      1449      2460      1454      2447      1482      2416      1427      2484      1506 PARcau 4.131861e-15 1.000000
    70   1       2025        677  8.602  20.248 131.5 56.310     2017      670     2035      685     18     15      2014       679      2031       668      2036       675      2019       686      1992       645      2060       710 PARcau 1.768627e-08 1.000000
    70   0       2454       1457 10.296  31.305 253.5 26.565     2445     1444     2465     1472     20     28      2442      1468      2456      1440      2465      1445      2451      1473      2420      1419      2490      1497 PARcau 8.425347e-15 1.000000
    71   1       2029        673  8.485  19.799 140.5 45.000     2021      666     2039      681     18     15      2020       677      2034       663      2040       669      2026       683      1996       641      2064       706 PARcau 4.566476e-11 1.000000
    71   0       2460       1448 11.236  31.341 261.5 33.690     2451     1435     2471     1463     20     28      2446      1458      2464      1432      2473      1438      2456      1464      2426      1410      2496      1488 PARcau 3.147625e-15 1.000000
    72   1       2035        668  8.485  19.799 131.5 45.000     2027      660     2044      676     17     16      2025       671      2039       657      2045       663      2031       677      2002       635      2069       701 PARcau 1.877780e-12 1.000000
    72   0       2466       1440 11.511  31.757 259.5 33.690     2457     1427     2477     1455     20     28      2452      1450      2470      1423      2479      1430      2462      1456      2432      1402      2502      1480 PARcau 7.337370e-12 1.000000
    73   1       2039        662  9.220  20.616 134.5 50.194     2032      655     2049      671     17     16      2029       665      2045       652      2051       659      2035       672      2007       630      2074       696 PARcau 8.075265e-12 1.000000
    73   0       2472       1431 11.180  31.305 256.5 26.565     2463     1418     2483     1446     20     28      2460      1442      2474      1414      2484      1419      2470      1447      2438      1393      2508      1471 PARcau 2.200430e-14 1.000000
    74   1       2046        656  8.485  21.213 139.0 45.000     2038      648     2055      665     17     17      2036       661      2051       646      2057       652      2042       667      2013       623      2080       690 PARcau 3.268249e-14 1.000000
    74   0       2478       1422 11.180  30.414 252.0 26.565     2469     1409     2488     1437     19     28      2466      1433      2480      1406      2490      1411      2476      1438      2444      1384      2513      1462 PARcau 8.396831e-13 1.000000
    75   1       2052        651  9.220  20.616 141.0 51.340     2044      644     2062      660     18     16      2041       654      2057       641      2063       648      2047       661      2019       619      2087       685 PARcau 3.372964e-11 1.000000
    75   0       2483       1412 10.296  32.650 258.5 26.565     2474     1398     2493     1428     19     30      2471      1424      2486      1395      2495      1400      2480      1429      2449      1373      2518      1453 PARcau 1.892735e-16 1.000000
    76   1       2058        646  8.602  22.204 153.0 53.130     2050      639     2069      655     19     16      2047       649      2065       636      2070       643      2052       656      2025       614      2094       680 PARcau 1.460747e-08 1.000000
    76   0       2487       1403 10.512  30.635 245.5 26.565     2479     1389     2496     1418     17     29      2476      1415      2489      1387      2499      1392      2485      1419      2454      1364      2521      1443 PARcau 1.764811e-13 1.000000
    76   2        470        526  9.899  21.213 159.5 45.000      462      518      480      536     18     18       459       530       474       515       481       522       466       537       437       493       505       561 PARcau 1.958504e-07 1.000000
    77   2        474        522  9.899  22.627 173.5 45.000      465      514      484      532     19     18       463       527       479       511       486       518       470       534       440       489       509       557 PARcau 1.358912e-07 1.000000
    77   1       2066        642  8.602  21.633 145.5 56.310     2057      635     2077      650     20     15      2054       644      2072       632      2077       639      2059       651      2032       610      2102       675 PARcau 6.241135e-14 1.000000
    77   0       2490       1392 11.705  31.623 266.0 18.435     2483     1377     2499     1408     16     31      2490      1375      2501      1379      2491      1409      2480      1405      2458      1352      2524      1433 PARcau 8.716086e-12 1.000000
    78   2        476        519  9.899  21.932 162.0 45.000      468      511      486      529     18     18       466       524       481       508       488       515       473       531       443       486       511       554 PARcau 3.561900e-07 1.000000
    78   1       2073        638  8.944  21.471 138.0 63.435     2065      632     2084      646     19     14      2062       639      2081       629      2085       637      2066       647      2040       607      2109       671 PARcau 3.029783e-13 1.000000
    78   0       2494       1382 10.595  32.098 254.5 18.435     2486     1367     2502     1398     16     31      2494      1365      2504      1368      2494      1399      2484      1395      2461      1342      2527      1423 PARcau 4.451882e-10 1.000000
    79   2        478        518 10.607  21.920 177.5 45.000      470      509      488      528     18     19       467       522       482       506       490       514       474       529       445       484       513       553 PARcau 1.150366e-07 1.000000
    79   1       2081        635  8.276  21.691 141.0 63.435     2071      629     2092      643     21     14      2069       636      2089       627      2092       634      2073       644      2046       604      2117       668 PARcau 1.404417e-08 1.000000
    79   0       2497       1372 10.920  31.181 248.5 15.945     2490     1357     2505     1388     15     31      2496      1355      2506      1358      2498      1388      2487      1385      2465      1332      2530      1413 PARcau 3.680739e-12 1.000000
    80   2        479        516 10.308  21.639 149.5 39.806      472      507      488      526     16     19       468       521       482       504       490       511       476       527       447       482       513       551 PARcau 6.557298e-08 1.000000
    80   1       2088        633  9.487  20.881 144.5 71.565     2079      627     2099      640     20     13      2077       631      2097       625      2100       634      2080       640      2054       602      2124       665 PARcau 9.238225e-09 1.000000
    80   0       2500       1362 10.770  31.016 250.5 21.801     2493     1348     2510     1377     17     29      2490      1374      2501      1345      2511      1349      2500      1378      2468      1323      2535      1402 PARcau 4.500548e-13 1.000000
    81   2        481        512 10.296  21.954 147.0 30.964      473      503      490      523     17     20       471       519       482       500       491       505       480       524       448       478       515       548 PARcau 8.983881e-07 0.999999
    81   1       2095        631  8.944  21.024 140.0 63.435     2086      625     2106      638     20     13      2084       631      2103       622      2107       630      2088       639      2061       600      2131       663 PARcau 7.000554e-12 1.000000
    81   0       2505       1353 10.062  30.859 250.5 26.565     2497     1340     2515     1369     18     29      2493      1365      2507      1337      2516      1342      2502      1369      2472      1315      2540      1394 PARcau 1.657106e-13 1.000000
    82   2        483        508  9.899  21.932 147.5 45.000      476      499      492      519     16     20       472       513       487       497       494       504       479       520       451       474       517       544 PARcau 2.725417e-05 0.999973
    82   1       2102        629  8.944  21.024 147.5 63.435     2093      623     2113      636     20     13      2091       629      2110       620      2114       628      2095       637      2068       598      2138       661 PARcau 1.291773e-07 1.000000
    82   0       2509       1346 10.296  30.017 236.5 29.745     2501     1333     2520     1360     19     27      2497      1356      2512      1330      2521      1335      2506      1361      2476      1308      2545      1385 PARcau 1.636459e-15 1.000000
    83   2        484        506 10.607  20.506 128.5 45.000      476      499      492      517     16     18       472       510       487       496       494       503       480       518       451       474       517       542 PARcau 4.418266e-05 0.999956
    83   0       2514       1341 11.314  29.698 249.0 45.000     2505     1329     2526     1355     21     26      2500      1348      2521      1327      2529      1335      2508      1356      2480      1304      2551      1380 PARcau 2.741326e-15 1.000000
    83   1       2108        626  8.944  20.125 138.0 63.435     2099      621     2119      634     20     13      2097       627      2115       618      2119       626      2101       635      2074       596      2144       659 PARcau 2.643398e-06 0.999997
    84   2        485        504  9.862  19.981 118.0 32.005      477      497      494      515     17     18       475       510       485       493       494       498       483       515       452       472       519       540 PARcau 2.233684e-06 0.999998
    84   0       2518       1337 10.607  28.991 248.5 45.000     2508     1326     2531     1350     23     24      2505      1344      2525      1323      2533      1331      2512      1351      2483      1301      2556      1375 PARcau 9.406168e-11 1.000000
    84   1       2114        624  8.944  20.125 134.0 63.435     2105      618     2124      631     19     13      2103       624      2121       615      2125       623      2107       632      2080       593      2149       656 PARcau 2.945786e-11 1.000000
    85   2        486        502  8.485  17.692  99.5 45.000      479      495      495      510     16     15       478       505       490       492       496       498       484       511       454       470       520       535 PARcau 6.667526e-07 0.999999
    85   0       2521       1335 10.607  28.991 245.0 45.000     2511     1325     2533     1348     22     23      2507      1342      2528      1322      2535      1329      2515      1350      2486      1300      2558      1373 PARcau 3.988579e-10 1.000000
    85   1       2119        620  9.434  20.248 141.5 56.310     2110      614     2129      628     19     14      2108       622      2125       611      2130       619      2113       630      2085       589      2154       653 PARcau 1.040001e-10 1.000000
    85   3       1892        410  9.708  25.598 173.0 77.471     1881      405     1906      417     25     12      1879       408      1904       402      1906       412      1881       417      1856       380      1931       442 PARcau 1.002559e-07 1.000000
    86   3       1888        411  9.220  24.515 175.0 77.471     1876      406     1902      418     26     12      1875       409      1899       404      1901       413      1877       418      1851       381      1927       443 PARcau 1.116604e-05 0.999989
    86   0       2524       1333 11.336  28.364 235.5 39.806     2514     1323     2536     1346     22     23      2510      1340      2529      1318      2537      1326      2519      1347      2489      1298      2561      1371 PARcau 1.232847e-10 1.000000
    86   2        488        500  9.192  20.506  95.5 45.000      481      492      497      510     16     18       478       505       492       490       499       497       484       511       456       467       522       535 PARcau 6.160838e-06 0.999994
    86   1       2123        617 10.000  19.416 139.0 56.310     2116      610     2133      625     17     15      2113       618      2129       607      2135       615      2119       626      2091       585      2158       650 PARcau 1.769858e-09 1.000000
    87   3       1884        411  9.552  25.125 180.0 84.289     1873      407     1899      418     26     11      1872       408      1897       406      1898       415      1873       418      1848       382      1924       443 PARcau 1.072706e-04 0.999893
    87   2        490        498  7.810  18.439  82.0 39.806      483      491      498      507     15     16       481       502       493       488       499       493       487       507       458       466       523       532 PARcau 4.463918e-07 1.000000
    87   0       2528       1329 10.817  27.203 220.0 35.538     2518     1319     2539     1341     21     22      2515      1337      2531      1315      2540      1321      2524      1343      2493      1294      2564      1366 PARcau 2.707125e-16 1.000000
    87   1       2129        612  9.220  20.616 134.5 51.340     2121      605     2138      621     17     16      2118       615      2134       602      2140       609      2124       622      2096       580      2163       646 PARcau 1.404150e-10 1.000000
    88   3       1882        412  9.552  26.120 180.5 85.236     1870      407     1897      418     27     11      1869       408      1895       406      1896       415      1870       418      1845       382      1922       443 PARcau 4.153458e-06 0.999996
    88   2        493        494  8.485  19.799  61.5 45.000      483      488      500      504     17     16       481       500       495       486       501       492       487       506       458       463       525       529 PARcau 4.400502e-10 1.000000
    88   0       2532       1323 10.607  27.577 224.0 45.000     2523     1312     2543     1336     20     24      2519      1329      2539      1310      2546      1317      2527      1337      2498      1287      2568      1361 PARcau 2.699878e-14 1.000000
    88   1       2134        607  9.899  21.213 149.5 45.000     2126      600     2143      616     17     16      2123       611      2138       596      2145       603      2130       618      2101       575      2168       641 PARcau 2.705235e-09 1.000000
    89   3       1879        412  9.000  25.000 177.5 90.000     1868      408     1894      418     26     10      1868       408      1893       408      1893       417      1868       417      1843       383      1919       443 PARcau 3.142147e-05 0.999969
    89   2        495        491  8.201  19.526  69.0 50.194      486      487      503      502     17     15       484       496       499       484       504       490       489       503       461       462       528       527 PARcau 6.240677e-08 1.000000
    89   0       2536       1317 10.062  27.281 227.0 26.565     2528     1305     2547     1330     19     25      2526      1327      2538      1302      2547      1307      2535      1331      2503      1280      2572      1355 PARcau 1.093956e-10 1.000000
    89   1       2139        602  9.605  21.708 148.0 51.340     2131      595     2149      611     18     16      2128       605      2145       591      2151       599      2134       612      2106       570      2174       636 PARcau 5.962212e-09 1.000000
    90   2        496        491  7.500  16.651  60.5 49.399      489      487      503      500     14     13       486       494       499       483       503       489       491       500       464       462       528       525 PARcau 9.375479e-08 1.000000
    90   3       1876        412  9.000  26.000 178.0 90.000     1864      409     1891      419     27     10      1864       409      1890       409      1890       418      1864       418      1839       384      1916       444 PARcau 1.545489e-05 0.999985
    90   0       2540       1310 10.977  27.973 225.5 29.745     2532     1298     2550     1323     18     25      2529      1319      2542      1295      2552      1300      2538      1325      2507      1273      2575      1348 PARcau 1.312114e-13 1.000000
    90   1       2146        596  9.301  22.102 148.0 53.130     2137      589     2156      605     19     16      2135       600      2152       586      2158       594      2140       607      2112       564      2181       630 PARcau 1.783189e-15 1.000000
    91   2        496        491  6.708  14.318  45.5 66.801      490      487      502      498     12     11       487       491       500       485       503       491       490       497       465       462       527       523 PARcau 1.127762e-07 1.000000
    91   3       1873        412  9.055  25.080 185.5  4.764     1861      408     1887      419     26     11      1861       407      1886       409      1885       418      1860       416      1836       383      1912       444 PARcau 2.321831e-06 0.999998
    91   0       2543       1303 10.296  26.833 219.5 26.565     2536     1291     2552     1316     16     25      2533      1312      2545      1288      2554      1293      2542      1317      2511      1266      2577      1341 PARcau 1.087614e-12 1.000000
    91   1       2153        592  9.014  22.743 149.0 56.310     2144      585     2164      600     20     15      2141       594      2160       582      2165       589      2146       602      2119       560      2189       625 PARcau 1.059504e-14 1.000000
    92   3       1870        412  9.552  25.125 166.0  5.711     1859      408     1885      419     26     11      1859       407      1884       409      1883       419      1858       416      1834       383      1910       444 PARcau 6.113645e-09 1.000000
    92   1       2160        588 10.062  21.915 154.0 63.435     2151      582     2171      597     20     15      2148       589      2168       579      2172       588      2153       598      2126       557      2196       622 PARcau 4.158267e-15 1.000000
    92   0       2546       1295 10.595  27.987 229.0 18.435     2538     1282     2554     1309     16     27      2545      1280      2555      1283      2546      1310      2536      1306      2513      1257      2579      1334 PARcau 9.994047e-13 1.000000
    93   3       1868        412 10.050  25.179 163.5  6.340     1857      408     1883      419     26     11      1857       406      1882       409      1881       419      1856       416      1832       383      1908       444 PARcau 7.466248e-07 0.999999
    93   2        495        485  6.000  13.000  37.5 90.000      492      480      499      494      7     14       492       480       498       480       498       493       492       493       467       455       524       519 PARcau 1.736770e-07 1.000000
    93   1       2167        585  8.944  21.471 149.0 63.435     2158      579     2179      593     21     14      2156       586      2175       576      2179       584      2160       594      2133       554      2204       618 PARcau 1.086379e-10 1.000000
    93   0       2548       1287 10.770  29.155 236.5 21.801     2541     1274     2557     1301     16     27      2538      1298      2549      1271      2559      1275      2548      1302      2516      1249      2582      1326 PARcau 8.487550e-13 1.000000
    94   3       1868        412  9.055  25.179 147.0  7.125     1857      408     1883      419     26     11      1857       406      1882       409      1881       418      1856       415      1832       383      1908       444 PARcau 4.281615e-08 1.000000
    94   2        493        481  8.000  15.000  84.5 90.000      490      475      499      491      9     16       490       475       498       475       498       490       490       490       465       450       524       516 PARcau 1.465752e-06 0.999999
    94   0       2551       1280 11.180  29.069 239.5 26.565     2544     1266     2560     1295     16     29      2540      1290      2553      1264      2563      1269      2550      1295      2519      1241      2585      1320 PARcau 9.909344e-11 1.000000
    94   1       2175        582  9.849  22.361 152.0 63.435     2165      577     2187      590     22     13      2163       583      2183       573      2187       582      2167       592      2140       552      2212       615 PARcau 1.803594e-10 1.000000
    95   2        492        477 10.000  19.000 137.5 90.000      488      468      499      488     11     20       488       468       498       468       498       487       488       487       463       443       524       513 PARcau 1.458970e-09 1.000000
    95   3       1865        412  8.062  18.111 105.0  8.130     1857      408     1876      418     19     10      1857       407      1875       409      1874       417      1856       415      1832       383      1901       443 PARcau 8.621133e-08 1.000000
    95   0       2554       1274 10.770  29.547 236.5 23.962     2546     1261     2563     1288     17     27      2543      1285      2555      1258      2565      1262      2553      1289      2521      1236      2588      1313 PARcau 1.347554e-13 1.000000
    95   1       2182        581  9.179  20.573 148.5 63.435     2173      575     2193      588     20     13      2171       581      2189       572      2194       580      2175       589      2148       550      2218       613 PARcau 2.700087e-08 1.000000
    96   3       1864        411  7.566  19.320  82.0  9.462     1856      408     1876      418     20     10      1856       407      1875       410      1874       418      1855       414      1831       383      1901       443 PARcau 6.537774e-06 0.999993
    96   0       2557       1267 10.817  30.529 238.0 30.964     2549     1254     2567     1282     18     28      2545      1277      2561      1251      2570      1257      2554      1283      2524      1229      2592      1307 PARcau 2.158914e-12 1.000000
    96   2        490        472  9.962  24.192 173.5 71.565      485      461      498      485     13     24       482       462       491       459       499       482       489       485       460       436       523       510 PARcau 5.162737e-10 1.000000
    96   1       2189        579  8.944  20.125 143.5 63.435     2180      573     2200      586     20     13      2178       579      2196       570      2200       578      2182       587      2155       548      2225       611 PARcau 7.010067e-07 0.999999
    97   3       1862        411  8.000  14.000  63.0 90.000     1856      408     1871      417     15      9      1856       408      1870       408      1870       416      1856       416      1831       383      1896       442 PARcau 4.868874e-07 1.000000
    97   0       2561       1261 10.296  30.017 237.0 29.745     2552     1248     2571     1276     19     28      2549      1272      2564      1246      2573      1251      2558      1277      2527      1223      2596      1301 PARcau 1.422698e-10 1.000000
    97   1       2195        577 10.296  20.125 143.0 63.435     2187      571     2206      584     19     13      2184       577      2202       568      2207       577      2189       586      2162       546      2231       609 PARcau 2.363629e-09 1.000000
    97   2        488        466 10.062  25.045 184.0 63.435      482      455      496      479     14     24       487       452       498       475       489       479       478       457       457       430       521       504 PARcau 2.939706e-12 1.000000
    98   3       1861        411  7.762  10.595  33.0 15.945     1857      408     1869      417     12      9      1857       406      1867       410      1865       417      1855       414      1832       383      1894       442 PARcau 1.318515e-06 0.999999
    98   1       2201        574  9.618  19.455 133.0 63.435     2193      568     2211      582     18     14      2190       574      2208       566      2212       574      2195       583      2168       543      2236       607 PARcau 1.016604e-08 1.000000
    98   0       2565       1255 10.548  30.451 238.5 30.964     2556     1242     2575     1269     19     27      2553      1265      2568      1239      2577      1244      2562      1271      2531      1217      2600      1294 PARcau 6.140497e-14 1.000000
    98   2        485        459  9.657  24.233 171.5 68.199      479      449      493      472     14     23       485       446       494       469       485       472       476       450       454       424       518       497 PARcau 1.858806e-11 1.000000
    99   1       2206        571  9.434  19.723 133.5 59.036     2197      565     2216      579     19     14      2195       572      2212       562      2217       570      2200       580      2172       540      2241       604 PARcau 3.234756e-12 1.000000
    99   0       2569       1248 10.124  29.538 235.0 33.690     2560     1236     2580     1262     20     26      2557      1257      2573      1233      2582      1238      2565      1263      2535      1211      2605      1287 PARcau 1.092151e-16 1.000000
    99   2        481        452  9.862  26.177 184.0 60.255      475      441      490      465     15     24       479       438       492       461       483       466       471       443       450       416       515       490 PARcau 3.376611e-09 1.000000
   100   1       2211        567  8.485  18.385 124.0 45.000     2203      561     2220      575     17     14      2202       571      2215       558      2221       564      2208       577      2178       536      2245       600 PARcau 5.105758e-07 1.000000
   100   0       2573       1242 10.404  29.954 249.5 33.690     2564     1230     2585     1256     21     26      2561      1252      2577      1227      2586      1233      2569      1258      2539      1205      2610      1281 PARcau 7.345191e-14 1.000000
   100   2        478        444 10.062  26.387 189.0 63.435      471      433      487      457     16     24       476       430       488       454       479       458       467       435       446       408       512       482 PARcau 5.838933e-10 1.000000
   101   1       2215        562  9.899  19.799 136.5 45.000     2208      555     2224      571     16     16      2205       566      2219       552      2226       559      2212       573      2183       530      2249       596 PARcau 1.287841e-08 1.000000
   101   0       2578       1236 10.000  30.610 246.5 38.660     2568     1224     2590     1250     22     26      2565      1245      2584      1221      2592      1227      2573      1251      2543      1199      2615      1275 PARcau 1.451171e-17 1.000000
   101   2        474        437  9.849  26.833 193.5 63.435      468      425      483      450     15     25       473       423       485       447       476       451       464       427       443       400       508       475 PARcau 8.110146e-13 1.000000
   102   1       2220        558  9.899  20.518 146.5 45.000     2213      550     2229      567     16     17      2210       562      2224       547      2231       554      2217       569      2188       525      2254       592 PARcau 6.009793e-11 1.000000
   102   0       2583       1229 10.630  31.241 254.5 40.601     2573     1217     2596     1243     23     26      2569      1238      2589      1214      2597      1221      2577      1245      2548      1192      2621      1268 PARcau 1.190629e-13 1.000000
   102   2        471        429  9.394  26.196 186.5 66.038      464      417      480      442     16     25       470       415       480       439       472       443       461       419       439       392       505       467 PARcau 3.180515e-12 1.000000
   103   1       2225        552  8.485  21.213 154.5 45.000     2217      544     2235      562     18     18      2215       557      2230       542      2236       548      2221       563      2192       519      2260       587 PARcau 9.900001e-13 1.000000
   103   0       2589       1223 10.607  30.406 249.0 45.000     2579     1212     2602     1237     23     25      2575      1230      2597      1209      2604      1216      2583      1238      2554      1187      2627      1262 PARcau 1.722986e-17 1.000000
   103   2        467        421 10.512  26.163 199.0 63.435      461      409      476      434     15     25       466       407       478       431       468       435       457       412       436       384       501       459 PARcau 7.317905e-11 1.000000
   104   1       2231        547  9.192  21.920 157.0 45.000     2223      539     2240      557     17     18      2220       552      2235       536      2242       543      2226       558      2198       514      2265       582 PARcau 5.019695e-11 1.000000
   104   0       2596       1217  9.899  30.414 246.0 45.000     2585     1206     2609     1230     24     24      2582      1225      2603      1203      2610      1210      2589      1232      2560      1181      2634      1255 PARcau 6.770531e-13 1.000000
   105   1       2237        542  8.485  22.627 159.5 45.000     2228      534     2247      551     19     17      2226       547      2242       531      2248       537      2232       553      2203       509      2272       576 PARcau 2.666682e-15 1.000000
   105   0       2603       1211  9.899  29.698 252.5 45.000     2592     1201     2616     1224     24     23      2589      1218      2610      1197      2617      1204      2596      1225      2567      1176      2641      1249 PARcau 3.375404e-14 1.000000
   106   1       2243        537  9.708  23.200 167.0 53.130     2234      529     2253      546     19     17      2231       540      2249       526      2255       534      2236       548      2209       504      2278       571 PARcau 1.080179e-13 1.000000
   106   0       2610       1205 10.700  30.700 253.5 53.130     2599     1195     2624     1218     25     23      2595      1210      2620      1192      2626      1200      2602      1219      2574      1170      2649      1243 PARcau 5.601637e-11 1.000000
   107   1       2249        533  9.605  23.114 164.0 51.340     2240      525     2260      542     20     17      2237       536      2255       521      2261       529      2243       543      2215       500      2285       567 PARcau 2.290442e-11 1.000000
   107   0       2617       1200  9.899  30.414 245.5 45.000     2606     1189     2631     1212     25     23      2604      1207      2625      1185      2632      1192      2611      1214      2581      1164      2656      1237 PARcau 2.290015e-14 1.000000
   108   1       2256        529 10.000  23.854 172.0 56.310     2246      521     2267      538     21     17      2243       531      2263       518      2269       526      2249       539      2221       496      2292       563 PARcau 5.135597e-15 1.000000
   108   0       2625       1193  9.899  31.113 252.0 45.000     2613     1183     2639     1206     26     23      2611      1201      2633      1179      2640      1186      2618      1208      2588      1158      2664      1231 PARcau 6.921270e-18 1.000000
   109   1       2255        530 10.062  22.809 171.0 63.435     2245      524     2267      539     22     15      2242       531      2263       521      2267       530      2247       540      2220       499      2292       564 PARcau 4.307048e-11 1.000000
   109   0       2633       1187  9.899  31.113 246.5 45.000     2622     1176     2647     1199     25     23      2619      1194      2641      1172      2648      1179      2626      1201      2597      1151      2672      1224 PARcau 5.127152e-18 1.000000
   110   1       2252        534 10.000  21.000 165.5 90.000     2242      530     2264      541     22     11      2242       530      2263       530      2263       540      2242       540      2217       505      2289       566 PARcau 4.990587e-05 0.999950
   110   0       2640       1180  9.899  31.113 248.0 45.000     2629     1168     2653     1192     24     24      2626      1187      2648      1165      2655      1172      2633      1194      2604      1143      2678      1217 PARcau 5.866149e-17 1.000000
   111   1       2254        537 10.296  22.847 170.5 23.199     2244      531     2266      545     22     14      2246       528      2267       537      2262       546      2241       537      2219       506      2291       570 PARcau 3.022394e-05 0.999970
   111   0       2647       1172  9.899  30.414 242.5 45.000     2637     1160     2660     1185     23     25      2634      1180      2655      1158      2662      1165      2641      1187      2612      1135      2685      1210 PARcau 3.258915e-12 1.000000
   112   1       2258        540  9.862  23.479 176.5 26.565     2248      533     2270      549     22     16      2250       531      2271       541      2266       550      2245       539      2223       508      2295       574 PARcau 6.960000e-12 1.000000
   112   0       2653       1164 10.700  30.700 248.5 36.870     2643     1152     2665     1178     22     26      2640      1173      2659      1149      2667      1155      2649      1180      2618      1127      2690      1203 PARcau 2.921014e-13 1.000000
   113   1       2263        544  9.605  24.520 169.0 39.806     2253      536     2274      554     21     18      2256       532      2275       548      2269       555      2250       540      2228       511      2299       579 PARcau 1.340630e-09 1.000000
   113   0       2659       1156 10.817  31.064 248.5 33.690     2649     1144     2670     1170     21     26      2646      1166      2663      1140      2672      1146      2655      1172      2624      1119      2695      1195 PARcau 1.188311e-12 1.000000
   114   0       2664       1148 11.102  30.401 252.5 36.870     2655     1135     2675     1162     20     27      2651      1157      2669      1132      2678      1139      2660      1163      2630      1110      2700      1187 PARcau 6.992653e-12 1.000000
   114   1       2268        549  9.899  22.627 174.0 45.000     2259      541     2278      560     19     19      2263       538      2279       554      2272       561      2256       545      2234       516      2303       585 PARcau 1.268029e-10 1.000000
   115   1       2272        555  9.220  24.042 171.5 45.000     2264      546     2282      566     18     20      2267       543      2284       560      2278       567      2261       550      2239       521      2307       591 PARcau 8.949551e-10 1.000000
   115   0       2670       1139 10.700  30.700 248.0 36.870     2661     1127     2681     1153     20     26      2656      1148      2675      1124      2683      1130      2665      1155      2636      1102      2706      1178 PARcau 1.896704e-15 1.000000
   116   1       2276        559  9.899  24.042 181.5 45.000     2268      549     2286      571     18     22      2271       547      2288       564      2281       571      2264       554      2243       524      2311       596 PARcau 2.174763e-12 1.000000
   116   0       2675       1131 11.102  31.213 253.5 35.538     2666     1119     2687     1146     21     27      2662      1141      2680      1115      2689      1122      2671      1147      2641      1094      2712      1171 PARcau 7.915269e-16 1.000000
   117   1       2280        564  8.902  23.817 170.0 51.340     2273      554     2290      575     17     21      2276       552      2291       570      2284       576      2269       557      2248       529      2315       600 PARcau 1.346108e-09 1.000000
   117   0       2682       1124 11.314  29.698 247.5 45.000     2672     1112     2694     1137     22     25      2668      1130      2689      1109      2697      1117      2676      1138      2647      1087      2719      1162 PARcau 2.211288e-15 1.000000
   118   1       2284        569  9.301  24.300 170.5 53.130     2277      559     2293      580     16     21      2280       556      2295       576      2287       581      2273       562      2252       534      2318       605 PARcau 8.172586e-13 1.000000
   118   0       2688       1117  9.899  29.698 245.0 45.000     2678     1106     2701     1130     23     24      2675      1124      2696      1103      2703      1110      2682      1131      2653      1081      2726      1155 PARcau 1.820174e-11 1.000000
   119   1       2287        574  9.014  24.130 165.5 56.310     2280      564     2296      586     16     22      2284       561      2297       581      2290       586      2276       566      2255       539      2321       611 PARcau 2.483041e-13 1.000000
   119   0       2695       1112 10.607  28.991 248.0 45.000     2684     1102     2708     1124     24     22      2681      1119      2701      1098      2709      1106      2688      1126      2659      1077      2733      1149 PARcau 9.781229e-13 1.000000
   119   4       2218        782  6.000  10.000  42.0 90.000     2213      780     2224      787     11      7      2213       780      2223       780      2223       786      2213       786      2188       755      2249       812 PARcau 1.345633e-05 0.999987
   120   0       2700       1109 11.402  29.833 250.5 51.340     2688     1099     2714     1121     26     22      2685      1114      2708      1095      2715      1104      2692      1123      2663      1074      2739      1146 PARcau 1.238530e-13 1.000000
   120   1       2290        579  8.944  23.259 158.5 63.435     2284      569     2298      591     14     22      2289       567      2299       588      2291       592      2281       571      2259       544      2323       616 PARcau 3.884448e-12 1.000000
   121   0       2706       1106 10.817  29.682 240.5 56.310     2694     1097     2721     1117     27     20      2691      1109      2716      1093      2722      1102      2697      1118      2669      1072      2746      1142 PARcau 8.098934e-14 1.000000
   121   1       2292        584  8.944  21.024 152.5 63.435     2287      575     2300      596     13     21      2292       573      2301       592      2293       596      2284       577      2262       550      2325       621 PARcau 1.224215e-10 1.000000
   122   4       2219        783  7.000  11.000  42.5 90.000     2213      780     2225      788     12      8      2213       780      2224       780      2224       787      2213       787      2188       755      2250       813 PARcau 6.847242e-04 0.999315
   122   1       2294        589  9.014  22.299 152.0 69.444     2289      579     2301      601     12     22      2286       580      2295       577      2302       598      2294       601      2264       554      2326       626 PARcau 2.796192e-09 1.000000
   122   0       2714       1102 10.817  30.232 245.5 56.310     2702     1093     2728     1113     26     20      2698      1106      2723      1089      2729      1098      2704      1115      2677      1068      2753      1138 PARcau 2.169358e-11 1.000000
   123   4       2219        783  5.831   9.849  34.5 26.565     2214      780     2225      788     11      8      2216       778      2225       782      2222       787      2213       783      2189       755      2250       813 PARcau 1.106143e-08 1.000000
   123   0       2721       1097 11.715  30.104 251.5 48.814     2709     1088     2736     1108     27     20      2707      1102      2729      1082      2737      1091      2714      1111      2684      1063      2761      1133 PARcau 1.239699e-11 1.000000
   123   1       2295        595  8.732  22.677 145.0 75.964     2291      585     2302      607     11     22      2288       585      2297       583      2302       605      2294       607      2266       560      2327       632 PARcau 1.585469e-08 1.000000
   124   4       2219        783  6.708   8.944  28.0 26.565     2215      780     2225      788     10      8      2216       778      2224       782      2221       788      2213       784      2190       755      2250       813 PARcau 6.689901e-07 0.999999
   124   0       2729       1092 10.000  30.610 259.0 51.340     2716     1081     2743     1104     27     23      2714      1097      2738      1078      2744      1086      2720      1105      2691      1056      2768      1129 PARcau 1.247057e-13 1.000000
   124   1       2296        602  9.055  22.361 138.5 80.538     2292      591     2302      614     10     23      2290       591      2299       590      2303       612      2294       613      2267       566      2327       639 PARcau 7.686303e-05 0.999923
   125   1       2297        608  8.000  22.000 146.5 90.000     2293      598     2302      621      9     23      2293       598      2301       598      2301       620      2293       620      2268       573      2327       646 PARcau 8.255961e-07 0.999999
   125   0       2736       1085 11.314  29.698 245.5 45.000     2725     1075     2750     1097     25     22      2722      1092      2743      1071      2751      1079      2730      1100      2700      1050      2775      1122 PARcau 9.134317e-18 1.000000
   126   0       2742       1080  9.899  29.000 239.5 45.000     2731     1069     2754     1092     23     23      2729      1087      2749      1066      2756      1073      2736      1094      2706      1044      2779      1117 PARcau 2.663529e-16 1.000000
   126   1       2296        616  8.000  22.000 146.5 90.000     2293      605     2302      628      9     23      2293       605      2301       605      2301       627      2293       627      2268       580      2327       653 PARcau 2.781280e-05 0.999972
   127   0       2744       1076 10.630  29.069 239.5 40.601     2734     1064     2755     1089     21     25      2731      1083      2750      1061      2758      1068      2739      1090      2709      1039      2780      1114 PARcau 1.895303e-13 1.000000
   127   1       2296        623  8.000  23.000 148.5 90.000     2292      612     2301      636      9     24      2292       612      2300       612      2300       635      2292       635      2267       587      2326       661 PARcau 1.408234e-05 0.999986
   128   0       2744       1074 10.817  29.411 246.5 33.690     2734     1061     2754     1088     20     27      2731      1083      2748      1059      2757      1065      2740      1089      2709      1036      2779      1113 PARcau 4.045972e-12 1.000000
   128   1       2295        630  8.000  23.000 149.5 90.000     2291      619     2300      643      9     24      2291       619      2299       619      2299       642      2291       642      2266       594      2325       668 PARcau 1.543078e-05 0.999985
   129   0       2742       1073 11.180  28.178 234.5 26.565     2734     1060     2751     1087     17     27      2731      1083      2744      1058      2754      1063      2741      1088      2709      1035      2776      1112 PARcau 8.869198e-12 1.000000
   129   1       2293        638  8.000  23.000 151.0 90.000     2290      627     2299      651      9     24      2290       627      2298       627      2298       650      2290       650      2265       602      2324       676 PARcau 6.105553e-06 0.999994
   130   0       2741       1070 11.630  27.060 228.5 26.565     2734     1058     2750     1084     16     26      2730      1080      2743      1056      2753      1061      2741      1085      2709      1033      2775      1109 PARcau 1.561043e-08 1.000000
   130   1       2292        645  9.000  23.000 156.5  0.000     2288      634     2298      658     10     24      2288       634      2297       634      2297       657      2288       657      2263       609      2323       683 PARcau 1.680716e-05 0.999983
   131   0       2741       1069 13.000  22.000 204.5 90.000     2735     1058     2749     1081     14     23      2735      1058      2748      1058      2748      1080      2735      1080      2710      1033      2774      1106 PARcau 5.043944e-06 0.999995
   131   1       2291        654  9.055  24.187 152.0  7.125     2287      642     2297      667     10     25      2288       641      2297       642      2294       666      2285       665      2262       617      2322       692 PARcau 9.953494e-08 1.000000
   132   0       2741       1071 12.728  19.799 173.5 45.000     2734     1062     2749     1081     15     19      2730      1074      2744      1060      2753      1069      2739      1083      2709      1037      2774      1106 PARcau 1.165834e-04 0.999883
   132   1       2289        662  8.000  23.000 153.5 90.000     2286      651     2295      675      9     24      2286       651      2294       651      2294       674      2286       674      2261       626      2320       700 PARcau 1.751087e-05 0.999982
   133   0       2741       1074 13.000  15.000 138.0 90.000     2733     1068     2749     1082     16     14      2733      1068      2748      1068      2748      1081      2733      1081      2708      1043      2774      1107 PARcau 2.213639e-01 0.778636
   133   1       2289        670  8.000  24.000 162.0  0.000     2285      658     2294      683      9     25      2285       658      2293       658      2293       682      2285       682      2260       633      2319       708 PARcau 3.345021e-06 0.999997
   134   0       2741       1077 11.402  19.416 150.0 54.462     2733     1071     2750     1086     17     15      2740      1066      2751      1082      2742      1089      2731      1073      2708      1046      2775      1111 PARcau 3.440055e-04 0.999656
   134   1       2288        678  8.000  25.000 158.5  0.000     2285      666     2294      692      9     26      2285       666      2293       666      2293       691      2285       691      2260       641      2319       717 PARcau 6.829406e-06 0.999993
   135   0       2742       1081 10.977  23.505 167.5 60.945     2733     1072     2751     1092     18     20      2741      1068      2752      1088      2743      1094      2731      1073      2708      1047      2776      1117 PARcau 9.673954e-07 0.999999
   135   1       2288        687  8.000  24.000 156.0 90.000     2285      676     2294      701      9     25      2285       676      2293       676      2293       700      2285       700      2260       651      2319       726 PARcau 1.531299e-04 0.999847
   136   0       2743       1085 10.548  26.500 183.0 57.995     2734     1073     2752     1097     18     24      2739      1070      2753      1093      2744      1098      2730      1076      2709      1048      2777      1122 PARcau 7.233635e-13 1.000000
   136   1       2289        696  8.000  25.000 158.5  0.000     2286      684     2295      710      9     26      2286       684      2294       684      2294       709      2286       709      2261       659      2320       735 PARcau 1.095868e-05 0.999989
   136   5       5039       2049 10.124  18.722 141.5 33.690     5033     2041     5046     2060     13     19      5029      2054      5040      2039      5048      2044      5038      2060      5008      2016      5071      2085 PARcau 2.729535e-07 1.000000
   137   5       5035       2059 10.124  19.609 142.5 18.435     5030     2051     5042     2070     12     19      5033      2048      5043      2052      5036      2070      5027      2067      5005      2026      5067      2095 PARcau 1.938031e-08 1.000000
   137   0       2744       1090  9.862  26.669 168.0 59.036     2736     1076     2752     1101     16     25      2740      1074      2754      1097      2745      1102      2732      1079      2711      1051      2777      1126 PARcau 3.148591e-12 1.000000
   137   1       2290        705  8.000  24.000 155.5  0.000     2287      693     2296      718      9     25      2287       693      2295       693      2295       717      2287       717      2262       668      2321       743 PARcau 1.131923e-08 1.000000
   138   0       2743       1092 10.296  22.825 163.0 60.255     2735     1082     2752     1103     17     21      2742      1079      2753      1099      2744      1104      2733      1084      2710      1057      2777      1128 PARcau 2.374962e-10 1.000000
   138   1       2292        713  9.000  24.000 160.0 90.000     2288      702     2298      727     10     25      2288       702      2297       702      2297       726      2288       726      2263       677      2323       752 PARcau 9.127692e-08 1.000000
   138   5       5032       2069 10.112  18.742 143.0  9.462     5027     2061     5039     2080     12     19      5028      2059      5038      2061      5035      2079      5025      2078      5002      2036      5064      2105 PARcau 9.570075e-06 0.999990
   139   0       2742       1094 10.770  23.409 176.0 69.444     2736     1082     2751     1105     15     23      2733      1084      2743      1080      2751      1102      2741      1106      2711      1057      2776      1130 PARcau 4.462768e-07 1.000000
   139   1       2294        722  8.631  23.927 155.0 78.690     2290      711     2300      735     10     24      2288       711      2296       710      2301       733      2292       735      2265       686      2325       760 PARcau 5.308228e-07 1.000000
   139   5       5030       2079 10.000  18.000 138.5 90.000     5025     2071     5036     2090     11     19      5025      2071      5035      2071      5035      2089      5025      2089      5000      2046      5061      2115 PARcau 4.250550e-06 0.999996
   140   0       2743       1097 12.000  19.000 169.5 90.000     2737     1088     2750     1108     13     20      2737      1088      2749      1088      2749      1107      2737      1107      2712      1063      2775      1133 PARcau 5.742716e-03 0.994257
   140   1       2297        731  9.055  23.195 157.0 81.870     2293      720     2303      744     10     24      2291       720      2300       719      2303       742      2294       743      2268       695      2328       769 PARcau 1.617855e-09 1.000000
   140   5       5028       2090 10.112  19.729 144.5  9.462     5023     2081     5035     2101     12     20      5024      2079      5034      2081      5031      2100      5021      2099      4998      2056      5060      2126 PARcau 4.411299e-06 0.999996
   141   0       2743       1101 11.885  17.586 153.5 75.964     2737     1093     2750     1111     13     18      2735      1094      2747      1091      2751      1108      2740      1111      2712      1068      2775      1136 PARcau 3.287220e-02 0.967128
   141   1       2300        740  8.860  24.135 163.0 75.964     2295      729     2306      753     11     24      2293       730      2301       727      2307       751      2298       753      2270       704      2331       778 PARcau 3.869941e-11 1.000000
   141   5       5026       2100  9.055  19.235 139.0  8.130     5022     2091     5033     2111     11     20      5023      2090      5032      2091      5029      2110      5020      2109      4997      2066      5058      2136 PARcau 9.192718e-06 0.999991
   142   0       2744       1104 11.281  16.978 142.0 78.690     2738     1096     2751     1113     13     17      2736      1097      2747      1094      2751      1111      2740      1113      2713      1071      2776      1138 PARcau 7.393772e-02 0.926062
   142   1       2302        748  8.631  23.927 158.0 78.690     2298      737     2309      761     11     24      2296       737      2304       736      2309       759      2300       761      2273       712      2334       786 PARcau 7.547440e-10 1.000000
   142   5       5024       2110 10.000  18.000 134.5 90.000     5019     2102     5030     2121     11     19      5019      2102      5029      2102      5029      2120      5019      2120      4994      2077      5055      2146 PARcau 3.907134e-08 1.000000
   143   0       2744       1106 12.000  14.000 127.5 90.000     2739     1100     2752     1115     13     15      2739      1100      2751      1100      2751      1114      2739      1114      2714      1075      2777      1140 PARcau 5.756947e-01 0.424305
   143   1       2305        757  9.055  22.204 153.0 81.870     2301      746     2312      769     11     23      2299       746      2308       745      2311       767      2302       768      2276       721      2337       794 PARcau 1.843981e-07 1.000000
   143   5       5021       2120  9.487  18.974 128.0 18.435     5017     2112     5028     2131     11     19      5020      2110      5029      2113      5023      2131      5014      2128      4992      2087      5053      2156 PARcau 1.204608e-06 0.999999
   144   0       2745       1107 11.314  12.728 111.5 45.000     2740     1101     2752     1116     12     15      2745      1099      2754      1108      2746      1116      2737      1107      2715      1076      2777      1141 PARcau 8.678590e-01 0.132141
   144   1       2307        765  9.708  24.418 163.0 78.690     2303      754     2314      778     11     24      2300       754      2310       752      2314       776      2305       778      2278       729      2339       803 PARcau 7.802610e-08 1.000000
   144   5       5018       2131  8.860  19.609 132.5 18.435     5013     2122     5025     2141     12     19      5017      2120      5025      2123      5019      2141      5010      2139      4988      2097      5050      2166 PARcau 1.355114e-07 1.000000
   145   0       2746       1109 10.630  12.728 110.5 45.000     2741     1103     2754     1116     13     13      2746      1101      2755      1110      2747      1117      2738      1108      2716      1078      2779      1141 PARcau 4.774510e-01 0.522549
   145   1       2309        773  8.559  22.456 148.5 78.690     2305      763     2315      786     10     23      2303       763      2311       762      2316       784      2307       785      2280       738      2340       811 PARcau 2.070730e-08 1.000000
   145   5       5014       2141  9.618  19.455 138.5 26.565     5008     2133     5021     2151     13     18      5014      2130      5022      2134      5014      2152      5005      2147      4983      2108      5046      2176 PARcau 3.493376e-05 0.999965
   146   0       2748       1109 11.000  12.000 106.0 90.000     2743     1104     2756     1116     13     12      2743      1104      2755      1104      2755      1115      2743      1115      2718      1079      2781      1141 PARcau 2.868114e-01 0.713189
   146   1       2310        782  8.000  23.000 145.5 90.000     2307      771     2316      795      9     24      2307       771      2315       771      2315       794      2307       794      2282       746      2341       820 PARcau 9.489231e-07 0.999999
   146   5       5010       2150  8.944  20.125 141.0 26.565     5004     2142     5018     2160     14     18      5001      2157      5010      2139      5018      2143      5009      2161      4979      2117      5043      2185 PARcau 1.355420e-07 1.000000
   147   0       2751       1109 11.000  13.000 112.0  0.000     2745     1104     2759     1116     14     12      2745      1104      2758      1104      2758      1115      2745      1115      2720      1079      2784      1141 PARcau 5.787187e-01 0.421281
   147   1       2310        792  8.000  22.000 145.0 90.000     2307      781     2316      804      9     23      2307       781      2315       781      2315       803      2307       803      2282       756      2341       829 PARcau 7.354951e-06 0.999993
   147   5       5005       2159 10.062  19.242 140.5 26.565     4999     2152     5013     2170     14     18      5004      2149      5013      2153      5005      2171      4996      2166      4974      2127      5038      2195 PARcau 6.384199e-08 1.000000
   148   0       2754       1109 12.000  18.000 153.5 90.000     2746     1104     2765     1117     19     13      2746      1104      2764      1104      2764      1116      2746      1116      2721      1079      2790      1142 PARcau 1.028669e-01 0.897133
   148   1       2310        800  8.000  23.000 152.0 90.000     2307      789     2316      813      9     24      2307       789      2315       789      2315       812      2307       812      2282       764      2341       838 PARcau 5.243106e-05 0.999948
   148   5       5000       2169  9.394  19.906 139.5 26.565     4995     2161     5008     2179     13     18      5000      2158      5009      2162      5000      2180      4992      2176      4970      2136      5033      2204 PARcau 8.676986e-09 1.000000
   149   0       2758       1111 12.258  23.049 202.5 11.310     2748     1104     2771     1118     23     14      2748      1102      2771      1107      2768      1119      2746      1114      2723      1079      2796      1143 PARcau 1.563563e-04 0.999844
   149   1       2309        809  8.000  23.000 153.0 90.000     2306      798     2315      822      9     24      2306       798      2314       798      2314       821      2306       821      2281       773      2340       847 PARcau 3.658835e-06 0.999996
   149   5       4996       2178  9.394  19.007 135.0 26.565     4991     2170     5004     2189     13     19      4996      2168      5004      2172      4996      2189      4987      2185      4966      2145      5029      2214 PARcau 7.544439e-08 1.000000