 Frame  ID  CentroidX  CentroidY  Width  Length  Area  Angle  Box_TLX  Box_TLY  Box_BRX  Box_BRY  Box_W  Box_H  rBox_TLX  rBox_TLY  rBox_TRX  rBox_TRY  rBox_BRX  rBox_BRY  rBox_BLX  rBox_BLY  lBox_TLX  lBox_TLY  lBox_BRX  lBox_BRY  Label       NONpro   PARcau
    46   0       1086       1689  7.000  10.000  51.5 90.000     1083     1685     1091     1696      8     11      1083      1685      1090      1685      1090      1695      1083      1695      1058      1660      1116      1721 PARcau 1.340968e-08 1.000000
    47   0       1086       1689  9.000  11.000  69.5 90.000     1082     1684     1092     1696     10     12      1082      1684      1091      1684      1091      1695      1082      1695      1057      1659      1117      1721 PARcau 5.610980e-12 1.000000
    48   0       1086       1688  9.000  12.000  75.5 90.000     1082     1683     1092     1696     10     13      1082      1683      1091      1683      1091      1695      1082      1695      1057      1658      1117      1721 PARcau 7.918944e-11 1.000000
    49   0       1086       1688  9.000  12.000  72.5 90.000     1082     1683     1092     1696     10     13      1082      1683      1091      1683      1091      1695      1082      1695      1057      1658      1117      1721 PARcau 1.606869e-10 1.000000
    50   0       1086       1688  9.000  11.000  66.0 90.000     1082     1683     1092     1695     10     12      1082      1683      1091      1683      1091      1694      1082      1694      1057      1658      1117      1720 PARcau 4.130311e-14 1.000000
    51   0       1086       1687  8.000  11.000  56.0 90.000     1082     1683     1091     1695      9     12      1082      1683      1090      1683      1090      1694      1082      1694      1057      1658      1116      1720 PARcau 1.103516e-11 1.000000
    52   0       1085       1686  6.964   7.906  34.0 18.435     1082     1683     1090     1693      8     10      1084      1682      1090      1684      1088      1692      1081      1689      1057      1658      1115      1718 PARcau 1.710451e-10 1.000000
    80   0       1079       1677  6.000  12.000  43.0 90.000     1077     1673     1084     1686      7     13      1077      1673      1083      1673      1083      1685      1077      1685      1052      1648      1109      1711 PARcau 6.056085e-11 1.000000
    81   0       1079       1676  6.000  10.000  47.5 90.000     1077     1672     1084     1683      7     11      1077      1672      1083      1672      1083      1682      1077      1682      1052      1647      1109      1708 PARcau 6.952377e-14 1.000000
    82   0       1079       1675  6.000   9.000  42.5 90.000     1077     1672     1084     1682      7     10      1077      1672      1083      1672      1083      1681      1077      1681      1052      1647      1109      1707 PARcau 3.112822e-13 1.000000
    83   0       1083       1677  7.810  19.799  73.0 45.000     1076     1671     1093     1686     17     15      1079      1669      1093      1683      1088      1689      1074      1675      1051      1646      1118      1711 PARcau 2.926925e-10 1.000000
    84   0       1083       1677  8.485  20.518  84.0 48.013     1076     1669     1093     1686     17     17      1079      1668      1093      1683      1087      1689      1073      1674      1051      1644      1118      1711 PARcau 4.184559e-13 1.000000
    85   0       1082       1675  8.485  21.213  91.5 45.000     1076     1668     1093     1685     17     17      1078      1667      1093      1682      1087      1688      1072      1673      1051      1643      1118      1710 PARcau 4.269604e-11 1.000000
    86   0       1079       1672  7.071  22.672  81.5 48.814     1073     1666     1092     1683     19     17      1076      1664      1091      1681      1086      1686      1071      1669      1048      1641      1117      1708 PARcau 8.741855e-13 1.000000
    86   1        393       2135  6.364  16.263  82.5 45.000      387     2129      401     2142     14     13       385      2138       397      2127       401      2131       390      2143       362      2104       426      2167 PARcau 1.130005e-09 1.000000
    87   0       1078       1670  8.485  21.213  92.5 45.000     1073     1664     1089     1681     16     17      1076      1662      1091      1677      1085      1683      1070      1668      1048      1639      1114      1706 PARcau 5.092691e-10 1.000000
    87   1        399       2128  6.403  14.142  67.5 45.000      394     2124      406     2135     12     11       392      2131       402      2121       406      2126       396      2136       369      2099       431      2160 PARcau 7.963115e-10 1.000000
    88   0       1077       1668 10.062  20.156 101.0 61.390     1072     1661     1088     1678     16     17      1077      1659      1087      1676      1078      1681      1068      1663      1047      1636      1113      1703 PARcau 7.446672e-14 1.000000
    88   1        405       2122  6.364  16.263  85.0 45.000      399     2117      413     2130     14     13       397      2126       409      2115       413      2119       402      2131       374      2092       438      2155 PARcau 4.052386e-10 1.000000
    89   0       1076       1666  9.849  17.889 113.5 63.435     1070     1659     1085     1675     15     16      1067      1661      1076      1657      1084      1673      1075      1677      1045      1634      1110      1700 PARcau 7.150637e-11 1.000000
    89   1        411       2117  6.364  14.849  74.0 45.000      406     2112      418     2124     12     12       404      2120       414      2109       419      2114       408      2124       381      2087       443      2149 PARcau 1.626509e-09 1.000000
    90   0       1074       1665  9.394  16.771 117.0 63.435     1069     1658     1083     1674     14     16      1066      1660      1075      1656      1082      1671      1074      1675      1044      1633      1108      1699 PARcau 1.789381e-10 1.000000
    90   1        417       2111  7.071  14.142  62.0 45.000      412     2107      424     2118     12     11       410      2114       420      2104       425      2109       415      2119       387      2082       449      2143 PARcau 2.291878e-09 1.000000
    91   0       1074       1665  9.618  18.561 126.5 63.435     1069     1657     1082     1676     13     19      1074      1655      1082      1671      1074      1676      1065      1659      1044      1632      1107      1701 PARcau 6.714705e-09 1.000000
    91   1        423       2106  6.364  12.021  53.5 45.000      419     2103      430     2112     11      9       417      2109       425      2100       430      2105       421      2113       394      2078       455      2137 PARcau 1.183143e-08 1.000000
    92   0       1073       1666  9.657  21.077 138.5 67.380     1069     1656     1082     1679     13     23      1065      1658      1074      1655      1082      1674      1073      1678      1044      1631      1107      1704 PARcau 1.403360e-07 1.000000
    92   1        430       2102  4.243  14.142  55.5 45.000      425     2097      437     2108     12     11       424      2105       434      2095       437      2098       427      2108       400      2072       462      2133 PARcau 1.462480e-10 1.000000
    93   0       1073       1667 10.595  22.611 144.0 71.565     1068     1656     1081     1680     13     24      1064      1658      1074      1655      1081      1676      1071      1680      1043      1631      1106      1705 PARcau 4.822533e-07 1.000000
    93   1        438       2096  7.071  14.866  77.5 45.000      432     2092      446     2103     14     11       430      2099       441      2089       446      2094       435      2104       407      2067       471      2128 PARcau 8.258111e-07 0.999999
    94   0       1072       1667 10.050  22.091 143.0 83.660     1068     1657     1080     1680     12     23      1067      1657      1077      1656      1079      1678      1069      1679      1043      1632      1105      1705 PARcau 1.485901e-05 0.999985
    94   1        444       2092  7.211  15.264  82.0 56.310      438     2088      453     2099     15     11       436      2093       449      2085       453      2091       440      2099       413      2063       478      2124 PARcau 5.864808e-09 1.000000
    95   0       1071       1667  9.000  23.000 141.0 90.000     1068     1655     1078     1679     10     24      1068      1655      1077      1655      1077      1678      1068      1678      1043      1630      1103      1704 PARcau 1.914902e-02 0.980851
    95   1        452       2088  6.708  15.652  80.5 63.435      445     2084      460     2095     15     11       443      2089       457      2082       460      2088       446      2095       420      2059       485      2120 PARcau 1.918586e-07 1.000000
    96   0       1071       1665 10.000  25.000 126.5 90.000     1067     1652     1078     1678     11     26      1067      1652      1077      1652      1077      1677      1067      1677      1042      1627      1103      1703 PARcau 2.286433e-04 0.999771
    96   1        458       2085  7.000  10.000  51.0 90.000      453     2082      464     2090     11      8       453      2082       463      2082       463      2089       453      2089       428      2057       489      2115 PARcau 2.261578e-08 1.000000
    97   0       1070       1663 10.000  25.000 130.0 90.000     1066     1650     1077     1676     11     26      1066      1650      1076      1650      1076      1675      1066      1675      1041      1625      1102      1701 PARcau 5.050646e-08 1.000000
    97   1        467       2080  4.472  12.530  35.5 63.435      461     2077      473     2085     12      8       460      2082       471      2076       473      2080       462      2086       436      2052       498      2110 PARcau 7.358698e-06 0.999993
    98   1        474       2077  5.408  12.777  53.0 56.310      469     2073      481     2082     12      9       467      2078       478      2071       481      2076       470      2082       444      2048       506      2107 PARcau 4.040582e-08 1.000000
    99   1        479       2074  6.946  14.841  68.0 56.310      473     2070      487     2080     14     10       472      2075       484      2067       488      2073       475      2081       448      2045       512      2105 PARcau 2.598948e-05 0.999974
   100   1        487       2070  6.801  15.532  74.0 56.310      480     2065      495     2076     15     11       478      2071       491      2063       495      2068       482      2077       455      2040       520      2101 PARcau 1.660731e-10 1.000000
   101   1        493       2066  6.021  15.305  69.0 51.340      487     2061      501     2072     14     11       485      2068       497      2059       501      2063       489      2073       462      2036       526      2097 PARcau 3.785206e-08 1.000000
   101   0       1072       1652  6.000   7.000  27.5 90.000     1070     1650     1077     1658      7      8      1070      1650      1076      1650      1076      1657      1070      1657      1045      1625      1102      1683 PARcau 5.606092e-08 1.000000
   102   1        499       2062  6.403  15.000  68.0 53.130      493     2057      507     2068     14     11       491      2064       503      2055       507      2060       495      2069       468      2032       532      2093 PARcau 4.726620e-09 1.000000
   103   1        505       2057  6.519  15.116  74.5 56.310      499     2052      513     2064     14     12       497      2058       510      2050       513      2055       501      2064       474      2027       538      2089 PARcau 1.872176e-09 1.000000
   104   1        511       2051  5.657  15.556  80.5 45.000      505     2046      519     2058     14     12       504      2055       515      2044       519      2048       508      2059       480      2021       544      2083 PARcau 2.200420e-12 1.000000
   105   1        517       2046  6.364  16.263  83.0 45.000      511     2040      524     2053     13     13       509      2049       521      2038       525      2042       514      2054       486      2015       549      2078 PARcau 2.503242e-12 1.000000
   106   1        522       2040  7.071  16.971  92.0 45.000      516     2034      530     2048     14     14       514      2044       526      2032       531      2037       519      2049       491      2009       555      2073 PARcau 5.489505e-09 1.000000
   107   1        527       2034  7.071  16.279  89.5 45.000      522     2028      535     2042     13     14       519      2037       531      2026       536      2031       524      2042       497      2003       560      2067 PARcau 1.488484e-08 1.000000
   108   1        532       2029  6.364  14.849  77.0 45.000      527     2023      539     2036     12     13       525      2032       535      2021       540      2026       529      2036       502      1998       564      2061 PARcau 7.070592e-11 1.000000
   109   1        536       2024  7.211  16.401  83.5 51.340      530     2018      544     2031     14     13       528      2026       541      2016       545      2022       532      2032       505      1993       569      2056 PARcau 7.061599e-12 1.000000
   110   1        539       2022  7.071  15.556  73.0 45.000      533     2018      547     2029     14     11       531      2026       542      2015       547      2020       536      2031       508      1993       572      2054 PARcau 7.868067e-08 1.000000
   111   1        542       2022  6.708  14.765  75.0 63.435      535     2018      550     2028     15     10       534      2023       547      2016       550      2022       537      2029       510      1993       575      2053 PARcau 2.936130e-13 1.000000
   112   1        546       2022  6.083  14.318  61.5 78.690      539     2019      554     2027     15      8       538      2020       552      2017       553      2023       539      2026       514      1994       579      2052 PARcau 6.328183e-07 0.999999
   113   1        550       2022  6.000  16.000  74.0 90.000      542     2020      559     2027     17      7       542      2020       558      2020       558      2026       542      2026       517      1995       584      2052 PARcau 6.444196e-05 0.999936
   114   1        556       2023  6.000  15.000  70.5 90.000      548     2021      564     2028     16      7       548      2021       563      2021       563      2027       548      2027       523      1996       589      2053 PARcau 6.060686e-06 0.999994
   115   1        561       2025  7.000  16.000  85.5 90.000      554     2022      571     2030     17      8       554      2022       570      2022       570      2029       554      2029       529      1997       596      2055 PARcau 1.131447e-05 0.999989
   116   1        568       2027  7.071  16.279  92.0 11.310      561     2023      578     2032     17      9       561      2022       577      2025       576      2032       560      2029       536      1998       603      2057 PARcau 8.031249e-06 0.999992
   117   1        575       2029  8.139  16.978  93.5 14.036      567     2025      585     2034     18      9       567      2023       584      2027       582      2035       566      2031       542      2000       610      2059 PARcau 8.009457e-05 0.999920
   118   1        582       2031  7.159  16.978  92.0 14.036      574     2028      591     2037     17      9       574      2026       590      2030       589      2037       572      2033       549      2003       616      2062 PARcau 2.193109e-04 0.999781
   119   1        587       2034  7.382  16.325  88.5 26.565      580     2030      597     2039     17      9       582      2027       596      2034       593      2041       578      2033       555      2005       622      2064 PARcau 5.160426e-05 0.999948
   120   1        593       2036  7.433  17.557  95.5 21.801      585     2032      603     2042     18     10       586      2030       602      2036       600      2043       583      2037       560      2007       628      2067 PARcau 1.651899e-06 0.999998
   121   1        598       2039  7.826  17.443  99.5 26.565      591     2034      608     2045     17     11       592      2031       608      2039       604      2046       589      2038       566      2009       633      2070 PARcau 1.126195e-06 0.999999
   122   1        604       2042  7.382  17.219  99.5 26.565      596     2037      613     2048     17     11       598      2035       613      2042       610      2049       594      2041       571      2012       638      2073 PARcau 1.544974e-08 1.000000
   123   1        610       2045  7.616  16.553  99.5 26.565      603     2040      619     2051     16     11       604      2038       619      2045       616      2052       601      2045       578      2015       644      2076 PARcau 4.803283e-06 0.999995
   124   1        615       2048  8.276  17.219 101.5 26.565      608     2043      624     2055     16     12       609      2040       625      2048       621      2055       606      2048       583      2018       649      2080 PARcau 3.991623e-06 0.999996
   125   1        621       2051  7.826  17.443  92.0 26.565      614     2047      630     2058     16     11       615      2044       630      2052       627      2059       611      2051       589      2022       655      2083 PARcau 1.242617e-08 1.000000
   126   1        627       2055  7.778  16.263  92.0 45.000      620     2050      636     2062     16     12       623      2047       635      2058       629      2064       618      2052       595      2025       661      2087 PARcau 1.675165e-10 1.000000
   127   1        632       2059  7.382  17.219 100.0 26.565      625     2054      641     2066     16     12       626      2052       642      2060       638      2066       623      2059       600      2029       666      2091 PARcau 8.359076e-08 1.000000
   128   1        638       2064  8.322  17.614 102.5 33.690      631     2058      647     2071     16     13       633      2055       647      2065       643      2072       628      2062       606      2033       672      2096 PARcau 4.054779e-12 1.000000
   129   1        643       2068  7.211  16.643  95.0 33.690      636     2062      652     2075     16     13       638      2060       652      2069       648      2075       634      2066       611      2037       677      2100 PARcau 1.519261e-08 1.000000
   130   1        649       2072  7.810  16.971 100.5 45.000      642     2067      658     2080     16     13       646      2064       658      2076       652      2081       640      2069       617      2042       683      2105 PARcau 1.920743e-07 1.000000
   131   1        654       2077  8.485  18.385 111.5 45.000      647     2071      663     2085     16     14       651      2068       664      2081       658      2087       645      2074       622      2046       688      2110 PARcau 2.669878e-07 1.000000
   132   1        660       2081  7.810  16.971 106.5 45.000      653     2076      668     2089     15     13       657      2073       669      2085       663      2090       651      2078       628      2051       693      2114 PARcau 2.192604e-05 0.999978
   133   1        665       2086  8.485  16.971 109.0 45.000      658     2081      673     2094     15     13       662      2077       674      2089       668      2095       656      2083       633      2056       698      2119 PARcau 1.085285e-10 1.000000
   134   1        670       2091  7.778  16.263 102.0 45.000      663     2085      678     2099     15     14       667      2083       678      2094       673      2100       661      2088       638      2060       703      2124 PARcau 2.660761e-07 1.000000
   135   1        674       2095  8.485  15.556 105.5 45.000      668     2090      682     2103     14     13       672      2087       683      2098       677      2104       666      2093       643      2065       707      2128 PARcau 1.900386e-05 0.999981
   136   1        678       2100  8.485  15.556 103.0 45.000      672     2094      686     2108     14     14       676      2091       687      2102       681      2108       670      2097       647      2069       711      2133 PARcau 8.212938e-08 1.000000
   137   1        683       2104  7.071  15.556  94.0 45.000      677     2099      691     2112     14     13       680      2096       691      2107       686      2112       675      2101       652      2074       716      2137 PARcau 1.743896e-08 1.000000
   138   1        687       2109  7.810  15.556  93.0 45.000      681     2103      695     2117     14     14       685      2101       696      2112       690      2117       679      2106       656      2078       720      2142 PARcau 1.393604e-07 1.000000
   139   1        691       2113  7.778  14.849  90.0 45.000      686     2108      699     2121     13     13       689      2105       700      2116       694      2121       684      2111       661      2083       724      2146 PARcau 1.069059e-06 0.999999
   140   1        696       2118  8.485  14.142  95.0 45.000      690     2112      704     2125     14     13       694      2110       704      2120       698      2126       688      2116       665      2087       729      2150 PARcau 3.056091e-10 1.000000
   141   1        700       2121  8.485  14.142  95.0 45.000      694     2116      708     2128     14     12       698      2113       708      2123       702      2129       692      2119       669      2091       733      2153 PARcau 2.473394e-06 0.999997
   142   1        704       2124  9.220  15.556 104.0 45.000      698     2119      712     2131     14     12       702      2116       713      2127       706      2133       695      2122       673      2094       737      2156 PARcau 1.119701e-07 1.000000
   142   0       1077       1667  6.801  11.543  40.5 71.565     1074     1662     1082     1674      8     12      1072      1662      1078      1660      1082      1671      1075      1673      1049      1637      1107      1699 PARcau 2.638108e-08 1.000000
   143   0       1079       1666  9.000  12.000  63.0 90.000     1075     1661     1085     1674     10     13      1075      1661      1084      1661      1084      1673      1075      1673      1050      1636      1110      1699 PARcau 5.585663e-08 1.000000
   143   1        708       2127  9.434  15.264 106.0 30.964      702     2122      717     2134     15     12       704      2119       717      2127       712      2135       699      2127       677      2097       742      2159 PARcau 1.202499e-03 0.998798
   144   0       1081       1665 11.000  12.000  91.5 90.000     1075     1661     1088     1673     13     12      1075      1661      1087      1661      1087      1672      1075      1672      1050      1636      1113      1698 PARcau 2.636091e-08 1.000000
   144   1        713       2129  9.192  13.435  95.0 45.000      706     2124      721     2136     15     12       711      2121       720      2131       714      2137       704      2128       681      2099       746      2161 PARcau 6.685566e-06 0.999993
   145   0       1082       1664 11.180  12.530  99.0 63.435     1075     1659     1090     1671     15     12      1074      1662      1085      1656      1090      1666      1079      1672      1050      1634      1115      1696 PARcau 1.495605e-08 1.000000
   145   1        716       2131  8.500  14.534  96.0 26.565      710     2126      725     2137     15     11       712      2124       725      2130       721      2138       708      2131       685      2101       750      2162 PARcau 2.683738e-09 1.000000
   146   0       1081       1662  9.618  11.853  86.0 63.435     1075     1658     1089     1669     14     11      1074      1661      1084      1655      1089      1664      1078      1669      1050      1633      1114      1694 PARcau 4.669242e-05 0.999953
   146   1        722       2133  8.000  15.000  92.0 90.000      715     2129      731     2138     16      9       715      2129       730      2129       730      2137       715      2137       690      2104       756      2163 PARcau 2.956845e-05 0.999970
   147   0       1081       1662  8.485   9.899  63.5 45.000     1075     1659     1087     1669     12     10      1074      1663      1081      1656      1087      1662      1080      1669      1050      1634      1112      1694 PARcau 4.222020e-06 0.999996
   147   1        728       2134  8.000  15.000  94.0 90.000      721     2131      737     2140     16      9       721      2131       736      2131       736      2139       721      2139       696      2106       762      2165 PARcau 9.210936e-06 0.999991
   148   0       1080       1663  7.810   9.220  45.5 51.340     1075     1659     1086     1669     11     10      1074      1663      1081      1657      1086      1663      1079      1669      1050      1634      1111      1694 PARcau 8.306609e-07 0.999999
   148   1        734       2136  8.631  15.700 100.5  9.462      727     2132      743     2142     16     10       727      2131       743      2133       741      2142       726      2139       702      2107       768      2167 PARcau 1.315636e-04 0.999868
   149   1        740       2138  8.631  17.847 110.5 11.310      732     2134      750     2144     18     10       732      2132       750      2135       748      2144       731      2140       707      2109       775      2169 PARcau 9.145063e-06 0.999991
   149   0       1062       1667  5.000   7.000  26.5 90.000     1060     1664     1066     1672      6      8      1060      1664      1065      1664      1065      1671      1060      1671      1035      1639      1091      1697 PARcau 1.692809e-06 0.999998