 Frame  ID  CentroidX  CentroidY  Width  Length  Area  Angle  Box_TLX  Box_TLY  Box_BRX  Box_BRY  Box_W  Box_H  rBox_TLX  rBox_TLY  rBox_TRX  rBox_TRY  rBox_BRX  rBox_BRY  rBox_BLX  rBox_BLY  lBox_TLX  lBox_TLY  lBox_BRX  lBox_BRY  Label       HOMver       NONpro   PARcau
    21   0       4063       1756 10.440  28.460 234.0 18.435     4050     1749     4078     1764     28     15      4051      1746      4078      1755      4075      1765      4048      1756      4025      1724      4103      1789 PARcau 3.824457e-03 1.217635e-06 0.996174
    21   1       2651       1010  9.849  26.000 187.5 68.199     2640     1004     2665     1019     25     15      2637      1011      2661      1001      2665      1010      2641      1020      2615       979      2690      1044 PARcau 1.512568e-03 1.770126e-07 0.998487
    22   1       2642       1014  9.849  25.942 186.0 63.435     2631     1008     2655     1023     24     15      2628      1016      2651      1004      2655      1013      2632      1025      2606       983      2680      1048 PARcau 9.096632e-08 3.107165e-07 1.000000
    22   0       4072       1760 10.770  29.155 234.5 21.801     4059     1753     4088     1768     29     15      4061      1750      4088      1761      4084      1771      4057      1760      4034      1728      4113      1793 PARcau 3.727393e-04 2.768222e-05 0.999600
    23   0       4081       1763 10.308  29.347 232.5 14.036     4068     1757     4097     1771     29     14      4068      1755      4097      1762      4094      1772      4066      1765      4043      1732      4122      1796 PARcau 1.978874e-03 4.819465e-06 0.998016
    23   1       2632       1020  9.394  25.715 189.0 63.435     2622     1013     2645     1029     23     16      2619      1021      2642      1010      2646      1018      2623      1030      2597       988      2670      1054 PARcau 8.126561e-07 1.055283e-06 0.999998
    23   2       2536       2697  6.000   6.000  27.0 90.000     2533     2695     2540     2702      7      7      2533      2695      2539      2695      2539      2701      2533      2701      2508      2670      2565      2727 PARcau 4.383545e-05 9.775141e-01 0.022442
    24   2       2537       2697  6.000   7.000  27.0 90.000     2534     2695     2541     2703      7      8      2534      2695      2540      2695      2540      2702      2534      2702      2509      2670      2566      2728 PARcau 8.610300e-05 9.801252e-01 0.019789
    24   0       4091       1766 10.440  28.862 218.5 14.036     4078     1760     4107     1773     29     13      4079      1757      4107      1764      4104      1774      4076      1767      4053      1735      4132      1798 PARcau 3.181777e-02 1.420918e-04 0.968040
    24   1       2625       1024 10.000  19.416 142.0 56.310     2617     1018     2635     1032     18     14      2614      1025      2630      1014      2636      1022      2620      1033      2592       993      2660      1057 PARcau 3.568313e-03 3.348064e-04 0.996097
    25   2       2539       2698  6.000   7.000  35.0 90.000     2536     2695     2543     2703      7      8      2536      2695      2542      2695      2542      2702      2536      2702      2511      2670      2568      2728 PARcau 5.797432e-05 9.461563e-01 0.053786
    25   0       4101       1768 11.045  29.275 233.0  8.130     4087     1763     4117     1775     30     12      4087      1760      4116      1764      4115      1775      4086      1771      4062      1738      4142      1800 PARcau 4.533895e-02 1.079656e-04 0.954553
    26   2       2540       2698  6.103   6.801  28.5 53.130     2537     2695     2545     2703      8      8      2536      2697      2541      2693      2545      2699      2540      2702      2512      2670      2570      2728 PARcau 5.814502e-05 9.899446e-01 0.009997
    26   0       4111       1768 10.000  28.000 232.0 90.000     4098     1764     4127     1775     29     11      4098      1764      4126      1764      4126      1774      4098      1774      4073      1739      4152      1800 PARcau 8.888714e-03 2.157829e-05 0.991090
    26   1       2601       1039  8.944  20.125 135.0 63.435     2592     1033     2611     1046     19     13      2590      1040      2608      1031      2612      1039      2594      1048      2567      1008      2636      1071 PARcau 1.527648e-02 6.548024e-08 0.984723
    27   2       2541       2698  6.325   6.708  33.0 63.435     2538     2695     2546     2703      8      8      2537      2696      2543      2694      2546      2700      2540      2702      2513      2670      2571      2728 PARcau 2.963744e-04 8.703249e-01 0.129379
    27   0       4122       1768  9.000  29.000 222.5 90.000     4108     1764     4138     1774     30     10      4108      1764      4137      1764      4137      1773      4108      1773      4083      1739      4163      1799 PARcau 1.023858e-02 5.615101e-05 0.989705
    27   1       2592       1043  8.944  25.942 176.5 63.435     2581     1036     2605     1051     24     15      2579      1045      2602      1033      2606      1041      2583      1053      2556      1011      2630      1076 PARcau 2.041047e-02 6.586496e-04 0.978931
    28   0       4132       1766 10.000  29.000 231.0 90.000     4118     1762     4148     1773     30     11      4118      1762      4147      1762      4147      1772      4118      1772      4093      1737      4173      1798 PARcau 3.901657e-04 7.083634e-08 0.999610
    28   1       2582       1047  9.849  26.000 187.5 66.801     2570     1041     2595     1055     25     14      2568      1048      2592      1038      2596      1047      2572      1057      2545      1016      2620      1080 PARcau 1.019618e-02 4.879721e-05 0.989755
    29   0       4142       1764 11.000  29.000 238.5 90.000     4128     1759     4158     1771     30     12      4128      1759      4157      1759      4157      1770      4128      1770      4103      1734      4183      1796 PARcau 2.617392e-01 1.083268e-04 0.738152
    29   1       2572       1051  9.618  25.269 185.5 63.435     2560     1045     2585     1059     25     14      2558      1053      2581      1042      2585      1050      2563      1062      2535      1020      2610      1084 PARcau 2.165961e-02 8.321622e-05 0.978257
    30   0       4152       1762 11.180  29.428 235.0 80.538     4139     1757     4168     1770     29     13      4137      1759      4166      1754      4168      1765      4139      1770      4114      1732      4193      1795 PARcau 6.572954e-04 1.630451e-06 0.999341
    30   1       2562       1055  9.487  25.298 181.0 71.565     2550     1049     2575     1062     25     13      2548      1054      2572      1046      2575      1055      2551      1063      2525      1024      2600      1087 PARcau 3.085164e-05 3.947934e-07 0.999969
    31   0       4162       1759 10.607  29.841 237.0 80.538     4148     1754     4178     1767     30     13      4147      1756      4176      1752      4178      1762      4148      1767      4123      1729      4203      1792 PARcau 7.882795e-05 4.735544e-08 0.999921
    31   1       2551       1059  9.487  26.249 182.0 71.565     2540     1052     2565     1067     25     15      2537      1058      2562      1050      2565      1059      2540      1067      2515      1027      2590      1092 PARcau 1.745016e-05 3.419093e-08 0.999982
    32   1       2541       1063  8.944  25.942 178.0 63.435     2530     1057     2554     1072     24     15      2527      1065      2550      1053      2554      1061      2531      1073      2505      1032      2579      1097 PARcau 6.660584e-04 4.066224e-07 0.999334
    32   0       4172       1757 11.000  28.000 235.0 90.000     4159     1752     4188     1764     29     12      4159      1752      4187      1752      4187      1763      4159      1763      4134      1727      4213      1789 PARcau 1.033328e-03 1.179619e-06 0.998966
    33   0       4182       1756 10.000  28.000 229.5 90.000     4169     1751     4198     1762     29     11      4169      1751      4197      1751      4197      1761      4169      1761      4144      1726      4223      1787 PARcau 3.640524e-02 1.980612e-05 0.963575
    33   1       2531       1068 10.062  26.387 188.0 63.435     2520     1061     2544     1077     24     16      2517      1069      2541      1057      2545      1066      2522      1078      2495      1036      2569      1102 PARcau 2.316082e-05 1.795775e-07 0.999977
    34   1       2522       1073  9.862  25.812 182.5 59.036     2511     1066     2534     1082     23     16      2508      1076      2530      1062      2535      1071      2513      1084      2486      1041      2559      1107 PARcau 1.742663e-02 1.998610e-06 0.982571
    34   0       4192       1755 11.000  28.000 233.5 90.000     4178     1750     4207     1762     29     12      4178      1750      4206      1750      4206      1761      4178      1761      4153      1725      4232      1787 PARcau 3.102354e-03 8.955223e-05 0.996808
    35   0       4201       1756 11.000  28.000 235.0 90.000     4188     1751     4217     1763     29     12      4188      1751      4216      1751      4216      1762      4188      1762      4163      1726      4242      1788 PARcau 1.172512e-03 2.079716e-05 0.998807
    35   1       2512       1079  9.862  28.040 201.0 59.036     2500     1071     2525     1089     25     18      2497      1082      2521      1068      2526      1076      2502      1091      2475      1046      2550      1114 PARcau 2.298002e-07 5.649133e-08 1.000000
    35   3       5128        362  9.618  10.512  63.5 26.565     5124      358     5135      369     11     11      5126       357      5135       361      5131       370      5121       365      5099       333      5160       394 PARcau 1.736590e-02 6.610466e-02 0.916529
    36   3       5126        361  8.000   9.000  40.5 90.000     5121      357     5131      366     10      9      5121       357      5130       357      5130       365      5121       365      5096       332      5156       391 PARcau 1.658150e-03 2.486128e-02 0.973481
    36   0       4211       1758 10.000  28.000 226.0 90.000     4198     1753     4227     1764     29     11      4198      1753      4226      1753      4226      1763      4198      1763      4173      1728      4252      1789 PARcau 1.314308e-02 1.815430e-04 0.986675
    36   1       2502       1085  8.944  26.833 192.5 63.435     2491     1077     2515     1094     24     17      2488      1087      2512      1075      2516      1083      2492      1095      2466      1052      2540      1119 PARcau 8.637313e-03 7.317453e-07 0.991362
    37   0       4221       1760 11.045  29.428 242.5  9.462     4207     1754     4237     1767     30     13      4207      1752      4236      1757      4235      1768      4206      1763      4182      1729      4262      1792 PARcau 8.132541e-01 9.029751e-05 0.186656
    37   1       2492       1090  8.944  25.942 191.0 63.435     2480     1083     2505     1099     25     16      2478      1093      2501      1081      2505      1089      2482      1101      2455      1058      2530      1124 PARcau 9.993079e-05 1.965478e-06 0.999898
    38   0       4231       1763 10.440  28.862 229.5 14.036     4217     1757     4246     1770     29     13      4218      1754      4246      1761      4243      1771      4215      1764      4192      1732      4271      1795 PARcau 1.221962e-01 7.538407e-03 0.870265
    38   1       2481       1095  8.944  26.833 182.0 63.435     2469     1089     2494     1103     25     14      2467      1098      2491      1086      2495      1094      2471      1106      2444      1064      2519      1128 PARcau 4.114583e-03 9.444223e-07 0.995884
    39   0       4241       1766 10.689  29.517 223.0 11.310     4228     1760     4257     1773     29     13      4228      1758      4257      1763      4255      1774      4226      1768      4203      1735      4282      1798 PARcau 6.361961e-05 1.818581e-05 0.999918
    39   1       2470       1100  9.192  26.277 183.5 68.199     2458     1094     2483     1108     25     14      2456      1101      2480      1091      2484      1100      2459      1109      2433      1069      2508      1133 PARcau 1.625599e-03 5.861428e-06 0.998369
    40   0       4252       1768 10.112  29.921 219.0  9.462     4239     1763     4269     1775     30     12      4239      1761      4268      1766      4267      1776      4237      1771      4214      1738      4294      1800 PARcau 6.253757e-06 6.821720e-06 0.999987
    40   1       2459       1104  8.382  25.773 176.0 71.565     2447     1098     2472     1112     25     14      2445      1104      2470      1096      2472      1104      2448      1112      2422      1073      2497      1137 PARcau 3.725803e-07 3.078436e-07 0.999999
    41   1       2449       1108  8.382  23.880 148.0 71.565     2438     1103     2461     1115     23     12      2436      1108      2458      1100      2461      1108      2438      1116      2413      1078      2486      1140 PARcau 1.533928e-06 4.050907e-09 0.999998
    41   0       4264       1770 10.000  28.000 225.0 90.000     4251     1766     4280     1777     29     11      4251      1766      4279      1766      4279      1776      4251      1776      4226      1741      4305      1802 PARcau 5.124489e-03 3.710157e-05 0.994838
    42   0       4275       1771 11.000  27.000 216.5 90.000     4262     1766     4290     1778     28     12      4262      1766      4289      1766      4289      1777      4262      1777      4237      1741      4315      1803 PARcau 3.857577e-03 2.368086e-03 0.993774
    42   1       2437       1113  8.276  25.269 155.0 63.435     2427     1107     2450     1122     23     15      2424      1115      2447      1103      2450      1111      2428      1122      2402      1082      2475      1147 PARcau 1.035847e-10 2.892246e-10 1.000000
    43   0       4285       1770 10.000  30.000 246.0 90.000     4270     1766     4301     1777     31     11      4270      1766      4300      1766      4300      1776      4270      1776      4245      1741      4326      1802 PARcau 1.567383e-02 2.174621e-04 0.984109
    43   1       2427       1119  9.014  24.130 163.5 56.310     2417     1112     2438     1128     21     16      2414      1122      2434      1109      2439      1116      2419      1130      2392      1087      2463      1153 PARcau 2.476040e-04 2.068417e-05 0.999732
    44   1       2418       1125  9.708  25.656 173.5 56.310     2407     1118     2430     1135     23     17      2404      1128      2426      1114      2431      1122      2410      1136      2382      1093      2455      1160 PARcau 3.650616e-04 1.352202e-07 0.999635
    44   0       4296       1769 10.050  30.150 243.5 84.289     4281     1764     4312     1776     31     12      4280      1766      4310      1763      4311      1773      4281      1776      4256      1739      4337      1801 PARcau 2.559655e-03 3.534374e-03 0.993906
    45   0       4307       1766 10.198  29.833 234.0 75.964     4292     1761     4322     1774     30     13      4291      1765      4320      1758      4322      1768      4293      1775      4267      1736      4347      1799 PARcau 4.426083e-04 3.459582e-06 0.999554
    45   1       2408       1131  9.179  25.986 176.5 59.036     2397     1124     2420     1141     23     17      2395      1134      2417      1121      2422      1129      2399      1142      2372      1099      2445      1166 PARcau 5.429350e-06 1.978247e-08 0.999995
    46   0       4317       1763 10.308  29.347 226.0 75.964     4303     1758     4332     1771     29     13      4301      1762      4330      1755      4332      1765      4304      1772      4278      1733      4357      1796 PARcau 1.579490e-03 7.335644e-05 0.998347
    46   1       2398       1137  9.394  25.715 181.0 63.435     2386     1130     2410     1146     24     16      2384      1139      2407      1128      2411      1136      2388      1148      2361      1105      2435      1171 PARcau 4.898810e-06 4.795972e-07 0.999995
    47   0       4328       1760 10.198  29.614 235.5 78.690     4315     1754     4344     1768     29     14      4313      1758      4342      1752      4344      1762      4315      1768      4290      1729      4369      1793 PARcau 1.845199e-04 7.855785e-05 0.999737
    47   1       2387       1143  8.944  25.942 176.5 63.435     2376     1136     2400     1151     24     15      2374      1145      2397      1133      2401      1141      2378      1153      2351      1111      2425      1176 PARcau 1.327898e-02 2.237540e-06 0.986719
    48   0       4339       1757 11.000  29.000 234.5 90.000     4325     1752     4355     1764     30     12      4325      1752      4354      1752      4354      1763      4325      1763      4300      1727      4380      1789 PARcau 1.919072e-06 1.126910e-06 0.999997
    48   1       2376       1148  8.944  25.942 173.5 63.435     2365     1141     2389     1156     24     15      2363      1150      2386      1138      2390      1146      2367      1158      2340      1116      2414      1181 PARcau 7.163667e-04 3.133520e-07 0.999283
    49   0       4349       1755 10.548  29.347 239.0 80.538     4335     1750     4365     1763     30     13      4334      1752      4363      1748      4364      1758      4335      1763      4310      1725      4390      1788 PARcau 6.511530e-05 7.675333e-07 0.999934
    49   1       2365       1152  9.849  24.597 172.5 63.435     2354     1146     2378     1160     24     14      2352      1153      2374      1142      2378      1151      2356      1162      2329      1121      2403      1185 PARcau 5.207851e-07 5.713059e-09 1.000000
    50   0       4358       1755 11.000  28.000 238.0 90.000     4345     1750     4374     1762     29     12      4345      1750      4373      1750      4373      1761      4345      1761      4320      1725      4399      1787 PARcau 5.565142e-03 1.190166e-02 0.982533
    50   1       2354       1157 10.062  25.045 171.5 63.435     2343     1151     2367     1165     24     14      2341      1158      2363      1147      2368      1156      2345      1167      2318      1126      2392      1190 PARcau 1.905468e-07 2.963305e-08 1.000000
    51   0       4368       1756 10.000  29.000 235.0 90.000     4354     1751     4384     1762     30     11      4354      1751      4383      1751      4383      1761      4354      1761      4329      1726      4409      1787 PARcau 3.369418e-01 7.326093e-02 0.589797
    51   1       2344       1162  8.944  25.942 177.0 63.435     2334     1156     2357     1172     23     16      2331      1164      2354      1152      2358      1160      2335      1172      2309      1131      2382      1197 PARcau 1.859149e-02 3.456641e-06 0.981405
    52   0       4378       1757 11.045  29.155 247.5  5.711     4364     1752     4394     1765     30     13      4364      1750      4393      1753      4392      1764      4363      1761      4339      1727      4419      1790 PARcau 2.633022e-02 2.097829e-03 0.971572
    52   1       2335       1168  8.602  26.077 177.0 56.310     2324     1161     2347     1178     23     17      2321      1172      2343      1158      2348      1165      2326      1179      2299      1136      2372      1203 PARcau 3.533089e-08 3.363190e-09 1.000000
    52   4       2647       1153  4.243  11.314  27.5 45.000     2644     1149     2654     1159     10     10      2643      1155      2651      1147      2654      1150      2646      1158      2619      1124      2679      1184 PARcau 9.687794e-01 1.258416e-04 0.031095
    53   4       2648       1153  4.950  13.435  30.0 45.000     2645     1147     2655     1159     10     12      2643      1155      2652      1145      2656      1149      2646      1158      2620      1122      2680      1184 PARcau 9.655423e-01 1.583839e-04 0.034299
    53   0       4388       1760 11.102  28.935 249.0  9.462     4375     1754     4404     1767     29     13      4375      1752      4404      1757      4402      1768      4374      1763      4350      1729      4429      1792 PARcau 5.804566e-03 7.781440e-03 0.986414
    53   1       2325       1175  8.602  25.239 174.5 56.310     2314     1168     2337     1185     23     17      2312      1179      2333      1165      2338      1172      2317      1186      2289      1143      2362      1210 PARcau 4.228307e-04 7.769806e-07 0.999576
    53   3       5079        348  6.103  11.800  35.5 53.130     5076      345     5087      353     11      8      5074       348      5083       341      5087       346      5077       353      5051       320      5112       378 PARcau 1.332024e-04 2.162221e-03 0.997705
    54   3       5077        350  8.062  16.125  73.5 59.036     5070      345     5086      357     16     12      5068       351      5082       343      5086       350      5072       358      5045       320      5111       382 PARcau 5.474913e-05 3.928653e-03 0.996017
    54   0       4399       1763 11.402  29.833 251.0 14.036     4386     1757     4416     1770     30     13      4387      1754      4416      1761      4413      1772      4384      1765      4361      1732      4441      1795 PARcau 2.670792e-04 2.038271e-04 0.999529
    54   1       2315       1182  9.014  26.349 179.5 56.310     2304     1174     2327     1191     23     17      2301      1185      2323      1171      2328      1178      2306      1193      2279      1149      2352      1216 PARcau 4.977779e-06 4.027036e-08 0.999995
    55   3       5074        351  6.708  17.889  81.0 63.435     5067      346     5084      358     17     12      5065       352      5081       344      5084       350      5068       358      5042       321      5109       383 PARcau 2.714054e-06 3.543396e-05 0.999962
    55   0       4410       1766 11.281  30.104 250.0 11.310     4396     1760     4426     1773     30     13      4396      1757      4426      1763      4423      1774      4394      1768      4371      1735      4451      1798 PARcau 3.607047e-03 9.425482e-05 0.996299
    55   1       2304       1188  8.944  26.833 181.0 63.435     2292     1181     2317     1196     25     15      2290      1190      2314      1178      2318      1186      2294      1198      2267      1156      2342      1221 PARcau 2.174301e-06 2.094116e-08 0.999998
    56   3       5070        353  7.211  13.601  62.5 53.130     5065      348     5079      359     14     11      5063       354      5074       346      5078       352      5067       360      5040       323      5104       384 PARcau 6.225186e-05 6.926498e-04 0.999245
    56   0       4420       1768 11.000  29.000 242.0 90.000     4406     1763     4436     1775     30     12      4406      1763      4435      1763      4435      1774      4406      1774      4381      1738      4461      1800 PARcau 2.549247e-04 1.418617e-07 0.999745
    56   1       2293       1192  9.394  25.715 177.0 63.435     2282     1186     2306     1200     24     14      2280      1194      2303      1183      2307      1191      2284      1203      2257      1161      2331      1225 PARcau 7.486974e-03 4.551604e-08 0.992513
    57   3       5069        353  6.403  15.620  53.0 51.340     5062      349     5078      360     16     11      5061       356      5073       346      5077       351      5065       361      5037       324      5103       385 PARcau 1.957661e-05 4.633188e-05 0.999934
    57   0       4430       1769 11.000  29.000 239.5 90.000     4417     1764     4447     1776     30     12      4417      1764      4446      1764      4446      1775      4417      1775      4392      1739      4472      1801 PARcau 1.920176e-02 5.929772e-04 0.980205
    57   1       2282       1197  8.732  26.462 184.5 68.199     2270     1191     2296     1205     26     14      2268      1198      2293      1188      2296      1196      2272      1206      2245      1166      2321      1230 PARcau 2.527818e-08 1.061540e-08 1.000000
    58   3       5067        355  6.708  16.553  56.5 63.435     5060      350     5075      362     15     12      5057       356      5072       349      5075       355      5060       362      5035       325      5100       387 PARcau 3.049055e-07 7.764639e-06 0.999992
    58   1       2272       1201  9.394  24.824 174.5 63.435     2261     1195     2285     1209     24     14      2259      1203      2281      1191      2285      1200      2263      1211      2236      1170      2310      1234 PARcau 3.111773e-07 3.824237e-09 1.000000
    58   0       4441       1770 10.000  30.000 244.5 90.000     4427     1766     4458     1777     31     11      4427      1766      4457      1766      4457      1776      4427      1776      4402      1741      4483      1802 PARcau 1.063929e-01 8.920994e-03 0.884686
    59   3       5066        355  5.831  16.643  38.5 57.995     5060      351     5074      362     14     11      5057       357      5071       348      5074       353      5060       362      5035       326      5099       387 PARcau 4.071604e-08 1.472794e-07 1.000000
    59   0       4451       1769 10.000  29.000 237.0 90.000     4437     1765     4467     1776     30     11      4437      1765      4466      1765      4466      1775      4437      1775      4412      1740      4492      1801 PARcau 1.220081e-03 5.742733e-05 0.998722
    59   1       2262       1206  8.944  24.187 161.0 60.255     2252     1200     2275     1215     23     15      2250      1208      2271      1196      2275      1204      2254      1216      2227      1175      2300      1240 PARcau 2.230859e-06 8.810959e-08 0.999998
    60   0       4459       1767 11.281  29.125 246.0 78.690     4446     1762     4475     1775     29     13      4444      1765      4473      1759      4475      1770      4447      1776      4421      1737      4500      1800 PARcau 1.762743e-02 1.043319e-03 0.981329
    60   1       2253       1212  8.602  23.854 153.0 56.310     2243     1205     2264     1221     21     16      2240      1215      2260      1202      2265      1209      2245      1222      2218      1180      2289      1246 PARcau 1.330840e-07 5.380002e-09 1.000000
    61   0       4466       1764 10.308  29.347 234.0 75.964     4452     1758     4481     1772     29     14      4450      1763      4479      1756      4481      1766      4453      1773      4427      1733      4506      1797 PARcau 2.687097e-04 1.160379e-05 0.999720
    61   1       2243       1218  8.515  23.505 156.0 51.340     2234     1211     2255     1228     21     17      2231      1223      2250      1208      2255      1215      2237      1229      2209      1186      2280      1253 PARcau 4.598472e-03 1.413453e-04 0.995260
    62   0       4482       1755 10.770  28.231 239.5 68.199     4470     1748     4497     1765     27     17      4467      1756      4493      1745      4497      1755      4471      1766      4445      1723      4522      1790 PARcau 2.009914e-05 7.834334e-07 0.999979
    62   1       2223       1233  8.322  25.656 159.0 56.310     2213     1226     2235     1242     22     16      2210      1237      2232      1223      2236      1230      2215      1244      2188      1201      2260      1267 PARcau 8.713918e-06 1.143556e-08 0.999991
    63   0       4490       1751 11.180  29.069 243.0 63.435     4477     1743     4505     1760     28     17      4475      1752      4501      1739      4506      1749      4480      1762      4452      1718      4530      1785 PARcau 1.447717e-05 8.947126e-08 0.999985
    63   3       5049        364  6.000  12.000  37.5 90.000     5045      362     5058      369     13      7      5045       362      5057       362      5057       368      5045       368      5020       337      5083       394 PARcau 1.043955e-05 4.779177e-05 0.999942
    63   1       2213       1240  9.014  25.520 167.0 56.310     2202     1232     2225     1248     23     16      2200      1243      2221      1229      2226      1236      2205      1251      2177      1207      2250      1273 PARcau 1.654830e-08 5.128673e-09 1.000000
    64   3       5046        365  6.185  11.885  49.0 75.964     5041      362     5053      370     12      8      5040       364      5051       361      5053       367      5041       370      5016       337      5078       395 PARcau 4.611881e-04 6.491167e-03 0.993048
    64   0       4499       1746 11.180  29.069 236.0 63.435     4487     1738     4514     1755     27     17      4484      1747      4510      1734      4515      1744      4489      1757      4462      1713      4539      1780 PARcau 3.079750e-05 9.975060e-09 0.999969
    64   1       2203       1245  8.500  24.824 165.5 63.435     2192     1238     2215     1253     23     15      2190      1247      2212      1236      2216      1243      2194      1255      2167      1213      2240      1278 PARcau 4.178617e-05 2.355599e-06 0.999956
    65   3       5046        365  6.325  12.369  51.5 74.055     5041      362     5054      371     13      9      5039       364      5051       361      5053       367      5041       370      5016       337      5079       396 PARcau 4.544177e-05 6.334153e-04 0.999321
    65   0       4508       1741 10.512  27.505 221.0 63.435     4496     1735     4522     1750     26     15      4494      1743      4518      1730      4523      1740      4498      1752      4471      1710      4547      1775 PARcau 9.605745e-05 3.737253e-06 0.999900
    65   1       2192       1250  8.944  26.833 174.0 63.435     2180     1243     2205     1258     25     15      2178      1252      2202      1240      2206      1248      2182      1260      2155      1218      2230      1283 PARcau 6.116822e-06 5.229658e-07 0.999993
    66   0       4517       1738 10.124  27.830 218.0 71.565     4505     1731     4531     1746     26     15      4502      1737      4529      1729      4532      1738      4506      1747      4480      1706      4556      1771 PARcau 2.269605e-03 9.325195e-06 0.997721
    66   1       2180       1255  8.944  24.597 169.5 63.435     2169     1249     2192     1264     23     15      2167      1257      2189      1246      2193      1254      2171      1265      2144      1224      2217      1289 PARcau 2.748280e-05 1.487819e-08 0.999972
    67   0       4526       1735 10.794  26.315 218.5 75.964     4514     1729     4540     1743     26     14      4512      1733      4537      1726      4540      1737      4514      1743      4489      1704      4565      1768 PARcau 2.022540e-03 1.029118e-06 0.997976
    67   1       2170       1260  9.618  25.269 187.5 63.435     2159     1253     2183     1269     24     16      2157      1262      2179      1250      2184      1259      2161      1270      2134      1228      2208      1294 PARcau 1.796830e-02 1.142247e-05 0.982020
    68   0       4534       1734 11.000  26.000 218.0 90.000     4521     1729     4548     1741     27     12      4521      1729      4547      1729      4547      1740      4521      1740      4496      1704      4573      1766 PARcau 4.615691e-05 2.024939e-05 0.999934
    68   1       2161       1266  8.944  26.833 183.0 63.435     2150     1259     2174     1275     24     16      2147      1268      2171      1256      2175      1264      2151      1276      2125      1234      2199      1300 PARcau 5.995273e-04 3.366506e-06 0.999397
    69   0       4542       1734 10.000  26.000 218.5 90.000     4530     1729     4557     1740     27     11      4530      1729      4556      1729      4556      1739      4530      1739      4505      1704      4582      1765 PARcau 2.572597e-02 1.012560e-01 0.873018
    69   1       2151       1272  9.434  26.627 186.5 56.310     2140     1264     2164     1281     24     17      2138      1275      2160      1260      2165      1268      2143      1283      2115      1239      2189      1306 PARcau 2.006276e-03 3.719879e-06 0.997990
    70   0       4551       1735 10.000  26.000 216.0 90.000     4539     1730     4566     1741     27     11      4539      1730      4565      1730      4565      1740      4539      1740      4514      1705      4591      1766 PARcau 2.254730e-02 2.109499e-03 0.975343
    70   1       2142       1277  8.602  25.239 176.5 56.310     2131     1270     2154     1286     23     16      2129      1281      2150      1267      2155      1274      2134      1288      2106      1245      2179      1311 PARcau 5.942212e-05 1.922322e-07 0.999940
    71   0       4560       1736 10.000  27.000 212.5 90.000     4547     1731     4575     1742     28     11      4547      1731      4574      1731      4574      1741      4547      1741      4522      1706      4600      1767 PARcau 1.230373e-02 1.446570e-03 0.986250
    71   1       2132       1283  8.944  26.833 178.5 63.435     2120     1276     2145     1291     25     15      2118      1285      2142      1273      2146      1281      2122      1293      2095      1251      2170      1316 PARcau 2.861763e-05 9.562206e-07 0.999970
    72   0       4570       1738 10.000  27.000 203.0 90.000     4557     1733     4585     1744     28     11      4557      1733      4584      1733      4584      1743      4557      1743      4532      1708      4610      1769 PARcau 3.835285e-02 2.492212e-03 0.959155
    72   1       2121       1288  9.434  26.420 179.5 61.390     2109     1281     2134     1296     25     15      2107      1291      2130      1278      2135      1286      2112      1299      2084      1256      2159      1321 PARcau 3.051035e-05 3.602869e-08 0.999969
    73   0       4581       1740 10.050  27.295 204.5  7.125     4568     1735     4596     1746     28     11      4568      1733      4595      1737      4594      1747      4567      1743      4543      1710      4621      1771 PARcau 4.665934e-04 7.913742e-05 0.999454
    73   1       2110       1293  9.618  26.163 179.5 63.435     2098     1287     2124     1301     26     14      2097      1295      2120      1283      2125      1292      2101      1303      2073      1262      2149      1326 PARcau 1.809635e-02 4.857283e-07 0.981903
    74   1       2100       1297  9.657  25.539 176.0 68.199     2088     1291     2113     1304     25     13      2086      1298      2110      1288      2113      1297      2090      1307      2063      1266      2138      1329 PARcau 9.507759e-04 1.762972e-06 0.999047
    74   0       4592       1741 10.000  28.000 221.0 90.000     4579     1737     4608     1748     29     11      4579      1737      4607      1737      4607      1747      4579      1747      4554      1712      4633      1773 PARcau 4.642407e-03 7.262286e-03 0.988095
    75   0       4603       1742  9.000  29.000 214.5 90.000     4589     1738     4619     1748     30     10      4589      1738      4618      1738      4618      1747      4589      1747      4564      1713      4644      1773 PARcau 1.423685e-04 4.630757e-04 0.999395
    75   1       2088       1301 10.062  25.045 171.5 63.435     2077     1295     2101     1309     24     14      2075      1302      2097      1291      2102      1300      2079      1311      2052      1270      2126      1334 PARcau 3.030783e-04 5.980336e-08 0.999697
    76   1       2077       1305  9.487  25.298 178.5 71.565     2065     1299     2090     1312     25     13      2063      1304      2087      1296      2090      1305      2066      1313      2040      1274      2115      1337 PARcau 5.567800e-06 1.322868e-08 0.999994
    76   0       4615       1742  9.000  30.000 219.0 90.000     4600     1738     4631     1748     31     10      4600      1738      4630      1738      4630      1747      4600      1747      4575      1713      4656      1773 PARcau 6.644543e-02 9.092743e-02 0.842627
    76   3       5015        365  5.000  10.000  25.5 90.000     5011      363     5022      369     11      6      5011       363      5021       363      5021       368      5011       368      4986       338      5047       394 PARcau 1.208435e-03 6.741500e-04 0.998117
    77   0       4625       1741  9.552  29.108 211.5 84.289     4611     1737     4641     1748     30     11      4610      1738      4639      1735      4640      1745      4611      1747      4586      1712      4666      1773 PARcau 1.665363e-06 3.159475e-08 0.999998
    77   1       2066       1309  9.487  25.632 181.5 71.565     2054     1303     2079     1317     25     14      2052      1309      2076      1300      2079      1309      2055      1318      2029      1278      2104      1342 PARcau 1.398075e-04 8.070103e-08 0.999860
    77   5        972        237  6.364   9.192  30.0 45.000      969      234      977      244      8     10       971       232       977       238       973       243       966       236       944       209      1002       269 PARcau 1.817562e-02 2.242392e-01 0.757585
    78   5        972        237  7.000   8.000  30.0 90.000      969      234      977      243      8      9       969       234       976       234       976       242       969       242       944       209      1002       268 PARcau 2.221080e-03 5.337214e-02 0.944407
    78   0       4636       1739  9.124  27.789 198.5 80.538     4623     1734     4651     1746     28     12      4622      1737      4649      1733      4651      1742      4623      1746      4598      1709      4676      1771 PARcau 3.588142e-06 8.042895e-08 0.999996
    78   1       2055       1314  8.944  26.833 176.0 63.435     2044     1307     2069     1322     25     15      2041      1316      2065      1304      2069      1312      2045      1324      2019      1282      2094      1347 PARcau 1.833353e-02 3.932531e-07 0.981666
    79   5        972        237  6.000  11.000  35.5  0.000      970      232      977      244      7     12       970       232       976       232       976       243       970       243       945       207      1002       269 PARcau 7.573646e-03 1.080196e-01 0.884407
    79   1       2045       1319  8.746  25.739 171.5 60.255     2034     1313     2058     1328     24     15      2031      1322      2054      1309      2058      1317      2036      1329      2009      1288      2083      1353 PARcau 3.992190e-02 4.017785e-06 0.960074
    79   0       4647       1736  9.487  28.460 193.0 71.565     4634     1731     4662     1743     28     12      4632      1736      4659      1727      4662      1736      4635      1745      4609      1706      4687      1768 PARcau 5.042234e-07 5.853708e-09 1.000000
    80   5        973        237  7.649  11.769  41.5 78.690      969      232      978      244      9     12       968       232       976       231       978       242       971       244       944       207      1003       269 PARcau 2.518950e-03 7.446991e-02 0.923011
    80   0       4658       1732  9.657  28.324 196.5 69.444     4645     1727     4673     1740     28     13      4643      1733      4669      1723      4673      1732      4646      1742      4620      1702      4698      1765 PARcau 4.116131e-05 1.113853e-05 0.999948
    80   1       2034       1325  8.944  26.401 180.0 63.435     2022     1318     2047     1334     25     16      2020      1327      2044      1316      2048      1324      2024      1335      1997      1293      2072      1359 PARcau 1.196650e-05 1.447749e-07 0.999988
    81   5        973        237  6.801  11.885  47.0 68.199      969      232      979      244     10     12       968       233       975       231       979       242       973       244       944       207      1004       269 PARcau 3.171576e-02 1.319710e-01 0.836313
    81   0       4668       1729  9.487  26.249 182.5 71.565     4656     1723     4682     1736     26     13      4654      1728      4679      1720      4682      1729      4657      1737      4631      1698      4707      1761 PARcau 9.002053e-07 1.326157e-07 0.999999
    81   1       2023       1330  9.394  25.715 179.0 63.435     2012     1324     2036     1338     24     14      2010      1332      2033      1320      2037      1329      2014      1340      1987      1299      2061      1363 PARcau 3.153991e-03 3.919381e-07 0.996846
    81   2       2593       2701  5.220   6.801  27.5 71.565     2591     2698     2598     2706      7      8      2590      2699      2595      2697      2597      2704      2592      2705      2566      2673      2623      2731 PARcau 3.759154e-04 7.244363e-01 0.275188
    82   5        974        237  7.826  13.463  54.0 59.036      970      231      981      244     11     13       975       229       982       241       975       244       968       233       945       206      1006       269 PARcau 1.877104e-02 1.733816e-01 0.807847
    82   0       4677       1725 10.124  26.879 192.5 71.565     4665     1719     4691     1733     26     14      4663      1725      4688      1716      4692      1726      4666      1734      4640      1694      4716      1758 PARcau 8.259479e-05 7.156031e-07 0.999917
    82   1       2012       1335  9.394  26.196 173.0 66.801     2000     1329     2025     1342     25     13      1998      1336      2022      1326      2026      1334      2002      1345      1975      1304      2050      1367 PARcau 9.938642e-03 6.351774e-08 0.990061
    83   5        975        237  7.071  12.728  62.5 45.000      970      231      981      244     11     13       973       230       982       239       977       244       968       235       945       206      1006       269 PARcau 6.006937e-03 6.293287e-03 0.987700
    83   0       4686       1722  9.849  26.926 183.5 68.199     4674     1716     4701     1729     27     13      4672      1722      4697      1712      4701      1721      4676      1731      4649      1691      4726      1754 PARcau 1.366330e-04 1.286890e-05 0.999851
    83   1       2001       1338  8.544  25.298 169.0 71.565     1989     1333     2014     1345     25     12      1987      1339      2011      1331      2014      1339      1990      1347      1964      1308      2039      1370 PARcau 4.062881e-06 3.354018e-08 0.999996
    84   5        976        237  7.778  13.435  57.5 45.000      970      231      982      245     12     14       974       229       984       239       978       244       969       235       945       206      1007       270 PARcau 3.891253e-04 1.724444e-02 0.982366
    84   0       4695       1719  9.220  25.495 166.5 78.690     4684     1715     4709     1726     25     11      4682      1717      4707      1712      4709      1721      4684      1726      4659      1690      4734      1751 PARcau 3.548907e-04 3.681336e-06 0.999641
    84   1       1989       1342  9.014  26.405 176.0 71.565     1977     1336     2003     1349     26     13      1975      1342      2000      1334      2003      1342      1978      1351      1952      1311      2028      1374 PARcau 9.556410e-06 3.419349e-07 0.999990
    85   5        976        236  7.159  14.116  56.0 68.199      972      231      982      245     10     14       970       232       977       229       982       242       976       245       947       206      1007       270 PARcau 2.771012e-02 2.643803e-01 0.707910
    85   0       4705       1718  9.000  24.000 172.5 90.000     4693     1714     4718     1724     25     10      4693      1714      4717      1714      4717      1723      4693      1723      4668      1689      4743      1749 PARcau 3.600922e-03 2.162892e-05 0.996377
    85   1       1978       1345  9.220  25.000 167.0 74.055     1967     1340     1991     1352     24     12      1965      1344      1989      1337      1991      1346      1967      1353      1942      1315      2016      1377 PARcau 2.060472e-04 1.111135e-05 0.999783
    86   5        977        236  8.276  12.748  51.0 63.435      972      232      983      244     11     12       971       233       978       229       984       241       976       244       947       207      1008       269 PARcau 7.781928e-03 3.840891e-02 0.953809
    86   0       4714       1717  9.000  25.000 169.0 90.000     4702     1713     4728     1723     26     10      4702      1713      4727      1713      4727      1722      4702      1722      4677      1688      4753      1748 PARcau 1.650342e-04 1.597655e-05 0.999819
    86   1       1967       1348  8.544  25.632 171.0 68.199     1955     1343     1980     1356     25     13      1953      1349      1977      1340      1980      1348      1956      1357      1930      1318      2005      1381 PARcau 3.068976e-03 1.299896e-07 0.996931
    87   5        977        236  6.708  10.770  47.5 68.199      974      232      983      243      9     11       973       233       979       230       983       240       977       243       949       207      1008       268 PARcau 4.431157e-03 1.642686e-02 0.979142
    87   0       4724       1718  9.000  23.000 169.5 90.000     4713     1714     4737     1724     24     10      4713      1714      4736      1714      4736      1723      4713      1723      4688      1689      4762      1749 PARcau 2.003029e-04 1.417503e-04 0.999658
    87   1       1956       1352  8.944  25.495 171.0 63.435     1944     1347     1969     1360     25     13      1942      1354      1965      1343      1969      1351      1946      1362      1919      1322      1994      1385 PARcau 2.317668e-02 1.226668e-07 0.976823
    88   5        978        235  8.000  10.000  48.5 90.000      974      231      983      242      9     11       974       231       982       231       982       241       974       241       949       206      1008       267 PARcau 1.779755e-02 7.090735e-02 0.911295
    88   0       4733       1719  9.000  23.000 158.5 90.000     4722     1715     4746     1725     24     10      4722      1715      4745      1715      4745      1724      4722      1724      4697      1690      4771      1750 PARcau 4.205181e-05 1.653100e-04 0.999793
    88   1       1945       1357  8.944  24.166 163.5 63.435     1934     1351     1958     1365     24     14      1932      1358      1954      1348      1958      1356      1936      1366      1909      1326      1983      1390 PARcau 1.278540e-04 1.584562e-07 0.999872
    89   5        978        235  7.000  10.000  45.5 90.000      975      231      983      242      8     11       975       231       982       231       982       241       975       241       950       206      1008       267 PARcau 1.462268e-02 1.227091e-01 0.862668
    89   0       4743       1721  9.000  25.000 164.5 90.000     4731     1717     4757     1727     26     10      4731      1717      4756      1717      4756      1726      4731      1726      4706      1692      4782      1752 PARcau 1.042521e-05 5.336065e-05 0.999936
    89   1       1934       1362  8.500  25.715 162.5 63.435     1923     1356     1947     1370     24     14      1921      1364      1944      1352      1948      1360      1925      1371      1898      1331      1972      1395 PARcau 1.465211e-03 2.094241e-08 0.998535
    90   5        978        236  8.000   9.000  32.0 90.000      975      232      984      242      9     10       975       232       983       232       983       241       975       241       950       207      1009       267 PARcau 3.196956e-02 1.165752e-01 0.851455
    90   0       4753       1724  9.000  24.000 157.5 90.000     4742     1720     4767     1730     25     10      4742      1720      4766      1720      4766      1729      4742      1729      4717      1695      4792      1755 PARcau 1.677930e-04 2.527042e-04 0.999579
    90   1       1923       1367  9.179  26.387 175.0 63.435     1911     1361     1936     1375     25     14      1909      1369      1932      1357      1937      1365      1913      1377      1886      1336      1961      1400 PARcau 2.779773e-01 3.255039e-07 0.722022
    91   0       4762       1726  8.000  24.000 154.0 90.000     4751     1722     4776     1731     25      9      4751      1722      4775      1722      4775      1730      4751      1730      4726      1697      4801      1756 PARcau 1.033239e-05 2.359212e-06 0.999987
    91   1       1910       1373  8.382  25.773 172.5 71.565     1898     1367     1923     1380     25     13      1896      1373      1921      1365      1923      1373      1899      1381      1873      1342      1948      1405 PARcau 4.492653e-03 4.057612e-06 0.995503
    92   0       4772       1727  8.062  25.318 156.0  8.130     4760     1723     4786     1733     26     10      4760      1721      4785      1725      4784      1733      4759      1729      4735      1698      4811      1758 PARcau 1.634107e-05 3.570293e-05 0.999948
    92   1       1898       1377  9.618  26.163 177.5 63.435     1886     1371     1911     1385     25     14      1884      1379      1908      1368      1912      1376      1889      1388      1861      1346      1936      1410 PARcau 6.745246e-06 2.319207e-08 0.999993
    93   0       4780       1727  8.000  26.000 158.5 90.000     4768     1724     4795     1733     27      9      4768      1724      4794      1724      4794      1732      4768      1732      4743      1699      4820      1758 PARcau 5.722207e-04 3.190489e-04 0.999109
    93   1       1886       1382  8.944  24.597 167.0 63.435     1875     1376     1899     1389     24     13      1873      1383      1895      1372      1899      1380      1877      1391      1850      1351      1924      1414 PARcau 1.067226e-01 1.320467e-04 0.893145
    93   3       4960        349  6.021  12.540  28.5 82.875     4955      346     4968      354     13      8      4954       347      4967       346      4967       352      4955       353      4930       321      4993       379 PARcau 2.538926e-05 9.354129e-08 0.999974
    94   0       4787       1727  8.000  25.000 154.0 90.000     4775     1723     4801     1732     26      9      4775      1723      4800      1723      4800      1731      4775      1731      4750      1698      4826      1757 PARcau 1.156695e-03 4.191579e-03 0.994652
    94   3       4955        351  6.671  18.069  68.0 75.964     4947      347     4965      356     18      9      4946       350      4963       345      4965       352      4947       356      4922       322      4990       381 PARcau 1.308084e-02 7.203943e-03 0.979715
    94   1       1875       1386  8.944  25.495 166.5 63.435     1864     1380     1887     1395     23     15      1861      1388      1884      1377      1888      1385      1865      1396      1839      1355      1912      1420 PARcau 3.265055e-05 6.628040e-07 0.999967
    95   0       4791       1724  8.246  25.710 158.0 75.964     4779     1719     4804     1730     25     11      4777      1723      4802      1717      4804      1725      4779      1731      4754      1694      4829      1755 PARcau 3.762432e-04 1.960230e-03 0.997663
    95   3       4948        352  9.000  15.000  96.5 90.000     4941      348     4957      358     16     10      4941       348      4956       348      4956       357      4941       357      4916       323      4982       383 PARcau 2.582030e-02 2.537684e-02 0.948803
    95   1       1865       1392  9.434  25.554 172.5 60.255     1854     1385     1877     1401     23     16      1851      1394      1873      1381      1878      1389      1856      1402      1829      1360      1902      1426 PARcau 1.273689e-03 7.427299e-07 0.998726
    96   0       4790       1721  8.322  24.274 152.0 57.995     4779     1714     4802     1729     23     15      4777      1724      4798      1711      4802      1718      4782      1731      4754      1689      4827      1754 PARcau 2.627594e-05 4.732330e-05 0.999926
    96   3       4943        354  6.042  14.983  61.5 63.435     4937      350     4952      360     15     10      4935       354      4949       348      4951       353      4938       360      4912       325      4977       385 PARcau 2.148998e-03 1.158709e-02 0.986264
    96   1       1855       1398  9.434  25.239 176.0 56.310     1844     1391     1867     1407     23     16      1842      1401      1863      1387      1868      1395      1847      1409      1819      1366      1892      1432 PARcau 3.748022e-04 5.100248e-07 0.999625
    97   3       4941        355  4.717  13.865  47.5 63.435     4935      351     4948      360     13      9      4933       356      4946       350      4948       354      4936       360      4910       326      4973       385 PARcau 2.565281e-03 1.531180e-03 0.995904
    97   0       4790       1716  8.485  22.627 152.0 45.000     4781     1708     4800     1727     19     19      4779      1722      4795      1706      4801      1712      4785      1728      4756      1683      4825      1752 PARcau 4.545210e-06 7.106997e-05 0.999924
    97   1       1844       1404  9.394  25.715 179.5 63.435     1833     1397     1856     1413     23     16      1830      1406      1853      1394      1857      1403      1834      1414      1808      1372      1881      1438 PARcau 9.472203e-06 5.190694e-08 0.999990
    98   5        983        235  6.801  10.548  33.0 56.310      979      231      989      241     10     10       983       229       989       238       983       242       978       233       954       206      1014       266 PARcau 2.014954e-02 7.747395e-02 0.902376
    98   0       4789       1711  9.394  21.243 151.5 26.565     4783     1702     4796     1723     13     21      4780      1719      4790      1700      4798      1704      4789      1723      4758      1677      4821      1748 PARcau 2.177891e-05 5.333059e-05 0.999925
    98   1       1834       1410  9.618  26.163 182.0 63.435     1822     1403     1846     1418     24     15      1820      1411      1843      1400      1848      1408      1824      1420      1797      1378      1871      1443 PARcau 2.063003e-04 1.786266e-07 0.999794
    99   5        984        235  4.950  10.607  31.0 45.000      979      231      989      241     10     10       982       229       990       236       986       240       979       232       954       206      1014       266 PARcau 1.763384e-03 7.543987e-03 0.990693
    99   0       4786       1708  9.000  22.000 162.0 90.000     4782     1697     4792     1720     10     23      4782      1697      4791      1697      4791      1719      4782      1719      4757      1672      4817      1745 PARcau 2.859191e-06 1.534270e-05 0.999982
    99   1       1822       1414  8.732  26.462 174.5 68.199     1810     1408     1835     1422     25     14      1808      1416      1832      1406      1836      1414      1811      1424      1785      1383      1860      1447 PARcau 3.917858e-04 1.232984e-07 0.999608
   100   0       4783       1704  9.708  21.708 158.0 75.964     4778     1695     4791     1717     13     22      4776      1695      4785      1693      4791      1714      4781      1716      4753      1670      4816      1742 PARcau 5.022438e-05 6.611763e-04 0.999289
   100   1       1811       1419  9.618  25.269 177.0 63.435     1799     1413     1824     1426     25     13      1797      1420      1820      1409      1824      1417      1802      1429      1774      1388      1849      1451 PARcau 5.099733e-03 1.770507e-05 0.994883
   100   3       4924        358  6.000  13.000  34.0 90.000     4918      355     4932      362     14      7      4918       355      4931       355      4931       361      4918       361      4893       330      4957       387 PARcau 8.061852e-02 1.076384e-02 0.908618
   101   5        985        234  5.385   9.487  25.5 71.565      982      231      990      241      8     10       981       231       986       229       989       238       984       240       957       206      1015       266 PARcau 3.908562e-02 6.076466e-02 0.900150
   101   3       4924        358  6.000  13.000  33.0 90.000     4918      355     4932      362     14      7      4918       355      4931       355      4931       361      4918       361      4893       330      4957       387 PARcau 1.345050e-02 7.083823e-03 0.979466
   101   0       4781       1705 10.404  20.524 153.0 56.310     4774     1697     4790     1716     16     19      4779      1694      4791      1711      4782      1717      4771      1700      4749      1672      4815      1741 PARcau 5.109693e-05 1.814066e-04 0.999767
   101   1       1799       1423  8.944  24.597 168.5 63.435     1788     1417     1812     1430     24     13      1786      1424      1808      1413      1812      1421      1790      1432      1763      1392      1837      1455 PARcau 7.858039e-05 2.440140e-06 0.999919
   102   5        985        234  7.000   7.000  29.0 90.000      983      231      991      239      8      8       983       231       990       231       990       238       983       238       958       206      1016       264 PARcau 3.895627e-02 1.982159e-01 0.762828
   102   0       4777       1707  9.862  19.981 137.5 30.964     4768     1701     4788     1714     20     13      4771      1697      4788      1708      4783      1716      4766      1706      4743      1676      4813      1739 PARcau 1.539369e-05 2.656775e-04 0.999719
   102   1       1788       1427  9.849  23.770 167.5 68.199     1778     1421     1801     1435     23     14      1775      1427      1797      1418      1801      1427      1779      1436      1753      1396      1826      1460 PARcau 1.157364e-03 1.266051e-07 0.998843
   103   0       4769       1707  9.000  23.000 148.5 90.000     4759     1703     4783     1713     24     10      4759      1703      4782      1703      4782      1712      4759      1712      4734      1678      4808      1738 PARcau 3.660254e-04 6.935626e-03 0.992698
   103   1       1778       1432  9.179  26.387 177.5 63.435     1767     1426     1791     1441     24     15      1764      1434      1787      1422      1792      1430      1768      1442      1742      1401      1816      1466 PARcau 3.520156e-05 1.232081e-07 0.999965
   104   0       4762       1708  8.559  23.135 150.0 83.660     4751     1704     4775     1714     24     10      4750      1705      4773      1703      4774      1711      4751      1714      4726      1679      4800      1739 PARcau 2.081542e-03 5.470564e-03 0.992448
   104   1       1768       1438  8.602  25.239 177.0 56.310     1758     1431     1780     1448     22     17      1755      1442      1776      1428      1781      1435      1760      1449      1733      1406      1805      1473 PARcau 4.776277e-07 8.553952e-09 1.000000
   105   5        987        233  5.701   8.860  32.5 71.565      983      230      991      239      8      9       983       230       988       229       991       237       985       239       958       205      1016       264 PARcau 1.717273e-03 6.467852e-03 0.991815
   105   1       1758       1444  8.602  25.239 171.0 56.310     1747     1437     1770     1453     23     16      1745      1448      1766      1434      1771      1441      1750      1455      1722      1412      1795      1478 PARcau 9.879792e-04 3.236451e-05 0.998980
   105   0       4754       1711  8.544  23.409 138.0 68.199     4743     1706     4767     1717     24     11      4741      1711      4763      1703      4766      1711      4744      1719      4718      1681      4792      1742 PARcau 3.229581e-05 7.304057e-05 0.999895
   106   5        987        234  6.103  11.011  36.0 53.130      984      229      993      241      9     12       987       228       994       237       989       240       982       232       959       204      1018       266 PARcau 4.102488e-04 6.025892e-03 0.993564
   106   1       1746       1450  8.500  25.715 162.5 63.435     1735     1444     1759     1458     24     14      1733      1453      1756      1441      1760      1449      1737      1460      1710      1419      1784      1483 PARcau 3.131809e-01 1.287001e-06 0.686818
   106   0       4744       1715  7.159  23.964 120.0 66.801     4733     1710     4756     1723     23     13      4731      1717      4753      1707      4756      1714      4734      1723      4708      1685      4781      1748 PARcau 4.166085e-06 9.381571e-06 0.999986
   107   5        988        234  5.385  11.180  33.5 63.435      985      229      993      241      8     12       988       228       993       238       988       240       983       230       960       204      1018       266 PARcau 4.466494e-03 4.736365e-03 0.990797
   107   1       1735       1455  9.618  25.269 172.5 63.435     1723     1449     1747     1463     24     14      1721      1457      1744      1446      1748      1454      1726      1466      1698      1424      1772      1488 PARcau 4.967769e-03 8.562453e-05 0.994947
   107   3       4926        372  6.000   9.000  38.5  0.000     4924      368     4931      378      7     10      4924       368      4930       368      4930       377      4924       377      4899       343      4956       403 PARcau 2.939877e-02 1.546164e-02 0.955140
   107   0       4737       1720  7.632  21.708 114.5 60.255     4728     1714     4748     1728     20     14      4725      1722      4744      1711      4748      1718      4729      1728      4703      1689      4773      1753 PARcau 1.477895e-06 5.989715e-05 0.999939
   108   5        989        234  9.220   9.220  44.0 11.310      985      230      994      241      9     11       985       229       994       231       992       240       983       238       960       205      1019       266 PARcau 8.689685e-03 3.157378e-02 0.959737
   108   3       4926        374  6.000  12.000  48.0  0.000     4924      369     4931      382      7     13      4924       369      4930       369      4930       381      4924       381      4899       344      4956       407 PARcau 2.659548e-01 9.287391e-02 0.641171
   108   0       4735       1723  8.485  21.932 111.5 45.000     4727     1716     4746     1732     19     16      4725      1728      4740      1712      4746      1718      4731      1734      4702      1691      4771      1757 PARcau 3.099553e-07 8.234799e-07 0.999999
   108   1       1724       1459  9.394  26.196 176.5 66.801     1712     1453     1737     1467     25     14      1710      1460      1734      1450      1738      1458      1714      1469      1687      1428      1762      1492 PARcau 3.385327e-05 1.341690e-06 0.999965
   108   2       2620       2703  6.000   6.000  27.0 90.000     2618     2700     2625     2707      7      7      2618      2700      2624      2700      2624      2706      2618      2706      2593      2675      2650      2732 PARcau 9.370742e-05 9.720485e-01 0.027858
   109   5        989        233  8.000  11.000  36.5 90.000      985      229      994      241      9     12       985       229       993       229       993       240       985       240       960       204      1019       266 PARcau 7.773574e-02 2.248870e-01 0.697377
   109   3       4926        376  6.576  11.102  35.5  7.125     4923      371     4931      383      8     12      4924       370      4930       371      4929       382      4922       381      4898       346      4956       408 PARcau 3.283019e-02 3.232195e-02 0.934848
   109   0       4738       1725  9.220  17.029  67.5 39.806     4733     1717     4747     1733     14     16      4729      1728      4740      1715      4747      1721      4736      1734      4708      1692      4772      1758 PARcau 1.604199e-06 2.707442e-05 0.999971
   109   1       1713       1463  9.394  25.715 175.0 63.435     1701     1457     1726     1471     25     14      1699      1465      1722      1453      1726      1462      1703      1473      1676      1432      1751      1496 PARcau 6.650075e-07 1.605675e-08 0.999999
   110   5        990        233  9.220  10.198  41.0 14.036      985      229      995      241     10     12       985       228       994       230       992       240       983       238       960       204      1020       266 PARcau 1.248096e-02 2.284959e-02 0.964669
   110   0       4744       1725  8.732  13.463  53.0 14.036     4740     1718     4750     1733     10     15      4741      1717      4750      1719      4746      1732      4738      1730      4715      1693      4775      1758 PARcau 1.258689e-05 4.029139e-05 0.999947
   110   1       1702       1467  9.657  25.164 174.5 68.199     1691     1461     1715     1475     24     14      1688      1467      1712      1458      1715      1467      1692      1476      1666      1436      1740      1500 PARcau 1.558604e-03 5.057772e-07 0.998441
   111   5        990        233  6.801   9.657  43.0 68.199      987      230      996      240      9     10       985       230       992       228       995       237       989       239       962       205      1021       265 PARcau 5.207123e-03 3.612525e-03 0.991180
   111   0       4750       1725  8.246  13.342  56.0 75.964     4746     1718     4756     1732     10     14      4744      1718      4752      1716      4755      1729      4747      1731      4721      1693      4781      1757 PARcau 1.651382e-05 7.958179e-05 0.999904
   111   1       1691       1472 10.062  25.045 176.5 63.435     1681     1465     1704     1480     23     15      1678      1473      1700      1462      1705      1471      1682      1482      1656      1440      1729      1505 PARcau 4.585931e-06 4.901379e-08 0.999995
   112   5        991        232  7.810   9.899  42.5 45.000      987      229      996      241      9     12       990       227       997       234       992       240       985       233       962       204      1021       266 PARcau 5.534269e-02 4.470224e-02 0.899955
   112   0       4755       1726  8.485  18.385  98.5 45.000     4748     1720     4764     1734     16     14      4752      1717      4765      1730      4759      1736      4746      1723      4723      1695      4789      1759 PARcau 3.249909e-04 2.755210e-04 0.999400
   112   1       1681       1477  9.394  24.824 170.5 63.435     1670     1471     1694     1486     24     15      1668      1479      1690      1467      1694      1476      1672      1487      1645      1446      1719      1511 PARcau 8.056274e-05 2.272678e-06 0.999917
   113   5        991        233  7.000   8.000  42.0 90.000      988      229      996      238      8      9       988       229       995       229       995       237       988       237       963       204      1021       263 PARcau 2.219367e-02 2.636177e-02 0.951445
   113   0       4761       1730  9.014  22.743 115.5 33.690     4752     1723     4772     1738     20     15      4754      1720      4773      1732      4768      1740      4749      1727      4727      1698      4797      1763 PARcau 1.903744e-06 1.021097e-06 0.999997
   113   1       1671       1483  8.944  25.060 172.0 63.435     1660     1476     1683     1492     23     16      1658      1485      1680      1473      1684      1481      1662      1493      1635      1451      1708      1517 PARcau 7.927643e-07 3.885787e-08 0.999999
   114   5        991        233  6.265  10.062  37.5 63.435      988      229      997      238      9      9       986       230       992       227       996       236       991       239       963       204      1022       263 PARcau 5.945042e-03 1.753591e-02 0.976519
   114   0       4769       1734  8.732  22.809 129.0 26.565     4759     1728     4781     1742     22     14      4760      1725      4781      1735      4777      1743      4757      1733      4734      1703      4806      1767 PARcau 5.515221e-05 9.690127e-05 0.999848
   114   1       1661       1489  9.394  25.715 177.5 63.435     1650     1482     1673     1497     23     15      1647      1490      1670      1479      1674      1487      1651      1499      1625      1457      1698      1522 PARcau 3.517094e-02 7.244044e-04 0.964105
   115   1       1650       1494 10.124  24.870 177.5 59.036     1639     1487     1663     1502     24     15      1637      1496      1658      1484      1664      1492      1642      1505      1614      1462      1688      1527 PARcau 3.599032e-03 2.585183e-06 0.996398
   115   0       4778       1738  7.433  22.611 131.0 18.435     4767     1733     4790     1745     23     12      4768      1731      4790      1738      4787      1745      4766      1738      4742      1708      4815      1770 PARcau 2.444143e-05 8.112602e-05 0.999894
   116   1       1640       1498  8.732  25.539 177.0 66.801     1628     1492     1653     1506     25     14      1626      1500      1650      1490      1653      1498      1630      1508      1603      1467      1678      1531 PARcau 5.467665e-03 1.966375e-04 0.994336
   116   0       4786       1741  8.860  24.135 147.5 14.036     4775     1736     4799     1748     24     12      4776      1734      4799      1739      4797      1748      4773      1742      4750      1711      4824      1773 PARcau 5.360084e-06 5.141643e-06 0.999990
   117   1       1628       1502  9.192  25.348 172.5 68.199     1616     1497     1641     1510     25     13      1614      1503      1638      1494      1641      1502      1618      1512      1591      1472      1666      1535 PARcau 2.447940e-03 1.556845e-07 0.997552
   117   0       4795       1743  8.246  24.515 151.5 11.310     4784     1739     4808     1749     24     10      4784      1737      4808      1742      4806      1750      4782      1745      4759      1714      4833      1774 PARcau 4.835804e-04 1.345659e-05 0.999503
   118   0       4804       1745  8.000  24.000 147.5 90.000     4793     1741     4818     1750     25      9      4793      1741      4817      1741      4817      1749      4793      1749      4768      1716      4843      1775 PARcau 5.599642e-05 4.488317e-05 0.999899
   118   1       1617       1506  9.014  24.192 169.0 71.565     1606     1500     1630     1513     24     13      1604      1506      1627      1498      1630      1507      1607      1514      1581      1475      1655      1538 PARcau 2.947201e-06 7.197794e-08 0.999997
   119   0       4823       1746  7.000  24.000 136.0 90.000     4812     1743     4837     1751     25      8      4812      1743      4836      1743      4836      1750      4812      1750      4787      1718      4862      1776 PARcau 1.320563e-03 3.509138e-03 0.995170
   119   1       1596       1514  8.944  24.597 167.0 63.435     1585     1508     1608     1522     23     14      1583      1516      1605      1505      1609      1513      1587      1524      1560      1483      1633      1547 PARcau 3.079850e-01 7.687101e-03 0.684328
   119   3       4920        405  5.657  11.314  36.5 45.000     4917      400     4926      411      9     11      4915       407      4923       399      4927       403      4919       411      4892       375      4951       436 PARcau 5.715904e-06 7.833802e-05 0.999916
   120   3       4920        406  7.500  12.420  53.5 38.660     4915      402     4926      413     11     11      4913       409      4921       400      4927       404      4919       414      4890       377      4951       438 PARcau 4.790018e-06 2.645076e-05 0.999969
   120   5        996        232  6.403   9.220  29.0 51.340      992      228     1001      238      9     10       995       226      1001       233       996       237       990       230       967       203      1026       263 PARcau 4.519244e-04 3.677776e-04 0.999180
   120   1       1587       1518  9.657  22.006 149.0 68.199     1578     1512     1599     1526     21     14      1575      1517      1595      1509      1599      1518      1578      1526      1553      1487      1624      1551 PARcau 1.106328e-04 5.768008e-04 0.999313
   120   0       4833       1745  8.000  24.000 148.5 90.000     4822     1742     4847     1751     25      9      4822      1742      4846      1742      4846      1750      4822      1750      4797      1717      4872      1776 PARcau 8.223064e-03 3.251651e-03 0.988525
   121   5        996        232  6.403   9.220  25.5 51.340      992      228     1001      238      9     10       995       226      1001       233       996       237       990       230       967       203      1026       263 PARcau 1.275622e-02 4.794595e-03 0.982449
   121   3       4919        409  7.211  15.264  77.5 33.690     4914      403     4926      416     12     13      4912       413      4920       400      4926       404      4918       417      4889       378      4951       441 PARcau 6.461510e-07 8.048511e-06 0.999991
   121   1       1578       1523  8.602  23.854 140.0 56.310     1567     1516     1589     1532     22     16      1565      1526      1585      1513      1590      1520      1570      1533      1542      1491      1614      1557 PARcau 2.842870e-04 1.571739e-04 0.999559
   121   0       4844       1744  8.000  23.000 140.5 90.000     4833     1741     4857     1750     24      9      4833      1741      4856      1741      4856      1749      4833      1749      4808      1716      4882      1775 PARcau 4.288967e-05 1.082378e-04 0.999849
   122   5        996        232  5.657   8.485  27.5 45.000      992      228     1001      238      9     10       995       227      1001       233       997       237       991       231       967       203      1026       263 PARcau 9.831383e-04 7.890860e-04 0.998228
   122   3       4918        410  7.778  17.678  85.0 45.000     4912      403     4926      419     14     16      4910       414      4922       401      4928       407      4915       419      4887       378      4951       444 PARcau 2.560989e-05 2.799830e-04 0.999694
   122   1       1567       1528  8.500  21.243 129.0 63.435     1558     1523     1579     1536     21     13      1556      1529      1575      1520      1579      1527      1560      1537      1533      1498      1604      1561 PARcau 1.413230e-02 1.037920e-03 0.984830
   122   0       4854       1743  8.000  24.000 149.0 90.000     4843     1740     4868     1749     25      9      4843      1740      4867      1740      4867      1748      4843      1748      4818      1715      4893      1774 PARcau 5.876027e-04 6.570823e-05 0.999347
   123   5        996        232  5.385   8.944  32.0 63.435      994      228     1001      238      7     10       992       229       997       227      1001       235       996       237       969       203      1026       263 PARcau 1.009889e-02 1.135493e-02 0.978546
   123   3       4917        412  8.201  20.304  92.5 38.660     4910      405     4926      421     16     16      4908       417      4920       401      4927       406      4914       422      4885       380      4951       446 PARcau 1.305873e-06 5.963464e-06 0.999993
   123   1       1558       1533  8.746  24.870 163.0 60.255     1547     1527     1570     1542     23     15      1545      1536      1566      1524      1571      1531      1549      1544      1522      1502      1595      1567 PARcau 1.920800e-03 1.073582e-07 0.998079
   123   0       4865       1742  7.000  23.000 131.5 90.000     4854     1739     4878     1747     24      8      4854      1739      4877      1739      4877      1746      4854      1746      4829      1714      4903      1772 PARcau 2.685055e-05 1.209622e-06 0.999972
   124   3       4915        414  7.071  19.105  70.5 45.000     4908      407     4924      423     16     16      4906       419      4919       405      4924       410      4911       424      4883       382      4949       448 PARcau 3.466621e-07 1.817130e-06 0.999998
   124   1       1547       1539  9.434  25.239 171.0 56.310     1536     1532     1560     1547     24     15      1534      1542      1555      1528      1560      1536      1539      1550      1511      1507      1585      1572 PARcau 1.502767e-02 2.274342e-06 0.984970
   124   0       4875       1741  7.000  24.000 130.5 90.000     4864     1738     4889     1746     25      8      4864      1738      4888      1738      4888      1745      4864      1745      4839      1713      4914      1771 PARcau 2.586214e-04 1.018751e-04 0.999640
   125   3       4912        418  6.103  19.007  55.0 35.538     4906      410     4921      425     15     15      4905       423      4916       407      4921       411      4910       426      4881       385      4946       450 PARcau 4.190416e-05 2.058444e-05 0.999938
   125   1       1537       1544  8.944  25.942 181.0 63.435     1525     1537     1550     1552     25     15      1523      1546      1546      1534      1550      1542      1527      1554      1500      1512      1575      1577 PARcau 6.581413e-02 2.397622e-07 0.934186
   125   0       4886       1740  7.000  23.000 135.0 90.000     4875     1737     4899     1745     24      8      4875      1737      4898      1737      4898      1744      4875      1744      4850      1712      4924      1770 PARcau 1.441937e-05 2.548554e-05 0.999960
   126   3       4909        421  6.403  18.601  63.0 36.870     4903      413     4917      429     14     16      4901       426      4912       411      4917       415      4906       430      4878       388      4942       454 PARcau 9.282095e-07 4.236407e-06 0.999995
   126   1       1526       1548  9.657  25.164 177.0 68.199     1514     1542     1539     1555     25     13      1512      1548      1535      1539      1539      1548      1515      1557      1489      1517      1564      1580 PARcau 1.021845e-02 5.085309e-05 0.989731
   126   0       4897       1740  7.000  25.000 149.0 90.000     4885     1737     4911     1745     26      8      4885      1737      4910      1737      4910      1744      4885      1744      4860      1712      4936      1770 PARcau 2.776626e-04 7.813459e-03 0.991909
   127   3       4906        424  7.071  16.971  70.0 45.000     4900      419     4915      431     15     12      4898       427      4910       415      4915       420      4903       432      4875       394      4940       456 PARcau 5.773455e-06 2.019809e-05 0.999974
   127   1       1516       1551  9.618  25.269 178.5 63.435     1504     1545     1529     1559     25     14      1502      1553      1525      1542      1529      1550      1507      1562      1479      1520      1554      1584 PARcau 8.145478e-07 1.092072e-06 0.999998
   127   0       4907       1741  8.000  23.000 135.0 90.000     4896     1738     4920     1747     24      9      4896      1738      4919      1738      4919      1746      4896      1746      4871      1713      4945      1772 PARcau 2.232655e-05 2.770177e-04 0.999701
   128   3       4905        425  7.071  16.971  69.0 45.000     4899      419     4913      432     14     13      4897       428      4909       416      4914       421      4902       433      4874       394      4938       457 PARcau 2.850422e-06 6.803786e-06 0.999990
   128   1       1506       1555  8.944  25.495 169.0 63.435     1495     1549     1519     1563     24     14      1493      1557      1516      1546      1520      1554      1497      1565      1470      1524      1544      1588 PARcau 2.544583e-03 2.297611e-06 0.997453
   128   0       4918       1743  8.559  23.135 143.0  7.125     4907     1739     4931     1749     24     10      4907      1738      4930      1740      4929      1749      4906      1746      4882      1714      4956      1774 PARcau 1.100157e-04 1.318025e-04 0.999758
   129   3       4904        427  6.364  17.678  72.0 45.000     4897      421     4912      435     15     14      4895       431      4908       419      4912       423      4900       436      4872       396      4937       460 PARcau 3.050563e-05 4.949612e-04 0.999475
   129   1       1496       1560  9.192  24.423 164.5 66.801     1485     1554     1509     1568     24     14      1483      1560      1505      1550      1509      1559      1486      1568      1460      1529      1534      1593 PARcau 4.122811e-05 2.193224e-07 0.999959
   129   0       4929       1746  8.559  22.456 140.5 11.310     4918     1742     4941     1752     23     10      4918      1739      4940      1744      4939      1752      4917      1748      4893      1717      4966      1777 PARcau 1.090378e-02 9.086005e-02 0.898236
   130   3       4902        429  7.211  15.000  57.0 35.538     4896      424     4910      437     14     13      4894       434      4903       422      4909       426      4900       438      4871       399      4935       462 PARcau 5.317824e-06 4.340204e-05 0.999951
   130   1       1485       1565  9.657  25.164 175.5 68.199     1475     1558     1498     1573     23     15      1472      1565      1495      1556      1499      1565      1475      1574      1450      1533      1523      1598 PARcau 4.421334e-07 6.654120e-08 1.000000
   130   0       4938       1749  8.062  22.561 133.5 11.310     4928     1745     4951     1755     23     10      4928      1742      4950      1747      4949      1755      4927      1750      4903      1720      4976      1780 PARcau 1.513032e-01 2.833965e-02 0.820357
   131   3       4901        431  6.364  16.263  49.0 45.000     4895      425     4910      437     15     12      4894       434      4906       423      4910       427      4899       439      4870       400      4935       462 PARcau 9.655479e-06 5.706872e-05 0.999933
   131   1       1475       1570  9.394  25.715 177.5 63.435     1464     1563     1488     1579     24     16      1461      1572      1484      1560      1488      1569      1465      1580      1439      1538      1513      1604 PARcau 1.431346e-06 3.753198e-06 0.999995
   131   0       4945       1750  7.000  13.000  68.5 90.000     4939     1747     4953     1755     14      8      4939      1747      4952      1747      4952      1754      4939      1754      4914      1722      4978      1780 PARcau 8.570816e-03 4.140878e-01 0.577341
   132   3       4898        433  5.000  20.000  51.5 53.130     4890      427     4908      440     18     13      4889       436      4905       424      4908       428      4892       440      4865       402      4933       465 PARcau 3.344798e-06 1.980359e-06 0.999995
   132   1       1465       1576  8.944  24.597 170.5 63.435     1454     1569     1477     1584     23     15      1452      1577      1474      1566      1478      1574      1456      1585      1429      1544      1502      1609 PARcau 6.574428e-04 2.313490e-06 0.999340
   133   3       4893        436  6.103  19.602  60.0 53.130     4886      430     4903      443     17     13      4884       439      4900       427      4903       432      4888       444      4861       405      4928       468 PARcau 2.510440e-05 6.412563e-04 0.999334
   133   1       1455       1581  8.500  25.812 170.0 59.036     1444     1574     1467     1590     23     16      1442      1585      1464      1571      1468      1579      1446      1592      1419      1549      1492      1615 PARcau 1.403102e-05 5.407873e-07 0.999985
   133   0       4972       1757  6.000  17.000  86.5 90.000     4964     1754     4982     1761     18      7      4964      1754      4981      1754      4981      1760      4964      1760      4939      1729      5007      1786 PARcau 9.828281e-04 5.514170e-04 0.998466
   134   3       4889        439  7.778  20.506  81.5 45.000     4882      433     4901      446     19     13      4880       442      4895       427      4900       433      4886       447      4857       408      4926       471 PARcau 1.926637e-04 1.138586e-05 0.999796
   134   1       1444       1587  9.434  24.698 166.5 57.995     1433     1580     1456     1596     23     16      1431      1590      1452      1577      1457      1585      1436      1598      1408      1555      1481      1621 PARcau 5.992305e-06 2.079718e-06 0.999992
   134   0       4979       1757  8.000  23.000 130.5 90.000     4968     1753     4992     1762     24      9      4968      1753      4991      1753      4991      1761      4968      1761      4943      1728      5017      1787 PARcau 2.888211e-04 6.203701e-03 0.993508
   135   3       4885        441  8.201  18.901  93.0 53.130     4878      435     4896      448     18     13      4876       444      4891       432      4896       439      4881       450      4853       410      4921       473 PARcau 1.306803e-07 3.542252e-07 1.000000
   135   1       1435       1592  8.944  24.597 162.0 63.435     1424     1586     1447     1600     23     14      1422      1594      1444      1583      1448      1591      1426      1602      1399      1561      1472      1625 PARcau 1.056265e-03 2.103869e-04 0.998733
   135   0       4988       1756  8.000  23.000 142.0 90.000     4977     1752     5001     1761     24      9      4977      1752      5000      1752      5000      1760      4977      1760      4952      1727      5026      1786 PARcau 3.541163e-05 1.563437e-03 0.998401
   136   0       4995       1755  8.000  24.000 144.0 90.000     4984     1751     5009     1760     25      9      4984      1751      5008      1751      5008      1759      4984      1759      4959      1726      5034      1785 PARcau 2.737992e-05 4.883207e-03 0.995089
   136   1       1424       1596  9.394  25.715 176.5 63.435     1413     1590     1437     1604     24     14      1411      1598      1434      1587      1438      1595      1415      1607      1388      1565      1462      1629 PARcau 1.796435e-06 5.919226e-07 0.999998
   136   3       4878        446  7.632  22.743 127.5 56.310     4869      440     4890      454     21     14      4867       449      4886       437      4890       443      4871       456      4844       415      4915       479 PARcau 2.507917e-05 4.117483e-05 0.999934
   137   3       4878        446  7.632  22.743 124.0 56.310     4869      440     4890      454     21     14      4867       449      4886       437      4890       443      4871       456      4844       415      4915       479 PARcau 2.507917e-05 4.117483e-05 0.999934
   137   1       1415       1600  8.944  24.597 168.0 63.435     1404     1594     1427     1609     23     15      1402      1602      1424      1591      1428      1599      1406      1610      1379      1569      1452      1634 PARcau 6.880911e-05 1.052387e-06 0.999930
   137   0       5006       1753  7.566  23.436 130.0 78.690     4995     1749     5019     1758     24      9      4994      1752      5017      1747      5018      1755      4995      1759      4970      1724      5044      1783 PARcau 4.534987e-06 2.247813e-05 0.999973
   138   3       4875        449  8.062  20.591 111.0 59.036     4866      443     4886      456     20     13      4864       450      4882       440      4886       447      4868       457      4841       418      4911       481 PARcau 5.100562e-05 2.279525e-05 0.999926
   138   1       1405       1605  9.394  25.812 174.0 68.199     1394     1599     1418     1613     24     14      1391      1605      1415      1596      1419      1604      1395      1614      1369      1574      1443      1638 PARcau 1.025889e-03 1.006057e-06 0.998973
   138   0       5016       1751  7.566  23.436 129.0 78.690     5005     1747     5029     1757     24     10      5004      1749      5027      1745      5028      1752      5005      1757      4980      1722      5054      1782 PARcau 1.018607e-05 7.097030e-06 0.999983
   139   3       4873        450  7.632  18.608  97.0 59.036     4866      445     4883      458     17     13      4863       451      4879       442      4883       448      4867       458      4841       420      4908       483 PARcau 5.945132e-06 1.547665e-06 0.999992
   139   1       1394       1610 10.296  24.597 173.0 63.435     1384     1604     1407     1618     23     14      1381      1611      1403      1600      1408      1609      1386      1620      1359      1579      1432      1643 PARcau 1.431478e-04 1.565123e-05 0.999841
   139   0       5027       1749  8.062  23.537 131.0 78.690     5016     1745     5040     1754     24      9      5015      1747      5038      1742      5039      1750      5016      1755      4991      1720      5065      1779 PARcau 3.701772e-04 3.835524e-05 0.999592
   140   3       4870        451  7.382  20.797  90.0 63.435     4861      446     4880      458     19     12      4859       453      4878       444      4881       450      4863       460      4836       421      4905       483 PARcau 5.157631e-06 2.428136e-07 0.999995
   140   1       1385       1615 10.296  24.597 173.5 63.435     1374     1608     1397     1624     23     16      1371      1616      1393      1605      1398      1614      1376      1625      1349      1583      1422      1649 PARcau 1.039349e-05 1.349027e-06 0.999988
   140   0       5037       1747  7.566  23.135 126.0 83.660     5026     1743     5050     1752     24      9      5025      1744      5048      1742      5049      1749      5026      1752      5001      1718      5075      1777 PARcau 1.045007e-03 3.437471e-03 0.995518
   141   3       4867        452  8.062  20.616 100.0 66.038     4858      447     4879      460     21     13      4856       453      4875       445      4879       452      4860       460      4833       422      4904       485 PARcau 1.832952e-05 5.504546e-05 0.999927
   141   1       1375       1620  8.944  25.495 172.5 63.435     1364     1614     1387     1629     23     15      1361      1622      1384      1611      1388      1619      1365      1630      1339      1589      1412      1654 PARcau 2.756538e-01 5.596048e-05 0.724290
   141   0       5047       1746  7.566  21.290 122.5 80.538     5037     1742     5059     1751     22      9      5036      1744      5057      1740      5058      1748      5037      1751      5012      1717      5084      1776 PARcau 1.112223e-05 2.690442e-05 0.999962
   142   3       4863        454  7.159  21.243  75.0 63.435     4855      449     4875      461     20     12      4853       455      4872       445      4875       452      4856       461      4830       424      4900       486 PARcau 3.156755e-05 1.072555e-05 0.999958
   142   1       1365       1626 10.000  25.239 178.5 56.310     1354     1619     1377     1635     23     16      1351      1629      1372      1615      1378      1623      1357      1637      1329      1594      1402      1660 PARcau 2.005298e-06 3.144037e-07 0.999998
   142   0       5057       1745  7.000  21.000 122.0 90.000     5047     1742     5069     1750     22      8      5047      1742      5068      1742      5068      1749      5047      1749      5022      1717      5094      1775 PARcau 8.228818e-05 1.794536e-05 0.999900
   143   3       4860        455  7.826  19.679  71.0 63.435     4852      451     4871      461     19     10      4850       456      4868       447      4871       454      4854       463      4827       426      4896       486 PARcau 4.289786e-04 1.100371e-05 0.999560
   143   1       1355       1632 10.062  25.045 181.0 63.435     1345     1625     1367     1641     22     16      1342      1633      1364      1622      1369      1631      1346      1642      1320      1600      1392      1666 PARcau 2.038522e-05 1.231080e-08 0.999980
   143   0       5066       1744  7.000  21.000 117.0 90.000     5056     1741     5078     1749     22      8      5056      1741      5077      1741      5077      1748      5056      1748      5031      1716      5103      1774 PARcau 3.520799e-06 1.528359e-05 0.999981
   144   3       4857        456  7.159  20.131  54.5 75.964     4850      451     4870      461     20     10      4849       455      4868       450      4870       457      4850       462      4825       426      4895       486 PARcau 4.198994e-05 2.406281e-05 0.999934
   144   0       5074       1744  7.000  22.000 129.0 90.000     5064     1741     5087     1749     23      8      5064      1741      5086      1741      5086      1748      5064      1748      5039      1716      5112      1774 PARcau 8.283008e-05 4.577788e-03 0.995339
   144   1       1345       1638  9.434  25.239 180.0 56.310     1334     1631     1357     1647     23     16      1332      1642      1353      1628      1358      1636      1337      1650      1309      1606      1382      1672 PARcau 1.579223e-04 3.410925e-06 0.999839
   145   3       4854        457  5.852  18.581  52.5 66.801     4847      453     4866      462     19      9      4846       457      4863       450      4865       455      4848       463      4822       428      4891       487 PARcau 3.207892e-04 2.356237e-06 0.999677
   145   0       5082       1744  8.000  21.000 130.5 90.000     5072     1741     5094     1750     22      9      5072      1741      5093      1741      5093      1749      5072      1749      5047      1716      5119      1775 PARcau 1.437742e-03 2.005631e-03 0.996557
   145   1       1334       1644  8.944  24.597 169.0 63.435     1323     1637     1347     1653     24     16      1321      1646      1343      1635      1347      1643      1325      1654      1298      1612      1372      1678 PARcau 4.648174e-04 6.792969e-06 0.999528
   146   3       4854        457  5.852  15.977  46.0 69.444     4846      453     4863      462     17      9      4845       457      4860       451      4862       457      4847       462      4821       428      4888       487 PARcau 1.305976e-05 2.422188e-05 0.999963
   146   0       5089       1746  8.000  21.000 134.5 90.000     5079     1742     5101     1751     22      9      5079      1742      5100      1742      5100      1750      5079      1750      5054      1717      5126      1776 PARcau 9.776022e-05 8.570864e-04 0.999045
   146   1       1323       1650  9.618  25.269 179.5 63.435     1312     1643     1336     1658     24     15      1310      1652      1332      1640      1337      1649      1314      1660      1287      1618      1361      1683 PARcau 5.254578e-04 7.125615e-08 0.999474
   147   3       4853        457  5.220  12.855  27.5 75.964     4846      454     4860      462     14      8      4845       456      4857       453      4859       458      4846       461      4821       429      4885       487 PARcau 2.439165e-05 1.826289e-05 0.999957
   147   0       5096       1747  9.000  22.000 150.5 90.000     5086     1743     5109     1753     23     10      5086      1743      5108      1743      5108      1752      5086      1752      5061      1718      5134      1778 PARcau 6.035315e-04 1.377380e-03 0.998019
   147   1       1312       1655  9.849  25.495 186.0 63.435     1301     1648     1325     1663     24     15      1299      1656      1322      1645      1326      1654      1303      1665      1276      1623      1350      1688 PARcau 1.157904e-03 1.094885e-05 0.998831