 Frame  ID  CentroidX  CentroidY  Width  Length  Area  Angle  Box_TLX  Box_TLY  Box_BRX  Box_BRY  Box_W  Box_H  rBox_TLX  rBox_TLY  rBox_TRX  rBox_TRY  rBox_BRX  rBox_BRY  rBox_BLX  rBox_BLY  lBox_TLX  lBox_TLY  lBox_BRX  lBox_BRY  Label       HOMver       NONpro   PARcau
    21   0       3508         67 12.000  24.000 216.5 90.000     3497       62     3522       75     25     13      3497        62      3521        62      3521        74      3497        74      3472        37      3547       100 PARcau 3.598762e-02 1.452263e-01 0.818786
    22   0       3516         66  5.000   8.000  34.5 90.000     3512       64     3521       70      9      6      3512        64      3520        64      3520        69      3512        69      3487        39      3546        95 PARcau 2.261771e-02 1.673967e-02 0.960643
    42   1       4794       2698  6.000  10.000  44.5 90.000     4789     2696     4800     2703     11      7      4789      2696      4799      2696      4799      2702      4789      2702      4764      2671      4825      2728 PARcau 1.399470e-04 1.265218e-06 0.999859
    43   1       4791       2699  6.000   9.000  40.0 90.000     4787     2696     4797     2703     10      7      4787      2696      4796      2696      4796      2702      4787      2702      4762      2671      4822      2728 PARcau 7.962168e-05 5.440236e-06 0.999915
    44   1       4788       2699  6.000   8.000  36.0 90.000     4785     2697     4794     2704      9      7      4785      2697      4793      2697      4793      2703      4785      2703      4760      2672      4819      2729 PARcau 7.763058e-06 3.604223e-06 0.999989
    46   2        108       2319  5.657  11.314  57.5 45.000      104     2315      114     2325     10     10       102      2321       110      2313       114      2317       106      2325        79      2290       139      2350 PARcau 1.358379e-04 3.783746e-05 0.999826
    47   2        109       2315 10.000  15.000 109.0 90.000      104     2308      115     2324     11     16       104      2308       114      2308       114      2323       104      2323        79      2283       140      2349 PARcau 4.969021e-03 1.433245e-04 0.994888
    48   2        110       2312  9.487  16.763 119.5 18.435      105     2304      116     2321     11     17       108      2302       117      2305       112      2321       103      2318        80      2279       141      2346 PARcau 4.535379e-04 7.337070e-04 0.998813
    49   2        111       2309  8.944  16.553 103.0 26.565      107     2301      117     2318     10     17       111      2299       119      2303       112      2318       104      2314        82      2276       142      2343 PARcau 2.233987e-05 2.852213e-04 0.999692
    50   2        113       2305  8.000  16.000  93.5 90.000      109     2297      118     2314      9     17       109      2297       117      2297       117      2313       109      2313        84      2272       143      2339 PARcau 1.410321e-04 1.227006e-04 0.999736
    51   2        114       2302  6.000  16.000  75.5 90.000      111     2294      118     2311      7     17       111      2294       117      2294       117      2310       111      2310        86      2269       143      2336 PARcau 1.128152e-02 6.722542e-03 0.981996
    52   2        114       2298  7.000  17.000  70.5  0.000      111     2290      119     2308      8     18       111      2290       118      2290       118      2307       111      2307        86      2265       144      2333 PARcau 1.480831e-02 6.024625e-03 0.979167
    53   2        114       2293  7.071  15.133  72.0 84.289      111     2286      119     2302      8     16       109      2286       116      2285       118      2300       111      2301        86      2261       144      2327 PARcau 1.558950e-04 3.793215e-05 0.999806
    54   2        113       2292  7.000  16.000  77.5 90.000      110     2284      118     2301      8     17       110      2284       117      2284       117      2300       110      2300        85      2259       143      2326 PARcau 4.354367e-05 5.958137e-05 0.999897
    55   2        113       2289  7.000  16.000  68.5 90.000      110     2282      118     2299      8     17       110      2282       117      2282       117      2298       110      2298        85      2257       143      2324 PARcau 1.269816e-03 2.510312e-04 0.998479
    56   2        113       2287  6.576  17.357  63.0 78.690      110     2280      118     2298      8     18       109      2280       115      2279       119      2296       112      2297        85      2255       143      2323 PARcau 1.070142e-04 2.884289e-05 0.999864
    57   2        113       2286  7.000  14.000  51.5 90.000      110     2280      118     2295      8     15       110      2280       117      2280       117      2294       110      2294        85      2255       143      2320 PARcau 1.938518e-02 2.074612e-04 0.980407
    58   2        113       2285  6.083  14.142  50.5 81.870      110     2278      118     2293      8     15       109      2278       115      2277       117      2291       111      2292        85      2253       143      2318 PARcau 1.165283e-02 3.027977e-04 0.988044
    59   2        113       2283  5.590  13.086  30.5 82.875      110     2278      117     2292      7     14       109      2278       115      2277       116      2290       111      2291        85      2253       142      2317 PARcau 3.629522e-04 1.892647e-05 0.999618
    72   1       4805       2698  7.000  10.000  55.5 90.000     4800     2695     4811     2703     11      8      4800      2695      4810      2695      4810      2702      4800      2702      4775      2670      4836      2728 PARcau 1.928896e-02 5.641609e-04 0.980147
    73   1       4805       2697  9.000  13.000  81.0 90.000     4798     2693     4812     2703     14     10      4798      2693      4811      2693      4811      2702      4798      2702      4773      2668      4837      2728 PARcau 1.509215e-03 2.240750e-05 0.998468
    74   1       4805       2696 10.607  13.435 104.0 45.000     4799     2691     4813     2703     14     12      4797      2697      4807      2688      4814      2695      4805      2705      4774      2666      4838      2728 PARcau 1.221342e-03 1.643003e-04 0.998614
    75   1       4806       2695 11.314  15.556 121.0 45.000     4799     2689     4814     2703     15     14      4797      2697      4808      2686      4816      2694      4805      2705      4774      2664      4839      2728 PARcau 4.436166e-03 1.565335e-03 0.993999
    76   1       4807       2694 11.236  16.919 138.0 33.690     4800     2687     4815     2703     15     16      4807      2684      4816      2690      4807      2704      4797      2698      4775      2662      4840      2728 PARcau 1.657732e-02 1.662113e-02 0.966802
    76   2        119       2241  6.364   7.778  39.0 45.000      117     2237      124     2247      7     10       115      2242       120      2236       125      2241       119      2246        92      2212       149      2272 PARcau 2.480679e-02 9.763023e-06 0.975183
    77   1       4808       2692 11.511  18.722 157.5 33.690     4800     2685     4817     2703     17     18      4798      2697      4808      2682      4818      2688      4807      2704      4775      2660      4842      2728 PARcau 2.238304e-03 1.948194e-03 0.995813
    77   2        120       2240  7.649  12.748  66.0 11.310      116     2235      125     2248      9     13       117      2233       125      2235       122      2247       115      2246        91      2210       150      2273 PARcau 2.763875e-02 7.673686e-06 0.972354
    78   2        120       2239  9.000  13.000  86.0 90.000      116     2233      126     2247     10     14       116      2233       125      2233       125      2246       116      2246        91      2208       151      2272 PARcau 5.950117e-02 2.190580e-05 0.940477
    78   1       4809       2691 11.236  20.524 151.5 33.690     4801     2684     4818     2702     17     18      4798      2697      4809      2680      4819      2686      4807      2703      4776      2659      4843      2727 PARcau 5.871168e-02 3.444133e-03 0.937844
    79   1       4809       2690 11.402  19.849 156.5 39.806     4801     2682     4819     2700     18     18      4798      2694      4811      2679      4820      2686      4807      2701      4776      2657      4844      2725 PARcau 4.728583e-02 9.562108e-04 0.951758
    79   2        121       2236  9.192  17.734 118.5 21.801      116     2229      128     2247     12     18       120      2227       128      2230       122      2247       113      2243        91      2204       153      2272 PARcau 2.398444e-02 2.904809e-06 0.976013
    80   1       4810       2689 11.314  21.213 149.0 45.000     4803     2682     4820     2701     17     19      4798      2693      4813      2678      4821      2686      4806      2701      4778      2657      4845      2726 PARcau 1.543432e-02 8.386369e-05 0.984482
    80   2        122       2234  9.434  19.723 135.0 30.964      116     2226      131     2244     15     18       113      2240       123      2223       131      2228       121      2245        91      2201       156      2269 PARcau 4.837121e-02 1.660251e-05 0.951612
    81   1       4812       2688 11.314  22.627 160.0 45.000     4803     2681     4822     2700     19     19      4799      2693      4815      2677      4823      2685      4807      2701      4778      2656      4847      2725 PARcau 1.101987e-02 2.122168e-05 0.988959
    81   2        125       2230 10.404  20.524 154.0 33.690      118     2222      134     2240     16     18       115      2235       126      2218       135      2224       123      2241        93      2197       159      2265 PARcau 1.238582e-01 3.422335e-04 0.875800
    82   1       4814       2686 11.236  22.743 149.5 56.310     4805     2680     4824     2698     19     18      4800      2688      4819      2676      4825      2685      4806      2698      4780      2655      4849      2723 PARcau 7.315128e-02 4.236662e-05 0.926806
    82   2        127       2226  9.899  19.799 160.0 45.000      120     2218      137     2236     17     18       117      2230       131      2216       138      2223       124      2237        95      2193       162      2261 PARcau 1.222260e-01 9.266809e-04 0.876847
    82   3       4307         76 12.000  27.000 231.5 90.000     4294       71     4322       84     28     13      4294        71      4321        71      4321        83      4294        83      4269        46      4347       109 PARcau 2.022187e-01 1.727750e-02 0.780504
    83   1       4815       2685 10.296  23.707 154.5 60.945     4805     2679     4826     2696     21     17      4801      2687      4822      2676      4827      2685      4806      2696      4780      2654      4851      2721 PARcau 2.925116e-01 1.793213e-05 0.707471
    83   2        131       2223  9.899  20.518 150.5 45.000      123     2215      140     2232     17     17       120      2226       135      2212       142      2219       127      2233        98      2190       165      2257 PARcau 2.824922e-04 6.428471e-06 0.999711
    83   3       4316         80 19.000  30.000 429.0 90.000     4301       71     4332       91     31     20      4301        71      4331        71      4331        90      4301        90      4276        46      4357       116 PARcau 5.042635e-02 8.315667e-04 0.948742
    84   1       4816       2684 10.548  23.436 160.0 56.310     4806     2678     4828     2694     22     16      4803      2687      4823      2674      4828      2683      4809      2696      4781      2653      4853      2719 PARcau 7.592251e-01 5.214386e-04 0.240253
    84   2        134       2219  9.192  19.092 139.5 45.000      126     2213      144     2228     18     15       124      2223       138      2210       144      2216       131      2230       101      2188       169      2253 PARcau 2.080428e-04 3.355014e-06 0.999789
    84   3       4325         86 18.868  31.064 466.0 33.690     4312       75     4341       99     29     24      4317        70      4343        87      4333       103      4307        86      4287        50      4366       124 PARcau 3.936138e-03 2.384718e-04 0.995825
    85   1       4818       2683 10.308  24.005 170.5 54.462     4807     2676     4829     2693     22     17      4804      2687      4824      2673      4830      2681      4811      2695      4782      2651      4854      2718 PARcau 7.631442e-01 1.283137e-04 0.236727
    85   2        136       2217  9.192  19.092 135.5 45.000      128     2211      146     2225     18     14       127      2221       140      2207       147      2214       133      2227       103      2186       171      2250 PARcau 1.005160e-04 3.794202e-04 0.999520
    85   3       4337         95 18.822  30.154 436.0 39.806     4324       83     4353      107     29     24      4331        78      4354        98      4342       112      4319        93      4299        58      4378       132 PARcau 5.788558e-02 7.747750e-04 0.941340
    86   1       4820       2682 10.000  23.601 159.5 54.462     4809     2676     4831     2692     22     16      4806      2686      4825      2672      4831      2680      4812      2694      4784      2651      4856      2717 PARcau 5.350192e-01 9.451488e-06 0.464971
    86   2        139       2215  9.301  19.300 130.0 53.130      131     2209      150     2223     19     14       129      2217       144      2205       150      2213       134      2224       106      2184       175      2248 PARcau 2.443724e-02 8.918220e-04 0.974671
    86   3       4351        105 17.029  29.069 389.0 39.806     4339       94     4366      117     27     23      4345        89      4367       108      4356       121      4334       102      4314        69      4391       142 PARcau 4.283134e-02 1.752071e-03 0.955417
    87   1       4821       2682 10.000  23.601 150.5 53.130     4809     2676     4832     2691     23     15      4807      2685      4826      2671      4832      2679      4813      2693      4784      2651      4857      2716 PARcau 7.400153e-01 1.268898e-04 0.259858
    87   2        142       2214  9.434  19.416 127.0 56.310      133     2208      152     2221     19     13       131      2215       147      2204       152      2212       136      2223       108      2183       177      2246 PARcau 4.763083e-04 1.925795e-02 0.980266
    87   3       4365        115 16.125  29.069 368.5 26.565     4353      104     4380      126     27     22      4356       102      4382       115      4374       129      4348       116      4328        79      4405       151 PARcau 1.211854e-02 2.025509e-02 0.967626
    88   1       4821       2681 10.817  23.324 144.5 59.036     4810     2675     4832     2691     22     16      4807      2683      4827      2671      4833      2680      4813      2692      4785      2650      4857      2716 PARcau 8.213331e-01 5.270250e-04 0.178140
    88   2        144       2212  8.500  19.007 111.0 63.435      136     2206      154     2219     18     13       133      2212       150      2204       154      2211       137      2220       111      2181       179      2244 PARcau 2.943321e-04 3.154249e-04 0.999390
    88   3       4378        124 17.000  30.414 399.0 26.565     4365      114     4395      135     30     21      4369       110      4396       124      4388       139      4361       125      4340        89      4420       160 PARcau 1.433612e-01 6.727915e-03 0.849911
    89   1       4823       2680  9.179  22.897 132.0 59.036     4812     2674     4835     2689     23     15      4810      2682      4829      2670      4834      2678      4814      2690      4787      2649      4860      2714 PARcau 4.357261e-01 4.340598e-06 0.564270
    89   2        148       2209  7.826  18.337 110.5 63.435      141     2204      158     2216     17     12       138      2209       155      2201       158      2208       142      2216       116      2179       183      2241 PARcau 3.323957e-04 2.082607e-05 0.999647
    89   3       4392        130 17.868  32.098 435.5 18.435     4378      121     4410      141     32     20      4380       117      4410       127      4405       144      4374       134      4353        96      4435       166 PARcau 4.762045e-03 8.090043e-03 0.987148
    90   1       4825       2679  8.944  22.361 118.5 63.435     4814     2673     4836     2688     22     15      4812      2680      4832      2670      4836      2678      4816      2688      4789      2648      4861      2713 PARcau 7.171509e-01 1.555663e-05 0.282834
    90   2        154       2206  8.078  17.868 106.0 71.565      146     2202      164     2213     18     11       144      2205       161      2200       164      2207       147      2213       121      2177       189      2238 PARcau 2.006007e-07 2.097458e-08 1.000000
    90   3       4405        136 18.385  32.311 444.0 21.801     4391      126     4423      147     32     21      4394       122      4424       134      4417       151      4387       139      4366       101      4448       172 PARcau 1.554688e-02 1.644148e-03 0.982809
    91   1       4828       2677  8.944  23.259 116.0 63.435     4816     2672     4839     2686     23     14      4814      2679      4835      2669      4839      2677      4818      2687      4791      2647      4864      2711 PARcau 4.678880e-01 1.524769e-02 0.516864
    91   2        159       2204  8.544  18.028 103.5 71.565      151     2200      169     2210     18     10       149      2203       166      2197       169      2205       152      2211       126      2175       194      2235 PARcau 7.268766e-04 3.954767e-03 0.995318
    91   3       4419        142 18.118  31.753 435.5 26.565     4405      133     4436      154     31     21      4409       128      4437       142      4429       158      4400       144      4380       108      4461       179 PARcau 1.680024e-01 7.006984e-03 0.824991
    92   1       4830       2676  9.487  23.087 130.5 71.565     4818     2671     4841     2684     23     13      4816      2675      4838      2668      4841      2677      4819      2684      4793      2646      4866      2709 PARcau 2.219052e-01 8.478354e-02 0.693311
    92   2        165       2201  7.616  18.028 100.0 71.565      157     2197      175     2207     18     10       155      2201       172      2195       175      2202       158      2208       132      2172       200      2232 PARcau 3.189259e-04 6.551026e-05 0.999616
    92   3       4429        148 19.000  26.000 353.0 90.000     4418      139     4445      159     27     20      4418       139      4444       139      4444       158      4418       158      4393       114      4470       184 PARcau 2.879760e-01 3.190015e-02 0.680124
    93   1       4832       2676  9.341  23.286 134.0 75.964     4820     2671     4843     2683     23     12      4818      2674      4840      2668      4843      2677      4820      2683      4795      2646      4868      2708 PARcau 1.626341e-02 2.057149e-04 0.983531
    93   2        171       2199  6.801  16.919  87.5 71.565      163     2196      180     2205     17      9       162      2199       178      2193       180      2200       164      2205       138      2171       205      2230 PARcau 2.434643e-03 1.017842e-03 0.996548
    93   3       4445        158 16.971  29.698 301.0 45.000     4430      147     4459      170     29     23      4439       141      4460       162      4448       174      4427       153      4405       122      4484       195 PARcau 1.007065e-01 1.005007e-01 0.798793
    94   1       4834       2675  9.341  23.049 131.5 75.964     4823     2671     4846     2683     23     12      4821      2673      4843      2668      4846      2677      4823      2682      4798      2646      4871      2708 PARcau 1.273136e-02 6.750519e-04 0.986594
    94   2        176       2198  7.159  16.978  87.0 75.964      168     2194      185     2203     17      9       166      2196       183      2192       184      2199       168      2203       143      2169       210      2228 PARcau 1.649773e-03 1.041805e-03 0.997308
    94   3       4456        167 17.066  27.735 374.5 33.690     4443      156     4472      178     29     22      4449       152      4472       168      4463       182      4440       167      4418       131      4497       203 PARcau 8.711640e-02 7.432679e-04 0.912140
    95   1       4837       2674  9.487  23.087 150.5 71.565     4826     2669     4849     2681     23     12      4824      2673      4846      2666      4849      2675      4827      2682      4801      2644      4874      2706 PARcau 9.510559e-02 1.476539e-01 0.757240
    95   2        182       2196  7.000  17.000  93.5 90.000      174     2193      192     2201     18      8       174      2193       191      2193       191      2200       174      2200       149      2168       217      2226 PARcau 9.801330e-04 6.980245e-04 0.998322
    95   3       4467        174 16.553  29.069 362.0 26.565     4455      164     4484      184     29     20      4458       160      4484       173      4477       188      4451       175      4430       139      4509       209 PARcau 7.322608e-04 3.354646e-03 0.995913
    96   1       4841       2672 10.440  22.804 160.5 75.964     4831     2667     4854     2679     23     12      4829      2670      4851      2664      4854      2674      4832      2680      4806      2642      4879      2704 PARcau 8.218751e-04 4.495644e-05 0.999133
    96   2        189       2195  7.000  16.000  82.0 -0.000      181     2192      198     2200     17      8       181      2192       197      2192       197      2199       181      2199       156      2167       223      2225 PARcau 1.946517e-03 8.029224e-04 0.997250
    96   3       4479        179 16.286  29.568 361.5 18.435     4466      170     4496      188     30     18      4468       167      4496       176      4491       192      4463       182      4441       145      4521       213 PARcau 1.596866e-03 7.190641e-05 0.998331
    97   1       4846       2670  9.657  22.006 165.0 69.444     4836     2665     4858     2677     22     12      4834      2669      4854      2661      4858      2670      4837      2678      4811      2640      4883      2702 PARcau 7.517386e-02 1.866500e-03 0.922960
    97   2        195       2194  7.000  16.000  83.5 90.000      188     2191      205     2199     17      8       188      2191       204      2191       204      2198       188      2198       163      2166       230      2224 PARcau 2.300438e-03 3.933943e-04 0.997306
    97   3       4492        183 15.524  30.083 352.5 14.036     4478      175     4509      193     31     18      4480       172      4509       180      4505       195      4476       187      4453       150      4534       218 PARcau 1.907377e-05 7.287541e-06 0.999974
    98   1       4850       2668 10.000  22.000 159.5 90.000     4840     2664     4863     2675     23     11      4840      2664      4862      2664      4862      2674      4840      2674      4815      2639      4888      2700 PARcau 2.816776e-01 3.783433e-04 0.717944
    98   2        203       2194  6.000  16.000  77.0 90.000      196     2191      213     2198     17      7       196      2191       212      2191       212      2197       196      2197       171      2166       238      2223 PARcau 3.011114e-02 4.337987e-04 0.969455
    98   3       4506        187 15.000  29.000 338.0 90.000     4493      180     4523      196     30     16      4493       180      4522       180      4522       195      4493       195      4468       155      4548       221 PARcau 1.206731e-02 4.802796e-04 0.987452
    99   1       4852       2667 10.000  22.000 166.0 90.000     4842     2663     4865     2674     23     11      4842      2663      4864      2663      4864      2673      4842      2673      4817      2638      4890      2699 PARcau 4.296007e-01 4.130054e-05 0.570358
    99   2        212       2194  6.000  15.000  73.0 90.000      205     2191      221     2198     16      7       205      2191       220      2191       220      2197       205      2197       180      2166       246      2223 PARcau 1.985144e-02 2.993293e-02 0.950216
    99   3       4516        191 15.811  22.136 276.5 18.435     4506      184     4530      201     24     17      4508       180      4529       187      4524       202      4503       195      4481       159      4555       226 PARcau 6.482542e-01 1.573420e-06 0.351744
   100   1       4854       2667  9.000  22.000 154.0 90.000     4843     2663     4866     2673     23     10      4843      2663      4865      2663      4865      2672      4843      2672      4818      2638      4891      2698 PARcau 9.489639e-01 1.341296e-06 0.051035
   100   2        220       2193  6.000  16.000  73.5 90.000      213     2191      230     2198     17      7       213      2191       229      2191       229      2197       213      2197       188      2166       255      2223 PARcau 2.008352e-03 7.001193e-03 0.990990
   101   1       4855       2667  9.000  21.000 146.5 90.000     4845     2663     4867     2673     22     10      4845      2663      4866      2663      4866      2672      4845      2672      4820      2638      4892      2698 PARcau 2.977144e-01 6.024382e-04 0.701683
   101   2        229       2193  6.000  16.000  70.5 90.000      221     2191      238     2198     17      7       221      2191       237      2191       237      2197       221      2197       196      2166       263      2223 PARcau 8.334602e-04 4.928463e-02 0.949882
   101   3       4544        204 16.971  21.213 272.0 45.000     4532      196     4557      213     25     17      4543       191      4558       206      4546       218      4531       203      4507       171      4582       238 PARcau 2.039938e-04 1.818148e-04 0.999614
   102   1       4856       2667  9.124  22.853 133.5 11.310     4846     2663     4869     2674     23     11      4846      2661      4869      2665      4867      2674      4845      2670      4821      2638      4894      2699 PARcau 2.674600e-01 3.269917e-04 0.732213
   102   2        237       2192  6.000  15.000  76.5 90.000      230     2190      246     2197     16      7       230      2190       245      2190       245      2196       230      2196       205      2165       271      2222 PARcau 4.421976e-03 9.283063e-03 0.986295
   102   3       4553        210 17.000  24.000 309.0 90.000     4542      202     4567      220     25     18      4542       202      4566       202      4566       219      4542       219      4517       177      4592       245 PARcau 5.414629e-03 9.490313e-03 0.985095
   103   1       4856       2668  8.062  21.213 117.5  8.130     4847     2664     4869     2674     22     10      4847      2662      4868      2665      4867      2673      4846      2670      4822      2639      4894      2699 PARcau 3.494027e-01 4.879890e-04 0.650109
   103   2        244       2192  5.000  15.000  65.5 90.000      237     2190      253     2196     16      6       237      2190       252      2190       252      2195       237      2195       212      2165       278      2221 PARcau 4.667190e-04 1.952257e-03 0.997581
   103   3       4564        216 15.000  25.239 274.0 33.690     4553      209     4578      226     25     17      4558       204      4579       218      4570       230      4549       216      4528       184      4603       251 PARcau 3.995888e-06 1.053414e-03 0.998943
   104   1       4859       2668  8.062  18.439  85.5 11.310     4851     2664     4870     2674     19     10      4851      2662      4869      2666      4868      2674      4850      2670      4826      2639      4895      2699 PARcau 1.291414e-02 1.878069e-04 0.986898
   104   2        245       2192  6.000  15.000  71.0 90.000      238     2189      254     2196     16      7       238      2189       253      2189       253      2195       238      2195       213      2164       279      2221 PARcau 2.794200e-04 4.555424e-03 0.995165
   104   3       4574        220 13.601  26.249 267.5 18.435     4562      214     4589      229     27     15      4564       210      4589       218      4585       231      4560       223      4537       189      4614       254 PARcau 8.552073e-04 7.888385e-02 0.920261
   105   2        244       2193  6.708  15.652  68.0 26.565      238     2190      253     2199     15      9       239      2187       253      2194       250      2200       236      2193       213      2165       278      2224 PARcau 5.942179e-05 1.028687e-06 0.999940
   105   1       4863       2669  6.325  16.763  50.5 18.435     4854     2664     4871     2674     17     10      4855      2663      4871      2668      4869      2674      4853      2669      4829      2639      4896      2699 PARcau 7.188772e-02 9.063821e-05 0.928022
   105   3       4579        220 13.000  26.000 252.5 90.000     4567      214     4594      228     27     14      4567       214      4593       214      4593       227      4567       227      4542       189      4619       253 PARcau 1.997211e-03 9.678011e-03 0.988325
   106   2        246       2196  5.657  14.142  53.5 45.000      240     2192      253     2202     13     10       243      2189       253      2199       249      2203       239      2193       215      2167       278      2227 PARcau 5.652151e-07 9.173152e-08 0.999999
   106   1       4866       2669  6.325  11.402  35.5 14.036     4861     2666     4874     2674     13      8      4862      2665      4873      2668      4871      2674      4860      2671      4836      2641      4899      2699 PARcau 3.364836e-05 5.382737e-06 0.999961
   106   3       4586        219 13.000  25.000 251.0 90.000     4575      214     4601      228     26     14      4575       214      4600       214      4600       227      4575       227      4550       189      4626       253 PARcau 6.526425e-03 4.244699e-04 0.993049
   107   2        247       2197  5.657  12.728  45.0 45.000      242     2192      253     2203     11     11       244      2190       253      2199       249      2203       240      2194       217      2167       278      2228 PARcau 5.967362e-06 1.440714e-07 0.999994
   107   1       4869       2669  7.000  14.000  56.0 90.000     4862     2666     4877     2674     15      8      4862      2666      4876      2666      4876      2673      4862      2673      4837      2641      4902      2699 PARcau 7.160212e-04 8.705711e-08 0.999284
   107   3       4594        219 14.000  25.000 256.0 90.000     4583      213     4609      228     26     15      4583       213      4608       213      4608       227      4583       227      4558       188      4634       253 PARcau 1.152655e-03 4.644464e-04 0.998383
   108   2        247       2196  5.831  13.038  40.0 56.310      243     2191      253     2203     10     12       246      2189       253      2200       248      2203       241      2192       218      2166       278      2228 PARcau 2.397873e-05 1.557537e-06 0.999974
   108   1       4871       2669  7.280  12.369  62.5 14.036     4865     2666     4878     2675     13      9      4866      2664      4878      2667      4876      2674      4864      2671      4840      2641      4903      2700 PARcau 2.133750e-04 3.091554e-07 0.999786
   108   3       4604        218 14.000  26.000 273.0 90.000     4592      212     4619      227     27     15      4592       212      4618       212      4618       226      4592       226      4567       187      4644       252 PARcau 2.162773e-02 2.391587e-03 0.975981
   109   1       4872       2670  7.280  14.560  72.0 18.435     4865     2666     4880     2675     15      9      4866      2664      4880      2668      4878      2675      4864      2671      4840      2641      4905      2700 PARcau 2.664518e-03 1.334613e-07 0.997335
   109   3       4615        218 14.000  25.000 254.5 90.000     4603      212     4629      227     26     15      4603       212      4628       212      4628       226      4603       226      4578       187      4654       252 PARcau 1.331375e-02 4.333346e-03 0.982353
   110   1       4874       2670  8.544  16.155  85.0 21.801     4867     2666     4883     2676     16     10      4868      2663      4883      2669      4880      2677      4865      2671      4842      2641      4908      2701 PARcau 1.030624e-04 1.574875e-07 0.999897
   110   3       4624        218 14.000  24.000 261.0 90.000     4613      212     4638      227     25     15      4613       212      4637       212      4637       226      4613       226      4588       187      4663       252 PARcau 2.644395e-02 3.172865e-03 0.970383
   111   1       4875       2670  7.616  17.000  93.0 26.565     4868     2666     4884     2677     16     11      4869      2663      4884      2671      4881      2678      4866      2670      4843      2641      4909      2702 PARcau 3.910376e-05 8.971560e-07 0.999960
   111   3       4633        219 14.000  24.000 260.0 90.000     4622      213     4647      228     25     15      4622       213      4646       213      4646       227      4622       227      4597       188      4672       253 PARcau 2.171740e-02 1.974216e-02 0.958540
   112   1       4876       2671  7.433  17.923  94.5 21.801     4869     2666     4886     2678     17     12      4869      2664      4886      2671      4883      2678      4867      2671      4844      2641      4911      2703 PARcau 1.892152e-05 8.592546e-06 0.999972
   112   3       4642        221 15.000  24.000 259.5 90.000     4631      214     4656      230     25     16      4631       214      4655       214      4655       229      4631       229      4606       189      4681       255 PARcau 1.507694e-04 6.130482e-05 0.999788
   113   1       4877       2672  7.211  18.358  90.0 29.055     4869     2666     4887     2679     18     13      4871      2664      4887      2673      4883      2679      4867      2670      4844      2641      4912      2704 PARcau 1.345974e-06 1.379554e-08 0.999999
   113   3       4652        224 14.807  23.436 251.5 11.310     4641      217     4665      233     24     16      4642       215      4665       219      4662       234      4639       229      4616       192      4690       258 PARcau 8.676292e-04 7.234726e-04 0.998409
   114   1       4880       2673  8.062  19.416  80.5 33.690     4869     2668     4889     2680     20     12      4872      2663      4888      2674      4884      2681      4868      2670      4844      2643      4914      2705 PARcau 4.367160e-01 1.037230e-06 0.563283
   114   3       4662        227 13.000  22.000 220.0 90.000     4652      221     4675      235     23     14      4652       221      4674       221      4674       234      4652       234      4627       196      4700       260 PARcau 2.534262e-02 2.367574e-05 0.974634
   115   1       4881       2674  7.632  15.532  74.5 33.690     4875     2668     4890     2680     15     12      4876      2666      4889      2675      4885      2681      4872      2673      4850      2643      4915      2705 PARcau 2.256852e-03 3.499617e-08 0.997743
   115   3       4675        230 11.000  23.000 205.5 90.000     4665      225     4689      237     24     12      4665       225      4688       225      4688       236      4665       236      4640       200      4714       262 PARcau 6.522197e-03 8.116985e-06 0.993470
   116   1       4883       2675  7.632  17.241  84.0 30.964     4876     2670     4892     2682     16     12      4877      2668      4892      2676      4888      2683      4873      2674      4851      2645      4917      2707 PARcau 5.196786e-02 5.157413e-06 0.948027
   116   3       4687        233 12.000  22.000 201.5 90.000     4677      228     4700      241     23     13      4677       228      4699       228      4699       240      4677       240      4652       203      4725       266 PARcau 2.680549e-02 3.459648e-05 0.973160
   117   1       4886       2677  8.062  22.472 109.0 30.964     4874     2669     4895     2684     21     15      4876      2666      4895      2678      4891      2685      4872      2673      4849      2644      4920      2709 PARcau 6.762370e-04 3.450666e-06 0.999320
   117   3       4699        235 11.000  24.000 206.5 90.000     4688      231     4713      243     25     12      4688       231      4712       231      4712       242      4688       242      4663       206      4738       268 PARcau 1.277536e-05 1.253722e-08 0.999987
   118   1       4888       2678  8.062  18.868 102.0 30.964     4880     2672     4896     2685     16     13      4881      2669      4897      2679      4893      2686      4877      2676      4855      2647      4921      2710 PARcau 2.005323e-03 6.635202e-07 0.997994
   118   3       4712        236 12.000  24.000 215.0 90.000     4701      231     4726      244     25     13      4701       231      4725       231      4725       243      4701       243      4676       206      4751       269 PARcau 1.095533e-02 1.796185e-04 0.988865
   119   1       4889       2679  8.515  21.966 113.5 41.186     4878     2672     4898     2687     20     15      4882      2667      4898      2681      4893      2688      4876      2673      4853      2647      4923      2712 PARcau 2.897976e-03 1.675324e-06 0.997100
   119   3       4723        237 11.000  23.000 191.5 90.000     4713      232     4737      244     24     12      4713       232      4736       232      4736       243      4713       243      4688       207      4762       269 PARcau 5.856159e-04 1.022054e-06 0.999413
   120   1       4890       2680  8.485  16.971 105.5 45.000     4882     2673     4899     2687     17     14      4886      2670      4898      2682      4892      2688      4880      2676      4857      2648      4924      2712 PARcau 7.626796e-01 9.048280e-07 0.237319
   120   3       4733        237 11.000  21.000 170.0 90.000     4724      232     4746      244     22     12      4724       232      4745       232      4745       243      4724       243      4699       207      4771       269 PARcau 1.634928e-02 1.865835e-04 0.983464
   121   1       4890       2680  8.485  15.556 100.5 45.000     4883     2674     4899     2687     16     13      4887      2671      4898      2682      4892      2688      4881      2677      4858      2649      4924      2712 PARcau 5.175365e-01 3.193655e-06 0.482460
   121   3       4746        236  8.062  21.378 127.5 78.690     4736      232     4758      242     22     10      4735       234      4756       230      4757       238      4736       242      4711       207      4783       267 PARcau 3.947293e-04 1.996229e-04 0.999406
   122   1       4891       2680  7.616  16.155  69.5 23.199     4883     2674     4899     2686     16     12      4884      2673      4899      2679      4896      2686      4881      2680      4858      2649      4924      2711 PARcau 2.195060e-01 5.393745e-05 0.780440
   122   3       4756        236 11.000  20.000 172.0 90.000     4747      231     4768      243     21     12      4747       231      4767       231      4767       242      4747       242      4722       206      4793       268 PARcau 7.778418e-03 1.320878e-03 0.990901
   123   1       4892       2680  7.280  14.560  67.5 15.945     4885     2676     4900     2686     15     10      4886      2674      4900      2678      4898      2685      4884      2681      4860      2651      4925      2711 PARcau 8.146746e-03 2.623171e-04 0.991591
   123   3       4765        237 11.000  20.000 170.0 90.000     4756      232     4777      244     21     12      4756       232      4776       232      4776       243      4756       243      4731       207      4802       269 PARcau 3.654676e-02 1.850836e-03 0.961602
   124   1       4896       2680  7.071  16.279  56.5  9.462     4887     2676     4904     2685     17      9      4887      2675      4903      2678      4902      2685      4886      2682      4862      2651      4929      2710 PARcau 2.086713e-01 1.090461e-03 0.790238
   124   3       4774        238 11.000  19.000 158.0 90.000     4766      233     4786      245     20     12      4766       233      4785       233      4785       244      4766       244      4741       208      4811       270 PARcau 3.996064e-02 3.597602e-03 0.956442
   125   1       4899       2680  7.071  14.318  71.5 11.310     4892     2677     4907     2686     15      9      4892      2675      4906      2678      4905      2685      4891      2682      4867      2652      4932      2711 PARcau 1.016040e-01 7.440302e-06 0.898389
   125   3       4785        241 10.000  19.000 139.5 90.000     4776      236     4796      247     20     11      4776       236      4795       236      4795       246      4776       246      4751       211      4821       272 PARcau 2.143329e-02 9.740607e-05 0.978469
   126   1       4901       2680  7.616  15.232  80.0 23.199     4894     2677     4909     2687     15     10      4895      2674      4909      2680      4906      2687      4892      2681      4869      2652      4934      2712 PARcau 2.341725e-02 1.229324e-07 0.976583
   126   3       4793        240  5.148  10.512  36.5 63.435     4789      238     4799      245     10      7      4787       240      4796       236      4799       240      4789       245      4764       213      4824       270 PARcau 6.181833e-03 7.922524e-03 0.985896
   127   1       4903       2681  8.944  22.847 120.5 22.620     4890     2677     4914     2688     24     11      4893      2672      4914      2681      4910      2689      4889      2680      4865      2652      4939      2713 PARcau 4.969689e-01 1.460843e-06 0.503030
   127   3       4812        245  9.000  13.000  95.5 90.000     4807      241     4821      251     14     10      4807       241      4820       241      4820       250      4807       250      4782       216      4846       276 PARcau 1.873934e-04 9.135941e-07 0.999812
   128   1       4906       2682  9.708  20.500 120.0 12.529     4895     2677     4915     2689     20     12      4895      2675      4915      2680      4913      2689      4893      2685      4870      2652      4940      2714 PARcau 2.332497e-01 2.706101e-05 0.766723
   128   3       4823        247  9.000  19.000 128.5 90.000     4814      243     4834      253     20     10      4814       243      4833       243      4833       252      4814       252      4789       218      4859       278 PARcau 2.094500e-04 3.986218e-06 0.999787
   129   1       4908       2683 10.000  14.000  97.5 90.000     4901     2679     4916     2690     15     11      4901      2679      4915      2679      4915      2689      4901      2689      4876      2654      4941      2715 PARcau 1.326922e-05 7.896269e-09 0.999987
   129   3       4829        247  9.000  19.000 129.0 90.000     4820      243     4840      253     20     10      4820       243      4839       243      4839       252      4820       252      4795       218      4865       278 PARcau 4.226927e-03 5.052708e-06 0.995768
   130   3       4829        247  9.394  21.243 133.5 63.435     4820      243     4841      254     21     11      4818       247      4837       238      4841       246      4822       256      4795       218      4866       279 PARcau 7.241597e-04 2.060551e-07 0.999276
   130   1       4911       2685  6.000   6.000  26.0 90.000     4908     2682     4915     2689      7      7      4908      2682      4914      2682      4914      2688      4908      2688      4883      2657      4940      2714 PARcau 1.398942e-04 4.291157e-07 0.999860
   131   3       4829        247  9.394  21.243 130.5 63.435     4820      243     4841      254     21     11      4818       248      4837       238      4841       247      4822       256      4795       218      4866       279 PARcau 1.723889e-04 1.794212e-05 0.999810
   132   3       4829        247  8.382  20.718 113.0 71.565     4820      243     4840      254     20     11      4818       247      4838       240      4840       248      4821       255      4795       218      4865       279 PARcau 1.573587e-04 1.095902e-08 0.999843
   133   3       4828        248  9.124  19.906  78.0 78.690     4820      243     4840      254     20     11      4819       245      4838       241      4840       250      4820       254      4795       218      4865       279 PARcau 4.914378e-04 1.784272e-07 0.999508
   134   3       4829        247  7.280  18.974  55.0 71.565     4821      243     4840      253     19     10      4820       247      4838       241      4840       248      4822       254      4796       218      4865       278 PARcau 5.035911e-04 4.350109e-08 0.999496
   134   1       4955       2680  6.364   6.364  32.0 45.000     4952     2677     4959     2685      7      8      4955      2676      4959      2680      4955      2685      4950      2680      4927      2652      4984      2710 PARcau 1.724198e-07 2.562477e-09 1.000000
   135   1       4955       2679  6.708   8.062  44.5 26.565     4952     2675     4960     2685      8     10      4954      2674      4960      2677      4956      2684      4950      2681      4927      2650      4985      2710 PARcau 2.236108e-08 5.509348e-10 1.000000