 Frame  ID  CentroidX  CentroidY  Width  Length  Area  Angle  Box_TLX  Box_TLY  Box_BRX  Box_BRY  Box_W  Box_H  rBox_TLX  rBox_TLY  rBox_TRX  rBox_TRY  rBox_BRX  rBox_BRY  rBox_BLX  rBox_BLY  lBox_TLX  lBox_TLY  lBox_BRX  lBox_BRY  Label       HOMver       NONpro   PARcau
    21   0       3737       2729  5.000  11.000  37.5 90.000     3733     2727     3745     2733     12      6      3733      2727      3744      2727      3744      2732      3733      2732      3708      2702      3770      2758 PARcau 2.029746e-03 1.045102e-07 0.997970
    21   1        709       1893 11.705  31.623 271.0 71.565      701     1878      719     1908     18     30       699      1879       710      1875       720      1905       709      1909       676      1853       744      1933 PARcau 4.457116e-02 2.096859e-04 0.955219
    22   0       3737       2729  6.500  12.540  54.0 21.801     3732     2726     3746     2734     14      8      3733      2724      3744      2729      3742      2735      3730      2730      3707      2701      3771      2759 PARcau 1.165695e-01 1.548362e-04 0.883276
    22   1        704       1880 10.735  32.423 261.5 63.435      696     1866      713     1896     17     30       701      1863       715      1892       706      1897       691      1868       671      1841       738      1921 PARcau 1.255619e-02 2.977391e-04 0.987146
    22   2       4543        450  7.159  10.689  52.0 75.964     4540      445     4549      457      9     12      4539       446      4546       444      4548       455      4541       456      4515       420      4574       482 PARcau 6.787965e-05 3.458692e-06 0.999929
    23   0       3736       2729  8.062  14.765  76.5 26.565     3730     2725     3746     2734     16      9      3732      2722      3745      2729      3741      2736      3728      2729      3705      2700      3771      2759 PARcau 2.456341e-02 1.350684e-06 0.975435
    23   2       4544        453  9.124  15.788 101.0 78.690     4540      445     4550      462     10     17      4538       446      4547       444      4550       460      4541       461      4515       420      4575       487 PARcau 1.301883e-03 1.795326e-03 0.996903
    23   1        698       1868 11.180  31.305 257.5 63.435      690     1854      708     1883     18     29       696      1852       710      1880       700      1885       686      1857       665      1829       733      1908 PARcau 4.444091e-04 1.292785e-06 0.999554
    24   0       3735       2728  8.944  15.652  87.5 26.565     3728     2724     3744     2734     16     10      3730      2721      3744      2728      3740      2736      3726      2729      3703      2699      3769      2759 PARcau 1.597546e-03 3.451381e-08 0.998402
    24   2       4545        456  9.000  19.000 124.5 90.000     4541      446     4551      466     10     20      4541       446      4550       446      4550       465      4541       465      4516       421      4576       491 PARcau 5.538236e-04 3.528608e-03 0.995918
    24   1        692       1857 11.180  29.069 259.5 63.435      683     1844      702     1871     19     27       690      1841       703      1867       693      1872       680      1846       658      1819       727      1896 PARcau 6.011046e-04 2.344494e-07 0.999399
    25   0       3734       2728  8.500  15.435  79.0 26.565     3728     2724     3744     2734     16     10      3730      2722      3744      2728      3740      2736      3726      2729      3703      2699      3769      2759 PARcau 6.998841e-04 5.648486e-08 0.999300
    25   2       4545        459  9.000  22.000 157.5  0.000     4541      448     4551      471     10     23      4541       448      4550       448      4550       470      4541       470      4516       423      4576       496 PARcau 6.711354e-04 7.376389e-03 0.991952
    25   1        685       1847 11.800  29.703 252.0 53.130      675     1835      696     1860     21     25       680      1831       698      1855       688      1862       671      1838       650      1810       721      1885 PARcau 1.876159e-07 1.179110e-09 1.000000
    26   0       3733       2728  7.071  13.153  60.0  9.462     3727     2725     3741     2734     14      9      3727      2724      3740      2726      3739      2733      3726      2731      3702      2700      3766      2759 PARcau 1.458564e-03 5.397847e-07 0.998541
    26   2       4545        463 10.000  23.000 162.0 90.000     4541      452     4552      476     11     24      4541       452      4551       452      4551       475      4541       475      4516       427      4577       501 PARcau 2.884860e-02 4.037434e-04 0.970748
    26   1        675       1837 10.607  30.406 251.0 45.000      664     1826      688     1850     24     24       668      1822       690      1844       682      1851       661      1830       639      1801       713      1875 PARcau 3.976152e-03 8.189293e-06 0.996016
    27   2       4545        467 10.050  23.195 166.5  7.125     4540      455     4552      479     12     24      4542       454      4552       455      4549       478      4539       477      4515       430      4577       504 PARcau 2.603520e-01 2.103333e-02 0.718615
    27   1        666       1828  9.899  31.113 252.0 45.000      654     1817      679     1841     25     24       658      1813       680      1835       673      1842       651      1820       629      1792       704      1866 PARcau 2.885103e-03 9.763322e-07 0.997114
    28   2       4545        470  9.124  25.005 160.0 11.310     4540      458     4552      483     12     25      4543       457      4552       458      4547       483      4538       481      4515       433      4577       508 PARcau 7.409722e-02 9.394176e-03 0.916509
    28   0       3746       2728  5.000  11.000  36.0 90.000     3740     2726     3752     2732     12      6      3740      2726      3751      2726      3751      2731      3740      2731      3715      2701      3777      2757 PARcau 9.552365e-03 2.708637e-05 0.990420
    28   1        655       1819 10.630  32.527 266.5 45.000      643     1807      669     1832     26     25       648      1803       671      1826       663      1833       640      1810       618      1782       694      1857 PARcau 7.276374e-04 1.356957e-08 0.999272
    29   0       3745       2727  5.657   7.071  29.5 45.000     3740     2725     3750     2732     10      7      3740      2728      3745      2723      3749      2727      3744      2732      3715      2700      3775      2757 PARcau 5.017092e-03 4.151182e-07 0.994982
    29   2       4544        474  8.860  25.348 164.5 14.931     4539      463     4552      488     13     25      4543       461      4552       463      4545       488      4537       485      4514       438      4577       513 PARcau 4.950905e-01 1.106671e-01 0.394242
    29   1        645       1809 11.402  33.422 273.5 50.194      634     1797      659     1823     25     26       639      1792       660      1818       651      1825       630      1799       609      1772       684      1848 PARcau 1.569679e-03 2.050266e-07 0.998430
    30   2       4544        480  9.055  24.187 161.0  7.125     4539      468     4551      493     12     25      4541       467      4550       468      4547       492      4538       491      4514       443      4576       518 PARcau 2.946193e-01 1.972541e-02 0.685655
    30   1        636       1798 10.817  32.450 274.0 56.310      625     1785      648     1813     23     28       631      1781       649      1808       640      1814       622      1787       600      1760       673      1838 PARcau 2.105324e-04 1.929546e-07 0.999789
    31   2       4543        487 10.112  23.838 151.5  9.462     4538      475     4549      499     11     24      4540       474      4550       475      4546       499      4536       497      4513       450      4574       524 PARcau 5.560566e-02 6.617724e-04 0.943733
    31   1        628       1787 11.511  33.144 277.5 56.310      618     1773      639     1802     21     29       623      1770       641      1797       632      1804       613      1776       593      1748       664      1827 PARcau 4.019722e-04 4.043613e-08 0.999598
    32   2       4541        493  9.487  24.352 175.0 18.435     4536      482     4549      506     13     24      4541       480      4550       483      4542       506      4533       503      4511       457      4574       531 PARcau 2.415517e-01 1.739071e-01 0.584541
    32   1        621       1774 10.735  32.423 278.5 63.435      612     1759      631     1790     19     31       618      1757       632      1786       623      1791       608      1762       587      1734       656      1815 PARcau 1.724402e-04 6.491649e-07 0.999827
    33   2       4540        498  9.487  26.249 190.0 18.435     4534      486     4548      511     14     25      4540       484      4549       487      4541       512      4532       509      4509       461      4573       536 PARcau 1.192529e-03 1.086365e-03 0.997721
    33   1        615       1762 11.180  32.311 274.0 68.199      607     1747      625     1778     18     31       614      1744       626      1774       616      1779       604      1749       582      1722       650      1803 PARcau 4.317952e-05 3.598954e-06 0.999953
    34   2       4539        503  9.657  25.164 189.0 21.801     4532      492     4547      516     15     24      4539       490      4548       493      4539       517      4530       513      4507       467      4572       541 PARcau 2.312763e-05 3.832592e-04 0.999594
    34   1        609       1750 11.705  31.953 270.5 69.444      601     1735      619     1765     18     30       609      1732       620      1762       609      1766       598      1736       576      1710       644      1790 PARcau 1.166235e-02 1.783543e-06 0.988336
    35   2       4537        508  8.944  25.942 183.5 26.565     4530      497     4545      521     15     24      4527       518      4539       495      4547       499      4535       522      4505       472      4570       546 PARcau 2.757598e-01 3.741612e-01 0.350079
    35   1        603       1738 10.548  30.451 256.5 60.255      595     1725      613     1753     18     28       600      1722       615      1748       606      1754       591      1727       570      1700       638      1778 PARcau 1.720504e-02 2.492912e-07 0.982795
    36   2       4534        515  8.746  25.739 173.5 28.610     4526      504     4542      528     16     24      4524       524      4536       502      4544       506      4531       529      4501       479      4567       553 PARcau 2.925261e-02 8.838777e-05 0.970659
    36   1        596       1727 10.977  32.070 265.0 59.036      586     1715      607     1742     21     27       593      1711       609      1738       600      1744       583      1716       561      1690       632      1767 PARcau 3.851554e-03 2.415021e-06 0.996146
    37   2       4530        522  8.944  25.942 185.5 26.565     4522      511     4539      535     17     24      4520       532      4532       509      4540       513      4528       536      4497       486      4564       560 PARcau 3.028383e-02 5.640082e-04 0.969152
    37   1        588       1717 10.607  30.406 249.0 45.000      577     1706      600     1730     23     24       581      1703       602      1724       595      1732       573      1710       552      1681       625      1755 PARcau 5.446550e-03 2.160306e-06 0.994551
    38   2       4525        530  9.179  25.986 190.5 30.964     4518      519     4535      543     17     24      4515       539      4528       517      4536       521      4523       544      4493       494      4560       568 PARcau 1.693843e-07 7.950280e-07 0.999999
    38   1        579       1708 10.607  30.406 250.0 45.000      567     1697      591     1721     24     24       571      1693       593      1715       585      1722       564      1701       542      1672       616      1746 PARcau 8.723257e-05 2.658770e-08 0.999913
    39   2       4521        538  8.944  25.495 187.5 26.565     4514      528     4531      551     17     23      4512       548      4523       525      4531       529      4520       552      4489       503      4556       576 PARcau 2.079310e-04 2.356955e-06 0.999790
    39   1        569       1699 10.607  31.820 262.0 45.000      557     1687      582     1712     25     25       561      1683       584      1706       576      1713       554      1691       532      1662       607      1737 PARcau 1.098073e-04 6.249399e-09 0.999890
    40   2       4518        546  8.944  25.942 180.0 26.565     4512      535     4527      559     15     24      4508       555      4520       532      4528       536      4516       559      4487       510      4552       584 PARcau 4.147355e-04 1.320575e-05 0.999572
    40   1        559       1689 11.314  32.527 270.5 45.000      548     1676      572     1703     24     27       551      1673       574      1696       566      1704       543      1681       523      1651       597      1728 PARcau 2.488365e-05 1.096062e-06 0.999974
    41   2       4515        554  9.657  25.164 192.0 20.556     4509      543     4524      567     15     24      4515       540      4524       544      4515       567      4506       564      4484       518      4549       592 PARcau 1.291039e-03 1.072423e-04 0.998602
    41   1        550       1677 11.402  32.202 281.0 53.130      539     1664      562     1692     23     28       544      1661       563      1687       554      1694       535      1668       514      1639       587      1717 PARcau 5.741455e-02 1.760709e-04 0.942409
    42   2       4513        562  9.657  24.824 183.5 18.435     4508      551     4521      575     13     24      4513       548      4522       552      4514       575      4505       572      4483       526      4546       600 PARcau 1.523074e-03 3.124295e-03 0.995353
    42   1        542       1666 11.413  31.753 273.5 63.435      533     1652      553     1681     20     29       540      1648       554      1677       544      1682       530      1654       508      1627       578      1706 PARcau 7.672613e-03 7.603073e-06 0.992320
    43   2       4512        579 10.112  25.986 197.5 10.305     4507      567     4519      593     12     26      4509       565      4519       567      4514       592      4504       591      4482       542      4544       618 PARcau 4.592865e-03 1.068469e-04 0.995300
    43   1        529       1640 11.180  31.305 265.5 63.435      522     1626      539     1656     17     30       527      1624       541      1652       531      1657       517      1629       497      1601       564      1681 PARcau 2.570636e-03 6.566877e-04 0.996773
    44   2       4511        587 10.112  24.824 192.0  9.462     4506      576     4518      601     12     25      4508       574      4518       576      4514       600      4504       599      4481       551      4543       626 PARcau 4.543812e-03 1.773674e-04 0.995279
    44   1        524       1628 11.180  31.305 263.5 63.435      516     1614      534     1643     18     29       522      1611       536      1639       526      1644       512      1616       491      1589       559      1668 PARcau 5.203960e-03 2.582678e-07 0.994796
    45   2       4510        596 10.000  25.000 199.0 90.000     4506      584     4517      610     11     26      4506       584      4516       584      4516       609      4506       609      4481       559      4542       635 PARcau 2.428051e-05 5.339137e-04 0.999442
    45   1        518       1616 11.885  29.618 254.5 68.199      510     1603      528     1630     18     27       518      1599       529      1627       518      1631       507      1604       485      1578       553      1655 PARcau 1.586312e-03 5.690663e-07 0.998413
    46   2       4509        605 10.000  25.000 193.5 90.000     4505      593     4516      619     11     26      4505       593      4515       593      4515       618      4505       618      4480       568      4541       644 PARcau 3.118722e-05 1.561906e-04 0.999813
    46   1        512       1605 11.662  28.844 255.0 56.310      503     1593      523     1619     20     26       509      1590       525      1614       515      1620       499      1596       478      1568       548      1644 PARcau 2.172868e-05 4.966643e-07 0.999978
    47   2       4508        615 10.198  25.318 193.0  9.462     4503      603     4515      628     12     25      4505       601      4515       603      4511       628      4501       626      4478       578      4540       653 PARcau 5.814733e-05 3.113257e-05 0.999911
    47   1        505       1596 11.102  30.220 249.0 51.340      494     1584      516     1609     22     25       500      1580       519      1604       510      1610       491      1587       469      1559       541      1634 PARcau 6.723647e-01 4.577891e-06 0.327631
    48   2       4506        623  9.823  26.315 194.0 14.036     4500      611     4513      637     13     26      4504       609      4514       612      4507       637      4498       635      4475       586      4538       662 PARcau 2.988159e-06 3.088687e-06 0.999994
    48   1        496       1586 11.314  29.698 252.0 45.000      485     1575      508     1599     23     24       489      1571       510      1592       502      1600       481      1579       460      1550       533      1624 PARcau 1.992661e-04 1.395405e-07 0.999801
    49   2       4503        632  9.823  26.315 191.5 14.036     4497      620     4510      646     13     26      4501       618      4511       621      4504       646      4495       644      4472       595      4535       671 PARcau 4.083392e-04 4.713732e-04 0.999120
    49   1        487       1576 11.314  31.113 255.5 45.000      475     1565      499     1589     24     24       479      1561       501      1583       493      1591       471      1569       450      1540       524      1614 PARcau 1.600254e-03 1.561957e-06 0.998398
    50   2       4499        641 10.595  26.101 195.0 20.556     4493      629     4507      654     14     25      4499       627      4509       630      4500       655      4490       651      4468       604      4532       679 PARcau 5.669527e-01 2.235651e-03 0.430812
    50   1        477       1567 11.314  32.527 281.5 45.000      466     1554      490     1580     24     26       469      1551       492      1574       484      1582       461      1559       441      1529       515      1605 PARcau 9.517928e-05 4.325786e-08 0.999905
    51   2       4495        649 10.296  26.833 194.5 26.565     4488      637     4503      662     15     25      4485       658      4497       634      4506       639      4494       663      4463       612      4528       687 PARcau 3.491969e-03 3.140041e-04 0.996194
    51   1        468       1555 11.800  32.500 280.0 53.130      458     1542      480     1569     22     27       463      1538       482      1564       473      1571       453      1545       433      1517       505      1594 PARcau 4.090109e-05 4.988316e-08 0.999959
    52   2       4490        656  9.849  26.833 200.0 26.565     4482      645     4500      669     18     24      4480       666      4492       642      4501       646      4489       670      4457       620      4525       694 PARcau 7.924329e-06 1.389142e-05 0.999978
    52   1        461       1543 11.662  31.305 274.5 63.435      452     1530      472     1558     20     28       459      1526       473      1554       463      1560       449      1532       427      1505       497      1583 PARcau 4.632277e-06 2.953529e-05 0.999966
    53   2       4486        663  9.179  26.500 193.5 30.964     4478      652     4495      676     17     24      4475       672      4489       650      4497       654      4483       677      4453       627      4520       701 PARcau 1.313030e-04 7.646146e-06 0.999861
    53   1        454       1531 11.630  32.423 285.5 63.435      446     1516      465     1546     19     30       452      1513       467      1542       456      1547       442      1518       421      1491       490      1571 PARcau 6.730325e-02 1.728848e-05 0.932679
    54   2       4481        670  9.434  26.077 190.5 33.690     4473      659     4491      683     18     24      4470       679      4484       657      4492       662      4478       684      4448       634      4516       708 PARcau 6.179815e-06 2.398371e-05 0.999970
    54   1        449       1518 11.885  30.549 268.0 68.199      441     1504      459     1533     18     29       449      1501       460      1529       449      1534       438      1505       416      1479       484      1558 PARcau 2.951480e-02 3.942415e-04 0.970091
    55   2       4476        677 10.404  26.349 204.5 33.690     4468      666     4487      690     19     24      4465       685      4479       663      4488       669      4473       691      4443       641      4512       715 PARcau 7.450049e-06 3.923553e-06 0.999989
    55   1        444       1506 12.093  30.187 272.0 63.435      436     1492      454     1520     18     28       442      1489       456      1516       445      1522       432      1495       411      1467       479      1545 PARcau 1.553060e-01 6.443083e-03 0.838251
    56   2       4472        685 10.062  26.387 200.0 26.565     4465      673     4482      697     17     24      4462       694      4474       670      4483       675      4471       698      4440       648      4507       722 PARcau 6.218317e-04 1.931212e-04 0.999185
    56   1        438       1495 12.349  29.538 276.0 56.310      429     1482      450     1509     21     27       435      1479       452      1504       441      1510       425      1486       404      1457       475      1534 PARcau 1.869968e-01 2.791445e-03 0.810212
    57   2       4470        692  9.657  25.539 196.0 21.801     4463      681     4479      705     16     24      4460       701      4470       678      4479       681      4469       705      4438       656      4504       730 PARcau 5.109291e-03 1.450139e-05 0.994876
    57   1        432       1485 12.021  30.406 278.0 45.000      421     1473      444     1498     23     25       425      1470       446      1491       438      1500       416      1478       396      1448       469      1523 PARcau 7.326075e-04 6.511886e-05 0.999202
    58   2       4468        699 10.440  25.298 200.0 18.435     4462      687     4476      712     14     25      4467       685      4477       688      4469       712      4459       709      4437       662      4501       737 PARcau 3.622534e-02 1.927030e-03 0.961848
    58   1        423       1475 11.314  29.698 273.0 45.000      412     1464      436     1488     24     24       417      1461       438      1482       430      1490       409      1469       387      1439       461      1513 PARcau 3.755288e-07 1.597287e-06 0.999998
    59   2       4467        706 10.308  25.224 203.0 14.036     4462      695     4475      720     13     25      4465       693      4475       695      4469       720      4459       717      4437       670      4500       745 PARcau 9.600940e-03 3.619653e-03 0.986779
    59   1        414       1466 10.607  31.820 282.0 45.000      402     1454      428     1479     26     25       407      1451       429      1473       422      1481       399      1458       377      1429       453      1504 PARcau 3.195619e-08 2.079363e-07 1.000000
    60   2       4466        714 10.112  24.824 195.5  9.462     4461      703     4473      728     12     25      4463       701      4473       703      4469       727      4459       726      4436       678      4498       753 PARcau 2.883787e-03 4.053833e-03 0.993062
    60   1        405       1456 11.314  32.527 291.5 45.000      393     1444      418     1470     25     26       397      1441       420      1464       412      1472       389      1449       368      1419       443      1495 PARcau 2.884167e-08 1.651957e-08 1.000000
    61   2       4466        722 10.050  26.173 211.0  7.125     4461      710     4473      737     12     27      4462       709      4472       710      4469       736      4459       735      4436       685      4498       762 PARcau 7.133315e-04 6.070445e-04 0.998680
    61   1        395       1445 11.800  32.500 288.5 53.130      384     1432      408     1459     24     27       390      1429       409      1455       400      1462       380      1436       359      1407       433      1484 PARcau 7.548601e-07 9.177522e-06 0.999990
    62   2       4466        731 10.000  26.000 206.5 90.000     4461      718     4472      745     11     27      4461       718      4471       718      4471       744      4461       744      4436       693      4497       770 PARcau 8.538846e-05 1.799563e-04 0.999735
    62   1        387       1434 12.207  32.450 299.0 56.310      378     1420      399     1449     21     29       383      1417       401      1444       391      1451       373      1424       353      1395       424      1474 PARcau 3.202576e-08 2.860707e-08 1.000000
    63   2       4465        739 10.000  26.000 207.5 90.000     4461      727     4472      754     11     27      4461       727      4471       727      4471       753      4461       753      4436       702      4497       779 PARcau 2.467150e-03 2.079887e-02 0.976734
    63   1        381       1422 12.298  31.753 295.0 63.435      372     1407      391     1437     19     30       379      1404       393      1433       382      1438       368      1410       347      1382       416      1462 PARcau 2.030564e-01 9.883260e-03 0.787060
    64   2       4464        748 10.000  27.000 208.0 90.000     4460      735     4471      763     11     28      4460       735      4470       735      4470       762      4460       762      4435       710      4496       788 PARcau 8.317744e-04 3.118043e-03 0.996050
    64   1        375       1409 12.649  31.385 293.0 68.199      368     1395      385     1424     17     29       375      1392       387      1421       375      1425       363      1396       343      1370       410      1449 PARcau 1.724538e-03 3.994321e-04 0.997876
    65   2       4463        757 10.000  26.000 205.5 90.000     4459      744     4470      771     11     27      4459       744      4469       744      4469       770      4459       770      4434       719      4495       796 PARcau 1.326425e-02 1.560745e-03 0.985175
    65   1        371       1396 12.649  30.364 286.5 71.565      364     1382      381     1411     17     29       360      1383       372      1379       381      1408       369      1412       339      1357       406      1436 PARcau 8.530147e-05 4.618768e-05 0.999869
    66   2       4462        765  9.220  25.495 187.5 11.310     4457      753     4468      779     11     26      4460       752      4469       754      4464       779      4455       777      4432       728      4493       804 PARcau 1.208024e-04 1.904137e-03 0.997975
    66   1        366       1384 13.000  29.547 291.0 66.801      358     1371      377     1399     19     28       366      1368       378      1395       366      1400       354      1373       333      1346       402      1424 PARcau 2.924577e-02 1.199330e-02 0.958761
    67   2       4459        774  9.341  26.196 194.0 12.529     4454      762     4466      788     12     26      4458       760      4467       763      4461       788      4452       786      4429       737      4491       813 PARcau 6.003282e-02 1.449747e-04 0.939822
    67   1        361       1373 12.530  29.069 277.5 63.435      352     1361      371     1387     19     26       360      1357       373      1383       362      1389       349      1363       327      1336       396      1412 PARcau 3.166264e-02 2.144607e-03 0.966193
    68   2       4457        783  9.962  26.101 196.5 16.699     4451      771     4464      797     13     26      4456       769      4465       772      4458       797      4448       794      4426       746      4489       822 PARcau 2.133842e-05 2.097063e-06 0.999977
    68   1        355       1364 13.038  29.682 274.0 56.310      344     1352      366     1377     22     25       352      1347       368      1372       357      1379       341      1354       319      1327       391      1402 PARcau 1.152126e-03 1.179570e-05 0.998836
    69   2       4453        792  9.487  26.249 200.5 18.435     4447      780     4461      805     14     25      4453       778      4462       781      4454       806      4445       803      4422       755      4486       830 PARcau 6.223113e-04 1.183764e-05 0.999366
    69   1        347       1355 11.314  29.698 258.0 45.000      336     1344      359     1367     23     23       340      1340       361      1361       353      1369       332      1348       311      1319       384      1392 PARcau 2.251073e-04 1.138804e-07 0.999775
    70   2       4450        800  9.849  26.571 204.0 20.556     4443      788     4458      813     15     25      4450       785      4459       789      4450       814      4441       810      4418       763      4483       838 PARcau 9.929647e-05 1.226675e-05 0.999888
    70   1        338       1345 11.314  31.113 273.0 45.000      327     1334      351     1359     24     25       331      1330       353      1352       345      1360       323      1338       302      1309       376      1384 PARcau 1.216769e-05 5.740428e-06 0.999982
    71   2       4446        809  8.944  26.833 196.5 26.565     4438      797     4454      822     16     25      4436       819      4448       795      4456       799      4444       823      4413       772      4479       847 PARcau 9.040589e-05 3.253692e-04 0.999584
    71   1        329       1336 12.042  31.113 286.5 45.000      318     1324      342     1349     24     25       322      1321       344      1343       335      1351       313      1329       293      1299       367      1374 PARcau 1.115501e-05 1.537605e-05 0.999973
    72   2       4441        817  9.394  27.060 201.5 26.565     4434      805     4451      830     17     25      4431       827      4444       803      4452       807      4440       831      4409       780      4476       855 PARcau 8.593131e-05 3.704866e-05 0.999877
    72   1        320       1326 12.021  31.820 301.0 45.000      310     1313      333     1340     23     27       313      1310       336      1333       327      1341       305      1319       285      1288       358      1365 PARcau 3.355199e-03 8.510552e-04 0.995794
    73   2       4436        825  9.849  26.833 196.0 26.565     4429      814     4446      838     17     24      4426       835      4438       811      4447       815      4435       839      4404       789      4471       863 PARcau 1.840465e-05 7.932466e-06 0.999974
    73   1        312       1314 12.349  33.144 301.0 56.310      302     1301      325     1329     23     28       308      1297       327      1325       316      1331       298      1304       277      1276       350      1354 PARcau 3.841440e-03 1.998674e-02 0.976172
    74   2       4432        834  9.179  26.856 202.5 29.745     4424      822     4441      847     17     25      4421       843      4434       820      4442       824      4429       848      4399       797      4466       872 PARcau 1.564827e-05 2.619381e-04 0.999722
    74   1        306       1303 12.093  32.423 301.0 63.435      297     1289      317     1318     20     29       304      1285       318      1314       308      1320       293      1291       272      1264       342      1343 PARcau 1.154360e-03 1.780635e-01 0.820782
    75   2       4427        842  9.862  27.536 205.0 30.256     4419      830     4437      855     18     25      4416       851      4429       827      4438       832      4424       856      4394       805      4462       880 PARcau 2.286272e-04 6.212611e-05 0.999709
    75   1        300       1290 12.540  32.423 309.0 63.435      292     1276      311     1306     19     30       298      1273       313      1302       301      1307       287      1278       267      1251       336      1331 PARcau 1.535801e-02 2.737244e-02 0.957270
    76   2       4422        850  8.944  26.833 196.0 26.565     4415      839     4432      863     17     24      4412       860      4424       836      4432       840      4420       864      4390       814      4457       888 PARcau 2.264531e-05 3.687261e-05 0.999941
    76   1        295       1278 13.124  30.516 300.0 71.565      287     1264      306     1293     19     29       284      1265       297      1261       306      1290       294      1294       262      1239       331      1318 PARcau 2.358696e-03 1.209524e-01 0.876689
    77   2       4418        858  8.944  26.833 194.5 26.565     4411      847     4428      872     17     25      4408       868      4420       844      4428       848      4416       872      4386       822      4453       897 PARcau 5.429994e-04 1.607979e-04 0.999296
    77   1        290       1267 13.416  31.305 303.5 63.435      282     1253      301     1281     19     28       289      1249       303      1277       291      1283       277      1255       257      1228       326      1306 PARcau 3.854746e-02 3.055688e-01 0.655884
    78   2       4415        866 10.062  26.387 196.0 26.565     4408      855     4424      880     16     25      4404       876      4416       852      4425       857      4413       880      4383       830      4449       905 PARcau 2.168637e-02 1.993821e-04 0.978114
    78   1        284       1256 13.314  30.647 298.0 56.310      275     1243      296     1270     21     27       281      1239       298      1264       287      1272       270      1246       250      1218       321      1295 PARcau 2.690510e-02 2.093056e-02 0.952164
    79   2       4412        875  9.849  26.926 204.5 23.199     4406      863     4421      889     15     26      4402       885      4412       860      4421       864      4411       889      4381       838      4446       914 PARcau 2.833121e-04 1.720397e-05 0.999699
    79   1        278       1246 13.124  30.859 288.5 50.194      268     1235      290     1260     22     25       273      1230       293      1254       283      1262       263      1239       243      1210       315      1285 PARcau 6.823943e-03 2.003748e-03 0.991172
    80   2       4410        883  9.487  27.203 199.0 18.435     4404      871     4418      898     14     27      4409       869      4418       872      4410       898      4401       895      4379       846      4443       923 PARcau 4.133752e-02 1.701416e-03 0.956961
    80   1        270       1237 12.021  31.820 307.0 45.000      258     1226      283     1251     25     25       263      1222       285      1244       277      1253       254      1230       233      1201       308      1276 PARcau 1.385310e-03 5.106377e-04 0.998104
    81   2       4408        892 10.112  25.812 199.0  9.462     4403      880     4416      906     13     26      4405       878      4415       880      4411       905      4401       904      4378       855      4441       931 PARcau 5.787953e-03 1.656225e-03 0.992556
    81   1        261       1228 12.021  31.820 310.0 45.000      249     1216      274     1242     25     26       254      1213       276      1235       268      1244       245      1221       224      1191       299      1267 PARcau 1.432432e-05 9.303038e-06 0.999976
    82   2       4407        901 10.000  27.000 203.0 90.000     4403      888     4414      916     11     28      4403       888      4413       888      4413       915      4403       915      4378       863      4439       941 PARcau 8.048456e-03 8.124936e-04 0.991139
    82   1        252       1219 12.728  32.527 327.0 45.000      240     1206      265     1233     25     27       245      1203       268      1226       259      1235       236      1212       215      1181       290      1258 PARcau 4.773254e-02 5.101112e-04 0.951757
    83   2       4407        910 10.000  27.000 203.0 90.000     4402      897     4413      925     11     28      4402       897      4412       897      4412       924      4402       924      4377       872      4438       950 PARcau 4.387472e-01 2.533466e-03 0.558719
    83   1        243       1209 13.454  34.059 340.5 49.399      232     1195      257     1223     25     28       237      1191       259      1217       249      1226       227      1200       207      1170       282      1248 PARcau 9.174646e-04 8.062143e-05 0.999002
    84   2       4406        919 10.050  27.166 205.5  6.340     4401      906     4412      934     11     28      4402       905      4412       906      4409       933      4399       932      4376       881      4437       959 PARcau 3.747950e-01 1.545949e-03 0.623659
    84   1        235       1197 14.009  34.946 359.5 56.310      225     1183      249     1213     24     30       231      1179       250      1208       239      1216       219      1187       200      1158       274      1238 PARcau 1.284347e-01 3.481631e-02 0.836749
    85   2       4404        928  9.618  27.065 196.5 11.310     4399      916     4411      943     12     27      4402       914      4412       916      4406       942      4397       941      4374       891      4436       968 PARcau 2.858873e-03 8.447058e-05 0.997057
    85   1        229       1185 13.416  33.541 357.5 63.435      219     1171      241     1201     22     30       227      1167       242      1197       230      1203       215      1173       194      1146       266      1226 PARcau 3.970813e-03 1.894017e-03 0.994135
    86   2       4402        937  9.708  26.800 198.0 14.036     4397      924     4409      951     12     27      4401       923      4410       925      4404       951      4394       949      4372       899      4434       976 PARcau 4.227022e-03 7.701683e-04 0.995003
    86   1        224       1173 13.416  33.541 365.5 63.435      215     1158      235     1190     20     32       222      1155       237      1185       225      1191       210      1161       190      1133       260      1215 PARcau 6.028328e-04 5.426217e-04 0.998855
    87   2       4399        946  9.487  27.514 195.5 18.435     4393      933     4406      960     13     27      4399       931      4408       934      4399       960      4390       957      4368       908      4431       985 PARcau 6.277557e-03 8.202776e-05 0.993640
    87   1        219       1161 14.534  33.095 366.0 63.435      210     1147      231     1177     21     30       218      1143       233      1173       220      1179       205      1150       185      1122       256      1202 PARcau 7.239114e-03 7.361501e-02 0.919146
    88   2       4395        954  9.394  27.060 206.5 26.565     4387      942     4403      968     16     26      4384       964      4397       940      4405       944      4393       968      4362       917      4428       993 PARcau 1.699198e-05 9.744437e-05 0.999886
    88   1        214       1150 15.207  32.423 366.5 63.435      205     1136      226     1165     21     29       214      1132       228      1161       215      1168       200      1139       180      1111       251      1190 PARcau 1.636197e-03 6.300250e-03 0.992064
    89   2       4390        962 10.062  26.856 200.0 29.055     4382      951     4399      975     17     24      4379       972      4392       948      4401       953      4388       976      4357       926      4424      1000 PARcau 2.499889e-04 4.415124e-06 0.999746
    89   1        209       1140 14.765  32.757 366.5 59.036      199     1126      222     1155     23     29       207      1122       224      1150       211      1157       194      1129       174      1101       247      1180 PARcau 4.262598e-03 2.403908e-02 0.971698
    90   2       4385        969 10.296  26.420 206.5 29.745     4377      958     4395      982     18     24      4374       978      4387       955      4396       960      4383       983      4352       933      4420      1007 PARcau 1.519546e-05 2.928539e-05 0.999956
    90   1        203       1130 14.142  32.527 351.0 45.000      192     1118      216     1145     24     27       196      1114       219      1137       209      1147       186      1124       167      1093       241      1170 PARcau 6.308242e-03 1.523347e-03 0.992168
    90   0       3699       2729  9.192  16.263 116.0 45.000     3693     2723     3708     2736     15     13      3696      2720      3708      2732      3701      2738      3690      2727      3668      2698      3733      2761 PARcau 2.039380e-04 1.585072e-06 0.999795
    91   0       3696       2726 11.314  25.456 218.0 45.000     3687     2716     3709     2736     22     20      3691      2713      3709      2731      3701      2739      3683      2721      3662      2691      3734      2761 PARcau 9.418725e-05 8.063061e-06 0.999898
    91   2       4380        977  9.862  27.189 209.0 32.005     4371      966     4390      990     19     24      4368       986      4383       963      4391       968      4377       991      4346       941      4415      1015 PARcau 5.520038e-05 1.735323e-07 0.999945
    91   1        195       1121 13.435  33.234 359.0 45.000      183     1109      209     1136     26     27       188      1105       212      1129       202      1138       179      1115       158      1084       234      1161 PARcau 1.073159e-05 1.592191e-06 0.999988
    92   0       3691       2720  9.899  28.284 237.0 45.000     3681     2709     3703     2732     22     23      3685      2707      3705      2727      3698      2734      3678      2714      3656      2684      3728      2757 PARcau 7.910290e-10 2.916557e-06 0.999997
    92   2       4375        984 10.000  27.203 206.5 35.538     4367      973     4385      997     18     24      4363       992      4379       970      4387       976      4371       998      4342       948      4410      1022 PARcau 9.850889e-05 1.592693e-06 0.999900
    92   1        186       1113 13.435  34.648 375.0 45.000      174     1100      202     1127     28     27       178      1096       203      1120       193      1130       169      1105       149      1075       227      1152 PARcau 2.271361e-03 3.338178e-05 0.997695
    93   0       3685       2713  9.899  25.456 204.0 45.000     3676     2704     3696     2725     20     21      3680      2701      3698      2719      3691      2726      3673      2708      3651      2679      3721      2750 PARcau 2.857794e-08 1.282998e-04 0.999872
    93   2       4371        992  9.179  25.986 193.0 29.745     4364      981     4380     1005     16     24      4360      1001      4373       978      4381       983      4368      1005      4339       956      4405      1030 PARcau 6.075835e-01 5.910926e-04 0.391825
    93   1        177       1103 14.142  36.770 416.0 45.000      164     1089      193     1118     29     29       169      1085       195      1111       185      1121       159      1095       139      1064       218      1143 PARcau 4.775557e-07 1.510260e-07 0.999999
    94   2       4368        999  9.849  26.401 202.5 23.199     4362      987     4377     1013     15     26      4358      1009      4369       985      4378       989      4367      1013      4337       962      4402      1038 PARcau 4.977041e-01 1.057523e-04 0.502190
    94   0       3680       2707  9.899  22.627 161.0 45.000     3672     2699     3690     2717     18     18      3676      2696      3692      2712      3685      2719      3669      2703      3647      2674      3715      2742 PARcau 4.179927e-04 2.119248e-02 0.978390
    94   1        169       1093 15.000  37.802 442.5 53.130      156     1077      184     1109     28     32       163      1073       186      1103       174      1112       151      1082       131      1052       209      1134 PARcau 1.279514e-09 1.027951e-10 1.000000
    94   3       2469       1679  7.071   8.485  37.5 45.000     2465     1675     2475     1684     10      9      2469      1674      2475      1680      2470      1685      2464      1679      2440      1650      2500      1709 PARcau 1.160268e-01 6.334253e-01 0.250548
    95   3       2470       1678  7.071   8.485  44.5 45.000     2466     1673     2475     1684      9     11      2465      1679      2471      1673      2476      1678      2470      1684      2441      1648      2500      1709 PARcau 1.840053e-01 3.279148e-01 0.488080
    95   2       4366       1007 10.794  26.315 201.0 14.036     4361      996     4374     1022     13     26      4364       994      4375       996      4368      1022      4358      1019      4336       971      4399      1047 PARcau 8.456953e-04 6.864610e-04 0.998468
    95   0       3677       2703  7.159  14.534  70.0 63.435     3672     2697     3684     2710     12     13      3677      2694      3683      2707      3677      2710      3670      2697      3647      2672      3709      2735 PARcau 8.912212e-07 4.030326e-03 0.995969
    95   1        162       1082 15.811  36.892 437.0 56.310      151     1066      176     1098     25     32       158      1062       178      1093       165      1102       145      1071       126      1041       201      1123 PARcau 5.810956e-06 2.697143e-07 0.999994
    96   3       2470       1678  6.000  10.000  35.5  0.000     2467     1673     2474     1684      7     11      2467      1673      2473      1673      2473      1683      2467      1683      2442      1648      2499      1709 PARcau 1.150243e-01 8.175451e-01 0.067431
    96   2       4366       1016 10.050  25.179 202.0  6.340     4361     1004     4373     1030     12     26      4362      1003      4372      1004      4369      1029      4359      1028      4336       979      4398      1055 PARcau 7.865825e-04 7.115343e-04 0.998502
    96   1        157       1070 14.983  37.343 420.5 63.435      147     1053      169     1087     22     34       155      1050       171      1083       158      1090       141      1056       122      1028       194      1112 PARcau 2.088252e-05 1.876279e-07 0.999979
    96   0       3663       2689  5.000  18.601  40.5 53.130     3659     2684     3673     2699     14     15      3661      2682      3672      2697      3668      2700      3657      2685      3634      2659      3698      2724 PARcau 1.435296e-04 2.565697e-01 0.743287
    97   2       4366       1024 10.000  28.000 215.0  0.000     4361     1011     4372     1040     11     29      4361      1011      4371      1011      4371      1039      4361      1039      4336       986      4397      1065 PARcau 9.620171e-02 5.079230e-04 0.903290
    97   0       3659       2685  7.071  21.213 111.0 45.000     3651     2677     3668     2694     17     17      3654      2675      3669      2690      3664      2695      3649      2680      3626      2652      3693      2719 PARcau 1.552793e-04 5.530066e-03 0.994315
    97   1        152       1058 15.207  36.895 425.0 63.435      142     1042      164     1075     22     33       150      1038       166      1071       153      1078       136      1045       117      1017       189      1100 PARcau 1.777513e-07 1.708358e-09 1.000000
    98   2       4366       1033  9.000  27.000 204.0 90.000     4362     1020     4372     1048     10     28      4362      1020      4371      1020      4371      1047      4362      1047      4337       995      4397      1073 PARcau 5.100309e-01 5.825183e-04 0.489387
    98   0       3652       2680  9.220  22.804 157.0 38.660     3643     2672     3663     2689     20     17      3646      2669      3664      2683      3658      2690      3640      2676      3618      2647      3688      2714 PARcau 4.792726e-02 3.494186e-03 0.948579
    98   1        147       1047 16.553  29.967 363.5 63.435      139     1032      159     1061     20     29       133      1037       148      1030       161      1057       146      1064       114      1007       184      1086 PARcau 6.240909e-08 1.106377e-06 0.999999
    99   0       3645       2676 10.062  24.151 188.0 26.565     3635     2669     3657     2685     22     16      3636      2666      3658      2677      3653      2686      3632      2675      3610      2644      3682      2710 PARcau 6.761958e-01 2.494460e-03 0.321310
    99   2       4366       1042  9.000  27.000 203.0 90.000     4362     1029     4372     1057     10     28      4362      1029      4371      1029      4371      1056      4362      1056      4337      1004      4397      1082 PARcau 1.799485e-02 1.174119e-02 0.970264
    99   1        145       1039 15.000  22.000 248.0 90.000      139     1028      155     1051     16     23       139      1028       154      1028       154      1050       139      1050       114      1003       180      1076 PARcau 4.655270e-08 1.059590e-08 1.000000
   100   0       3638       2673 10.308  25.715 206.0 26.565     3626     2666     3651     2682     25     16      3628      2662      3651      2674      3647      2683      3624      2672      3601      2641      3676      2707 PARcau 1.548444e-02 1.454593e-06 0.984514
   100   2       4365       1051  9.552  27.115 202.5  4.764     4360     1038     4371     1066     11     28      4361      1037      4371      1038      4368      1065      4359      1064      4335      1013      4396      1091 PARcau 3.313477e-03 5.712936e-05 0.996629
   100   1        144       1033  9.000  13.000  85.0  0.000      140     1026      150     1040     10     14       140      1026       149      1026       149      1039       140      1039       115      1001       175      1065 PARcau 6.063288e-06 3.635158e-08 0.999994
   101   0       3629       2670 10.966  27.281 220.5 26.565     3617     2663     3643     2679     26     16      3619      2659      3644      2671      3639      2681      3615      2669      3592      2638      3668      2704 PARcau 7.835957e-02 4.095099e-05 0.921600
   101   2       4363       1061  9.552  26.387 201.0 10.305     4358     1048     4370     1075     12     27      4361      1047      4370      1048      4366      1074      4356      1073      4333      1023      4395      1100 PARcau 3.561113e-03 1.901985e-03 0.994537
   102   2       4361       1069 10.198  26.683 204.0 11.310     4355     1057     4368     1083     13     26      4359      1055      4369      1057      4363      1083      4353      1081      4330      1032      4393      1108 PARcau 2.894155e-03 7.022451e-05 0.997036
   102   0       3620       2667 10.440  28.460 230.0 18.435     3607     2661     3635     2676     28     15      3608      2658      3635      2667      3632      2677      3605      2668      3582      2636      3660      2701 PARcau 1.576589e-04 1.004453e-06 0.999841
   103   2       4357       1078  9.487  26.249 191.0 18.435     4352     1066     4365     1092     13     26      4357      1064      4366      1067      4358      1092      4349      1089      4327      1041      4390      1117 PARcau 1.338903e-01 1.746683e-05 0.866092
   103   0       3611       2665 10.440  27.514 219.0 18.435     3598     2658     3625     2673     27     15      3599      2655      3625      2664      3622      2674      3596      2665      3573      2633      3650      2698 PARcau 6.736900e-05 1.152928e-06 0.999931
   104   2       4355       1083  9.487  26.249 199.0 17.103     4349     1071     4363     1097     14     26      4355      1069      4364      1072      4356      1097      4347      1094      4324      1046      4388      1122 PARcau 2.776114e-01 1.153621e-03 0.721235
   105   2       4355       1086  9.823  26.580 199.5 15.945     4349     1074     4362     1100     13     26      4354      1072      4363      1075      4356      1100      4346      1098      4324      1049      4387      1125 PARcau 8.438927e-04 5.186449e-04 0.998637
   105   0       3593       2658 10.770  28.460 218.5 18.435     3580     2652     3608     2667     28     15      3581      2649      3608      2658      3604      2668      3577      2659      3555      2627      3633      2692 PARcau 2.860128e-05 2.001567e-06 0.999969
   106   2       4354       1091 10.112  26.968 199.0  9.462     4349     1078     4361     1105     12     27      4352      1077      4362      1078      4357      1105      4347      1103      4324      1053      4386      1130 PARcau 7.266997e-03 3.418055e-03 0.989315
   106   0       3584       2654  9.849  26.926 195.0 21.801     3572     2647     3598     2662     26     15      3573      2645      3598      2655      3594      2664      3569      2654      3547      2622      3623      2687 PARcau 8.003670e-03 1.683070e-05 0.991979
   107   2       4353       1097  9.220  26.476 197.5 11.310     4347     1085     4360     1111     13     26      4351      1083      4360      1085      4355      1111      4346      1109      4322      1060      4385      1136 PARcau 2.900353e-02 1.520164e-04 0.970845
   107   0       3575       2649 10.308  26.196 195.5 23.962     3564     2642     3588     2658     24     16      3565      2640      3589      2650      3585      2660      3561      2649      3539      2617      3613      2683 PARcau 8.412857e-02 2.923097e-06 0.915868
   108   2       4352       1103  9.823  26.315 190.5 14.036     4346     1091     4359     1117     13     26      4350      1089      4360      1092      4353      1117      4344      1115      4321      1066      4384      1142 PARcau 1.137221e-03 1.646170e-04 0.998698
   108   0       3567       2644 10.817  25.554 194.5 30.964     3557     2635     3580     2653     23     18      3559      2633      3581      2646      3575      2655      3553      2642      3532      2610      3605      2678 PARcau 2.533092e-02 1.712220e-05 0.974652
   109   2       4350       1109  9.823  26.315 202.5 14.036     4345     1097     4357     1123     12     26      4349      1095      4359      1098      4352      1123      4343      1121      4320      1072      4382      1148 PARcau 2.567472e-01 4.422285e-04 0.742811
   109   0       3560       2637 10.000  25.239 184.5 33.690     3550     2628     3572     2647     22     19      3552      2626      3573      2640      3567      2648      3546      2634      3525      2603      3597      2672 PARcau 7.139333e-05 1.688533e-07 0.999928
   110   2       4349       1115 10.440  25.495 198.5 12.529     4344     1103     4357     1129     13     26      4347      1101      4357      1104      4352      1129      4342      1126      4319      1078      4382      1154 PARcau 1.315080e-01 7.462734e-03 0.861029
   110   0       3554       2630  9.220  25.456 187.5 45.000     3545     2620     3565     2641     20     21      3548      2618      3566      2636      3559      2642      3541      2624      3520      2595      3590      2666 PARcau 4.257463e-03 7.883930e-07 0.995742
   111   2       4348       1121 10.198  24.515 191.0 12.529     4343     1110     4355     1134     12     24      4346      1108      4356      1110      4351      1134      4341      1132      4318      1085      4380      1159 PARcau 7.559383e-03 2.192602e-03 0.990248
   111   0       3547       2622  9.220  25.456 185.0 45.000     3539     2611     3558     2633     19     22      3542      2610      3560      2628      3553      2634      3535      2616      3514      2586      3583      2658 PARcau 1.150141e-02 5.327503e-07 0.988498
   112   2       4348       1126 10.112  23.691 185.0  8.130     4343     1115     4355     1139     12     24      4344      1113      4354      1115      4351      1138      4341      1137      4318      1090      4380      1164 PARcau 1.199182e-02 7.993028e-02 0.908078
   112   0       3542       2613  9.605  26.101 187.5 53.130     3534     2602     3552     2625     18     23      3538      2600      3553      2621      3546      2627      3530      2606      3509      2577      3577      2650 PARcau 1.876294e-02 1.568185e-04 0.981080
   113   2       4348       1131 10.000  21.000 168.0 90.000     4343     1121     4354     1143     11     22      4343      1121      4353      1121      4353      1142      4343      1142      4318      1096      4379      1168 PARcau 5.031054e-03 5.581471e-02 0.939154
   113   0       3537       2605 10.000  26.401 189.0 53.130     3529     2593     3546     2617     17     24      3532      2591      3548      2612      3540      2618      3524      2597      3504      2568      3571      2642 PARcau 4.371434e-04 5.713023e-03 0.993850
   114   2       4348       1136 10.000  21.000 166.0 90.000     4344     1126     4355     1148     11     22      4344      1126      4354      1126      4354      1147      4344      1147      4319      1101      4380      1173 PARcau 6.936052e-03 4.929616e-01 0.500102
   114   0       3532       2598  9.394  25.303 179.5 60.945     3524     2587     3541     2610     17     23      3530      2584      3542      2606      3534      2610      3521      2588      3499      2562      3566      2635 PARcau 1.444991e-04 1.028338e-03 0.998827
   115   2       4350       1140 10.000  20.000 167.0 90.000     4345     1131     4356     1152     11     21      4345      1131      4355      1131      4355      1151      4345      1151      4320      1106      4381      1177 PARcau 1.893767e-03 2.061565e-01 0.791950
   115   0       3529       2595  9.434  24.413 179.0 55.008     3520     2586     3538     2607     18     21      3526      2582      3540      2602      3532      2607      3518      2587      3495      2561      3563      2632 PARcau 1.208249e-03 2.262642e-02 0.976165
   116   0       3526       2595  9.192  24.749 163.5 45.000     3517     2586     3536     2606     19     20      3521      2583      3538      2600      3532      2607      3514      2589      3492      2561      3561      2631 PARcau 3.557765e-04 1.949525e-03 0.997695
   116   2       4352       1145 10.689  20.500 169.5 77.471     4346     1135     4359     1156     13     21      4344      1136      4354      1134      4359      1154      4348      1156      4321      1110      4384      1181 PARcau 1.056608e-03 1.762944e-01 0.822649
   117   0       3522       2594  9.552  23.049 169.5 41.186     3513     2586     3533     2604     20     18      3517      2582      3534      2597      3528      2604      3510      2589      3488      2561      3558      2629 PARcau 1.137116e-03 4.816746e-02 0.950695
   117   2       4354       1149 11.180  20.125 168.5 63.435     4348     1140     4362     1160     14     20      4345      1143      4355      1138      4364      1156      4354      1161      4323      1115      4387      1185 PARcau 7.001754e-04 4.192257e-04 0.998881
   118   0       3517       2591  9.849  22.361 157.0 26.565     3508     2584     3528     2600     20     16      3509      2582      3529      2592      3525      2601      3505      2591      3483      2559      3553      2625 PARcau 3.167088e-04 1.077134e-04 0.999576
   118   2       4358       1154 11.180  21.471 177.0 63.435     4351     1145     4367     1165     16     20      4358      1142      4368      1161      4358      1166      4348      1147      4326      1120      4392      1190 PARcau 8.675788e-04 6.169970e-03 0.992962
   119   0       3510       2588  9.849  22.361 165.0 26.565     3500     2581     3521     2597     21     16      3502      2578      3522      2588      3518      2597      3498      2587      3475      2556      3546      2622 PARcau 8.849768e-02 2.361019e-03 0.909141
   119   2       4362       1159 11.314  22.627 188.5 45.000     4355     1150     4372     1170     17     20      4359      1147      4375      1163      4367      1171      4351      1155      4330      1125      4397      1195 PARcau 1.653349e-03 2.421241e-03 0.995925
   120   2       4367       1164 10.548  23.436 193.5 56.310     4359     1155     4377     1176     18     21      4365      1152      4378      1171      4369      1177      4356      1157      4334      1130      4402      1201 PARcau 3.888543e-01 4.431020e-03 0.606715
   120   0       3502       2584 10.124  22.638 164.5 30.964     3492     2578     3514     2593     22     15      3495      2574      3515      2585      3509      2594      3490      2582      3467      2553      3539      2618 PARcau 1.907174e-02 5.077170e-06 0.980923
   121   0       3495       2581 10.308  23.479 181.0 26.565     3484     2575     3507     2589     23     14      3486      2571      3507      2581      3503      2591      3482      2580      3459      2550      3532      2614 PARcau 1.788156e-03 1.613818e-05 0.998196
   121   2       4372       1170 10.700  24.300 197.0 53.130     4364     1161     4382     1182     18     21      4369      1158      4384      1177      4375      1184      4361      1164      4339      1136      4407      1207 PARcau 4.636522e-04 5.407002e-05 0.999482
   122   2       4377       1177 10.404  26.349 205.5 56.310     4369     1167     4387     1189     18     22      4374      1163      4388      1185      4380      1191      4365      1169      4344      1142      4412      1214 PARcau 9.157316e-02 2.427869e-04 0.908184
   122   0       3486       2578  9.962  23.243 171.5 18.435     3475     2573     3498     2586     23     13      3476      2569      3498      2577      3495      2586      3473      2579      3450      2548      3523      2611 PARcau 5.646689e-05 1.053065e-04 0.999838
   123   2       4381       1184 10.548  26.500 209.0 59.036     4373     1173     4391     1197     18     24      4379      1170      4393      1193      4384      1198      4370      1176      4348      1148      4416      1222 PARcau 8.209484e-03 1.826155e-02 0.973529
   123   0       3477       2576  9.849  23.770 177.0 21.801     3465     2571     3490     2584     25     13      3468      2567      3490      2576      3486      2585      3464      2576      3440      2546      3515      2609 PARcau 3.927245e-04 1.181312e-03 0.998426
   124   0       3474       2575  9.487  22.136 169.5 18.435     3464     2570     3486     2583     22     13      3465      2567      3486      2574      3483      2583      3462      2576      3439      2545      3511      2608 PARcau 1.256818e-04 1.931285e-03 0.997943
   124   2       4385       1192  9.434  26.420 194.5 60.945     4378     1181     4394     1205     16     24      4383      1178      4396      1201      4388      1206      4375      1183      4353      1156      4419      1230 PARcau 1.329393e-04 1.689750e-03 0.998177
   125   0       3477       2574 10.000  21.401 166.5 38.660     3468     2567     3488     2583     20     16      3472      2564      3489      2577      3483      2585      3466      2572      3443      2542      3513      2608 PARcau 2.491573e-03 4.062157e-03 0.993446
   125   2       4389       1199 10.062  26.856 202.5 61.390     4382     1188     4397     1213     15     25      4387      1186      4400      1209      4391      1214      4378      1190      4357      1163      4422      1238 PARcau 3.554584e-03 3.108716e-03 0.993337
   126   0       3480       2572 10.308  20.815 159.0 66.801     3474     2563     3488     2584     14     21      3471      2565      3480      2561      3489      2580      3479      2584      3449      2538      3513      2609 PARcau 1.537435e-03 4.098685e-03 0.994364
   126   2       4391       1207 10.595  25.773 199.5 71.565     4385     1196     4399     1221     14     25      4382      1197      4392      1193      4400      1218      4390      1221      4360      1171      4424      1246 PARcau 1.617495e-01 3.692792e-02 0.801323
   127   0       3482       2571 10.050  23.087 159.0 84.289     3478     2560     3489     2584     11     24      3476      2560      3486      2559      3488      2582      3478      2583      3453      2535      3514      2609 PARcau 2.900557e-02 2.165548e-02 0.949339
   127   2       4392       1213  9.823  26.315 195.0 75.964     4387     1202     4399     1228     12     26      4385      1202      4394      1200      4401      1225      4391      1228      4362      1177      4424      1253 PARcau 2.712758e-01 7.107563e-02 0.657649
   128   0       3484       2570  9.000  21.000 131.0 90.000     3480     2561     3490     2583     10     22      3480      2561      3489      2561      3489      2582      3480      2582      3455      2536      3515      2608 PARcau 3.441202e-03 2.582271e-02 0.970736
   128   2       4393       1219  9.220  25.495 190.0 78.690     4388     1207     4400     1233     12     26      4386      1207      4395      1205      4400      1230      4391      1232      4363      1182      4425      1258 PARcau 1.747890e-02 3.268569e-02 0.949835
   129   2       4394       1224 10.000  24.000 186.5 90.000     4389     1213     4400     1238     11     25      4389      1213      4399      1213      4399      1237      4389      1237      4364      1188      4425      1263 PARcau 3.125635e-04 1.360049e-03 0.998327
   129   0       3486       2570  9.657  16.621 122.0 21.801     3480     2563     3493     2580     13     17      3485      2561      3494      2564      3488      2580      3479      2576      3455      2538      3518      2605 PARcau 4.870750e-03 2.683610e-01 0.726768
   130   2       4394       1230  9.000  24.000 185.0 90.000     4390     1219     4400     1244     10     25      4390      1219      4399      1219      4399      1243      4390      1243      4365      1194      4425      1269 PARcau 3.546839e-03 2.825069e-03 0.993628
   130   0       3490       2570 12.000  15.000 127.0 90.000     3483     2565     3499     2578     16     13      3483      2565      3498      2565      3498      2577      3483      2577      3458      2540      3524      2603 PARcau 5.730870e-03 1.559649e-01 0.838304
   131   2       4394       1236  9.000  24.000 185.5 90.000     4390     1225     4400     1250     10     25      4390      1225      4399      1225      4399      1249      4390      1249      4365      1200      4425      1275 PARcau 7.857325e-02 4.708954e-02 0.874337
   131   0       3495       2571  9.000  17.000 123.5 90.000     3487     2567     3505     2577     18     10      3487      2567      3504      2567      3504      2576      3487      2576      3462      2542      3530      2602 PARcau 1.133572e-02 8.121785e-01 0.176486
   132   2       4394       1243 10.000  24.000 193.0 90.000     4389     1231     4400     1256     11     25      4389      1231      4399      1231      4399      1255      4389      1255      4364      1206      4425      1281 PARcau 5.215886e-03 1.464115e-03 0.993320
   132   0       3501       2572 10.000  19.000 140.0 90.000     3492     2568     3512     2579     20     11      3492      2568      3511      2568      3511      2578      3492      2578      3467      2543      3537      2604 PARcau 6.384281e-03 5.494934e-03 0.988121
   133   2       4393       1249 10.000  22.000 180.5 90.000     4389     1238     4400     1261     11     23      4389      1238      4399      1238      4399      1260      4389      1260      4364      1213      4425      1286 PARcau 1.240252e-01 2.033878e-01 0.672587
   133   0       3508       2573 10.050  20.224 146.0  8.130     3498     2569     3519     2580     21     11      3498      2567      3518      2570      3517      2580      3497      2577      3473      2544      3544      2605 PARcau 6.089393e-03 1.602054e-02 0.977890
   134   2       4393       1255 10.000  22.000 183.5 90.000     4388     1244     4399     1267     11     23      4388      1244      4398      1244      4398      1266      4388      1266      4363      1219      4424      1292 PARcau 7.239649e-02 6.869579e-02 0.858908
   134   0       3515       2575  9.341  22.074 154.5 14.036     3505     2570     3527     2581     22     11      3505      2568      3527      2573      3524      2582      3503      2577      3480      2545      3552      2606 PARcau 1.368227e-01 3.925916e-01 0.470586
   135   2       4392       1260 11.000  21.000 180.5 90.000     4387     1250     4399     1272     12     22      4387      1250      4398      1250      4398      1271      4387      1271      4362      1225      4424      1297 PARcau 3.522201e-03 2.638296e-01 0.732648
   135   0       3522       2577  9.341  23.286 164.0 14.036     3512     2572     3535     2583     23     11      3512      2569      3535      2575      3532      2584      3510      2578      3487      2547      3560      2608 PARcau 1.119723e-02 2.761669e-01 0.712636
   136   2       4392       1266 11.000  20.000 170.5 90.000     4387     1256     4399     1277     12     21      4387      1256      4398      1256      4398      1276      4387      1276      4362      1231      4424      1302 PARcau 4.461245e-02 7.712558e-02 0.878262
   136   0       3530       2578  9.618  23.927 165.0 11.310     3519     2573     3543     2584     24     11      3519      2571      3543      2575      3541      2585      3518      2580      3494      2548      3568      2609 PARcau 1.165166e-02 1.777068e-01 0.810641
   137   2       4392       1270 11.000  19.000 166.5 90.000     4387     1261     4399     1281     12     20      4387      1261      4398      1261      4398      1280      4387      1280      4362      1236      4424      1306 PARcau 1.529616e-02 4.575370e-01 0.527167
   137   0       3538       2579  9.552  24.418 159.0 11.310     3527     2574     3552     2585     25     11      3527      2572      3551      2577      3550      2586      3526      2582      3502      2549      3577      2610 PARcau 5.442708e-03 3.801790e-01 0.614378
   138   2       4392       1275 11.000  18.000 163.0 90.000     4387     1266     4399     1285     12     19      4387      1266      4398      1266      4398      1284      4387      1284      4362      1241      4424      1310 PARcau 5.526809e-03 7.756448e-01 0.218828
   138   0       3547       2581  8.559  26.235 169.5  8.130     3535     2576     3562     2587     27     11      3535      2575      3561      2578      3560      2587      3534      2583      3510      2551      3587      2612 PARcau 1.996245e-02 2.042247e-01 0.775813
   139   2       4393       1279 11.000  17.000 152.5 90.000     4388     1271     4400     1289     12     18      4388      1271      4399      1271      4399      1288      4388      1288      4363      1246      4425      1314 PARcau 1.069022e-03 7.694135e-01 0.229517
   139   0       3556       2582  9.000  26.000 166.0 90.000     3543     2578     3570     2588     27     10      3543      2578      3569      2578      3569      2587      3543      2587      3518      2553      3595      2613 PARcau 1.167593e-01 1.684960e-02 0.866391
   140   2       4395       1283 11.402  17.464 153.0 75.964     4389     1275     4402     1293     13     18      4387      1276      4398      1273      4402      1290      4391      1293      4364      1250      4427      1318 PARcau 6.865697e-04 3.953559e-01 0.603958
   140   0       3565       2584  8.860  26.315 185.5 14.036     3552     2579     3579     2591     27     12      3553      2577      3579      2583      3576      2592      3551      2585      3527      2554      3604      2616 PARcau 1.356599e-03 6.312314e-02 0.935520
   141   2       4397       1287 12.000  16.000 155.0 90.000     4391     1279     4404     1296     13     17      4391      1279      4403      1279      4403      1295      4391      1295      4366      1254      4429      1321 PARcau 2.941553e-04 7.049307e-01 0.294775
   141   0       3573       2587  9.823  26.315 182.0 14.036     3561     2582     3587     2595     26     13      3562      2579      3587      2585      3585      2595      3559      2588      3536      2557      3612      2620 PARcau 1.779621e-06 2.906546e-02 0.970933
   142   2       4399       1290 13.000  16.000 161.0 90.000     4393     1283     4407     1300     14     17      4393      1283      4406      1283      4406      1299      4393      1299      4368      1258      4432      1325 PARcau 1.205636e-02 6.036279e-01 0.384316
   142   0       3581       2590  9.487  25.000 169.5 16.699     3570     2585     3594     2598     24     13      3571      2582      3595      2589      3592      2598      3568      2591      3545      2560      3619      2623 PARcau 1.795840e-04 3.176514e-02 0.968055
   143   2       4402       1294 13.000  16.000 162.0 90.000     4396     1287     4410     1304     14     17      4396      1287      4409      1287      4409      1303      4396      1303      4371      1262      4435      1329 PARcau 9.355427e-03 6.562372e-02 0.925021
   143   0       3588       2595  9.394  25.715 183.0 26.565     3577     2588     3601     2604     24     16      3579      2585      3602      2596      3598      2605      3575      2593      3552      2563      3626      2629 PARcau 5.256075e-04 1.983224e-03 0.997491
   144   2       4406       1298 11.314  18.385 165.0 45.000     4399     1291     4414     1308     15     17      4403      1288      4416      1301      4408      1309      4395      1296      4374      1266      4439      1333 PARcau 6.471255e-04 1.048232e-02 0.988871
   144   0       3591       2597 10.296  24.597 180.5 26.565     3581     2590     3604     2606     23     16      3583      2587      3605      2598      3600      2607      3578      2596      3556      2565      3629      2631 PARcau 3.184395e-05 7.529412e-05 0.999893
   145   0       3593       2597 10.124  24.990 178.0 19.983     3582     2591     3606     2606     24     15      3583      2588      3607      2597      3603      2606      3580      2598      3557      2566      3631      2631 PARcau 2.027020e-04 3.574596e-02 0.964051
   145   2       4410       1303 11.314  19.799 176.0 45.000     4402     1295     4419     1313     17     18      4407      1292      4421      1306      4413      1314      4399      1300      4377      1270      4444      1338 PARcau 7.031736e-04 1.039649e-02 0.988900
   146   0       3596       2598  9.220  23.770 171.5 14.036     3585     2592     3608     2605     23     13      3585      2590      3608      2596      3606      2605      3583      2599      3560      2567      3633      2630 PARcau 3.283918e-04 9.307062e-02 0.906601
   146   2       4414       1308 11.800  21.101 190.5 53.130     4406     1299     4423     1319     17     20      4412      1296      4425      1313      4415      1320      4403      1303      4381      1274      4448      1344 PARcau 1.731087e-03 1.086204e-02 0.987407
   147   0       3599       2596  9.000  23.000 168.0 90.000     3588     2592     3612     2602     24     10      3588      2592      3611      2592      3611      2601      3588      2601      3563      2567      3637      2627 PARcau 2.824186e-02 8.206151e-02 0.889697
   147   2       4417       1314 11.511  22.327 192.5 56.310     4410     1305     4426     1326     16     21      4416      1302      4428      1320      4419      1327      4406      1308      4385      1280      4451      1351 PARcau 1.355796e-02 2.053421e-02 0.965908
   148   0       3604       2595 10.112  23.838 169.0 80.538     3593     2590     3617     2601     24     11      3592      2592      3615      2588      3617      2598      3593      2602      3568      2565      3642      2626 PARcau 1.485320e-02 2.112411e-01 0.773906
   148   2       4421       1321 11.885  22.940 198.0 68.199     4414     1311     4429     1333     15     22      4411      1312      4422      1308      4430      1329      4419      1334      4389      1286      4454      1358 PARcau 2.300966e-02 5.089536e-02 0.926095