 Frame  ID  CentroidX  CentroidY  Width  Length  Area  Angle  Box_TLX  Box_TLY  Box_BRX  Box_BRY  Box_W  Box_H  rBox_TLX  rBox_TLY  rBox_TRX  rBox_TRY  rBox_BRX  rBox_BRY  rBox_BLX  rBox_BLY  lBox_TLX  lBox_TLY  lBox_BRX  lBox_BRY  Label   HOMver       NONpro   PARcau
    21   0       1609       2218 12.349  27.577 252.5 21.801     1597     2210     1624     2227     27     17      1599      2207      1624      2218      1620      2229      1594      2219      1572      2185      1649      2252 PARcau 0.039347 1.275117e-02 0.947902
    22   0       1616       2221 12.349  28.504 251.5 21.801     1604     2213     1631     2229     27     16      1605      2210      1632      2221      1627      2232      1601      2222      1579      2188      1656      2254 PARcau 0.294376 1.321321e-01 0.573492
    23   0       1623       2224 12.083  28.178 249.5 26.565     1611     2216     1638     2233     27     17      1613      2212      1638      2225      1633      2236      1608      2223      1586      2191      1663      2258 PARcau 0.012912 1.152361e-02 0.975565
    24   0       1628       2226 11.885  27.391 246.5 21.801     1617     2218     1643     2235     26     17      1618      2216      1644      2226      1639      2237      1614      2227      1592      2193      1668      2260 PARcau 0.025223 6.562169e-04 0.974121
    25   0       1634       2229 11.662  26.926 259.5 30.964     1622     2221     1648     2238     26     17      1625      2217      1648      2231      1642      2241      1619      2227      1597      2196      1673      2263 PARcau 0.191881 4.676523e-02 0.761354
    26   0       1639       2232 12.083  27.731 260.0 26.565     1628     2224     1654     2241     26     17      1629      2221      1654      2233      1649      2244      1624      2232      1603      2199      1679      2266 PARcau 0.053307 4.891536e-01 0.457539
    27   0       1645       2235 13.000  28.231 257.5 23.199     1633     2227     1660     2244     27     17      1635      2224      1661      2235      1656      2247      1630      2236      1608      2202      1685      2269 PARcau 0.062526 3.347499e-02 0.903999
    28   0       1651       2239 12.083  26.833 234.5 26.565     1640     2231     1665     2248     25     17      1642      2228      1666      2240      1661      2251      1637      2239      1615      2206      1690      2273 PARcau 0.001297 1.007614e-02 0.988627
    29   0       1657       2243 13.000  26.833 249.0 26.565     1646     2235     1671     2252     25     17      1648      2231      1672      2243      1667      2255      1643      2243      1621      2210      1696      2277 PARcau 0.005945 3.694023e-02 0.957115
    30   0       1662       2246 11.180  26.833 246.0 26.565     1651     2238     1676     2255     25     17      1653      2235      1677      2247      1672      2257      1648      2245      1626      2213      1701      2280 PARcau 0.190344 2.395816e-01 0.570074
    31   0       1667       2249 12.530  26.833 242.0 26.565     1656     2241     1681     2259     25     18      1658      2238      1682      2250      1676      2261      1652      2249      1631      2216      1706      2284 PARcau 0.133479 3.985797e-02 0.826663
    32   0       1672       2253 11.927  27.354 249.5 30.964     1660     2245     1686     2263     26     18      1663      2241      1687      2255      1680      2265      1657      2251      1635      2220      1711      2288 PARcau 0.064782 1.456444e-01 0.789573
    33   0       1677       2256 12.083  26.833 237.0 26.565     1666     2249     1691     2265     25     16      1668      2245      1692      2257      1687      2268      1663      2256      1641      2224      1716      2290 PARcau 0.112400 4.294200e-02 0.844658
    34   0       1684       2260 12.816  27.391 241.0 21.801     1672     2252     1698     2269     26     17      1673      2249      1699      2259      1694      2271      1669      2261      1647      2227      1723      2294 PARcau 0.002692 3.334707e-02 0.963961
    35   0       1690       2263 12.530  26.926 244.5 30.964     1678     2256     1704     2272     26     16      1681      2251      1704      2265      1698      2276      1675      2262      1653      2231      1729      2297 PARcau 0.033277 3.251208e-02 0.934211
    36   0       1696       2266 11.705  26.000 221.5 21.801     1685     2259     1710     2275     25     16      1686      2256      1710      2266      1706      2277      1682      2267      1660      2234      1735      2300 PARcau 0.061571 1.425805e-01 0.795849
    37   0       1702       2269 12.083  25.495 235.5 26.565     1690     2262     1716     2277     26     15      1693      2258      1716      2269      1711      2280      1688      2269      1665      2237      1741      2302 PARcau 0.005814 3.545205e-04 0.993832
    38   0       1709       2271 12.855  25.831 237.5 14.036     1697     2265     1723     2280     26     15      1698      2262      1723      2269      1720      2281      1695      2275      1672      2240      1748      2305 PARcau 0.011478 7.146858e-02 0.917053
    39   0       1715       2274 12.083  26.926 236.5 21.801     1703     2267     1729     2283     26     16      1705      2263      1730      2273      1725      2284      1700      2274      1678      2242      1754      2308 PARcau 0.020881 7.963305e-02 0.899486
    40   0       1722       2276 11.705  26.926 234.5 15.945     1710     2269     1736     2284     26     15      1711      2267      1737      2274      1733      2285      1707      2278      1685      2244      1761      2309 PARcau 0.000362 9.377339e-05 0.999544
    41   0       1729       2278 12.083  26.833 242.0 26.565     1716     2272     1743     2287     27     15      1719      2267      1743      2279      1738      2290      1714      2278      1691      2247      1768      2312 PARcau 0.117982 1.620034e-03 0.880398
    42   0       1736       2280 11.236  27.354 224.0 18.435     1724     2274     1751     2288     27     14      1725      2271      1751      2280      1747      2290      1721      2282      1699      2249      1776      2313 PARcau 0.001376 1.616373e-03 0.997007
    43   0       1743       2283 10.920  26.405 208.5 18.435     1731     2277     1757     2290     26     13      1732      2273      1757      2282      1754      2292      1729      2284      1706      2252      1782      2315 PARcau 0.003440 4.094341e-04 0.996151
    44   0       1749       2285 11.424  26.277 219.0 21.801     1738     2278     1764     2292     26     14      1739      2275      1764      2285      1759      2295      1735      2286      1713      2253      1789      2317 PARcau 0.010644 1.403882e-03 0.987952
    45   0       1754       2286 12.748  26.086 225.5 11.310     1743     2279     1769     2294     26     15      1743      2277      1769      2283      1766      2295      1741      2290      1718      2254      1794      2319 PARcau 0.022947 1.355540e-02 0.963498
    46   0       1760       2287 11.281  27.409 231.5 14.036     1748     2280     1775     2295     27     15      1748      2278      1775      2285      1772      2296      1746      2289      1723      2255      1800      2320 PARcau 0.006612 8.006879e-04 0.992587
    47   0       1766       2288 11.885  26.856 226.5 23.962     1754     2282     1781     2296     27     14      1756      2277      1780      2288      1776      2299      1751      2288      1729      2257      1806      2321 PARcau 0.002450 9.479655e-02 0.902754
    48   0       1771       2289 12.176  26.405 229.0 18.435     1759     2283     1785     2297     26     14      1760      2279      1785      2288      1781      2299      1756      2291      1734      2258      1810      2322 PARcau 0.002509 5.021718e-02 0.947274
    49   0       1772       2289 11.705  26.249 224.5 18.435     1761     2283     1787     2297     26     14      1762      2280      1787      2288      1783      2299      1758      2291      1736      2258      1812      2322 PARcau 0.009659 5.838280e-03 0.984503
    50   0       1775       2289 10.920  26.800 210.5 14.036     1763     2283     1790     2297     27     14      1764      2281      1790      2288      1787      2298      1761      2292      1738      2258      1815      2322 PARcau 0.014854 1.095029e-01 0.875643
    51   0       1780       2291 10.920  27.354 207.0 18.435     1767     2285     1794     2298     27     13      1768      2282      1794      2290      1791      2301      1765      2292      1742      2260      1819      2323 PARcau 0.004673 2.046063e-03 0.993281
    52   0       1785       2292 10.440  27.514 198.0 18.435     1772     2286     1799     2300     27     14      1773      2283      1799      2292      1796      2302      1770      2293      1747      2261      1824      2325 PARcau 0.021700 1.810634e-01 0.797236
    53   0       1791       2294 10.920  27.354 222.5 18.435     1778     2288     1805     2302     27     14      1779      2285      1805      2293      1802      2304      1776      2295      1753      2263      1830      2327 PARcau 0.015019 1.872599e-02 0.966254
    54   0       1797       2297 10.920  26.405 215.5 18.435     1785     2290     1811     2305     26     15      1786      2288      1811      2296      1808      2307      1783      2298      1760      2265      1836      2330 PARcau 0.000237 1.030151e-04 0.999660
    55   0       1803       2299 12.083  26.926 228.5 21.801     1791     2293     1818     2307     27     14      1793      2289      1818      2299      1813      2310      1788      2300      1766      2268      1843      2332 PARcau 0.000692 3.840185e-03 0.995468
    56   0       1809       2302 11.543  26.725 222.5 18.435     1798     2295     1824     2310     26     15      1799      2293      1824      2301      1821      2312      1795      2304      1773      2270      1849      2335 PARcau 0.000579 6.941698e-03 0.992480
    57   0       1816       2306 10.770  26.000 221.0 23.199     1805     2299     1830     2314     25     15      1806      2296      1830      2306      1826      2316      1802      2306      1780      2274      1855      2339 PARcau 0.000587 4.564778e-03 0.994848
    58   0       1822       2309 12.083  26.833 222.0 26.565     1811     2302     1837     2317     26     15      1813      2298      1837      2310      1832      2321      1808      2309      1786      2277      1862      2342 PARcau 0.000316 1.128964e-03 0.998555
    59   0       1829       2312 12.083  27.857 228.5 21.801     1817     2306     1844     2321     27     15      1819      2302      1845      2312      1840      2323      1814      2313      1792      2281      1869      2346 PARcau 0.001129 5.917948e-04 0.998280
    60   0       1836       2316 12.176  27.354 235.5 18.435     1824     2309     1850     2324     26     15      1825      2306      1851      2314      1847      2326      1821      2317      1799      2284      1875      2349 PARcau 0.007397 9.402267e-03 0.983201
    61   0       1842       2319 11.543  27.042 228.5 18.435     1831     2312     1857     2327     26     15      1832      2309      1857      2318      1854      2329      1828      2320      1806      2287      1882      2352 PARcau 0.011092 3.429365e-02 0.954614
    62   0       1849       2321 11.543  27.042 227.5 18.435     1838     2315     1864     2330     26     15      1839      2312      1864      2321      1861      2332      1835      2323      1813      2290      1889      2355 PARcau 0.001550 3.494617e-04 0.998100
    63   0       1856       2324 11.543  25.773 224.0 18.435     1844     2318     1870     2332     26     14      1846      2315      1870      2323      1867      2334      1842      2326      1819      2293      1895      2357 PARcau 0.010058 2.834728e-03 0.987107
    64   0       1863       2326 11.281  26.196 217.0 14.036     1851     2320     1877     2334     26     14      1851      2318      1877      2324      1874      2335      1849      2329      1826      2295      1902      2359 PARcau 0.066404 4.545340e-04 0.933141
    65   0       1869       2328 12.000  26.000 222.5 90.000     1857     2322     1884     2335     27     13      1857      2322      1883      2322      1883      2334      1857      2334      1832      2297      1909      2360 PARcau 0.001479 7.846130e-05 0.998443
    66   0       1876       2330 10.920  25.831 213.0 14.036     1865     2324     1891     2337     26     13      1866      2321      1891      2328      1888      2338      1863      2332      1840      2299      1916      2362 PARcau 0.003107 3.779814e-03 0.993113
    67   0       1883       2331 11.402  25.710 221.0 14.036     1871     2325     1897     2339     26     14      1872      2323      1897      2329      1894      2340      1869      2334      1846      2300      1922      2364 PARcau 0.021414 7.137214e-02 0.907214
    68   0       1891       2332 11.402  26.926 217.0 15.945     1878     2327     1905     2340     27     13      1879      2323      1905      2330      1902      2341      1876      2334      1853      2302      1930      2365 PARcau 0.002103 1.974867e-02 0.978149
    69   0       1897       2333 11.000  26.000 214.5 90.000     1885     2328     1912     2340     27     12      1885      2328      1911      2328      1911      2339      1885      2339      1860      2303      1937      2365 PARcau 0.018210 2.237476e-01 0.758042
    70   0       1904       2334 10.198  25.495 207.5 11.310     1893     2329     1919     2342     26     13      1893      2327      1918      2332      1916      2342      1891      2337      1868      2304      1944      2367 PARcau 0.003604 5.589351e-02 0.940503
    71   0       1912       2336 11.102  25.676 210.0  7.125     1900     2330     1926     2343     26     13      1900      2329      1925      2332      1924      2343      1898      2340      1875      2305      1951      2368 PARcau 0.000575 5.457027e-03 0.993968
    72   0       1919       2337 11.000  26.000 211.0 90.000     1907     2332     1934     2344     27     12      1907      2332      1933      2332      1933      2343      1907      2343      1882      2307      1959      2369 PARcau 0.000303 6.265771e-04 0.999070
    73   0       1927       2339 11.045  26.173 215.5  6.340     1915     2333     1942     2346     27     13      1915      2332      1941      2335      1940      2346      1914      2343      1890      2308      1967      2371 PARcau 0.000863 1.264116e-02 0.986496
    74   0       1934       2341 11.068  26.879 223.0 18.435     1922     2335     1949     2349     27     14      1923      2332      1949      2340      1945      2351      1920      2342      1897      2310      1974      2374 PARcau 0.001837 5.432828e-03 0.992730
    75   0       1942       2343 11.673  26.575 216.5 11.310     1930     2337     1956     2351     26     14      1930      2335      1956      2341      1954      2352      1928      2347      1905      2312      1981      2376 PARcau 0.000940 6.738756e-03 0.992321
    76   0       1949       2346 11.543  26.725 221.5 18.435     1937     2340     1964     2354     27     14      1938      2337      1964      2345      1960      2356      1935      2348      1912      2315      1989      2379 PARcau 0.000487 8.026369e-03 0.991486
    77   0       1956       2349 10.440  27.514 217.5 18.435     1944     2343     1971     2357     27     14      1945      2340      1971      2349      1968      2359      1942      2350      1919      2318      1996      2382 PARcau 0.001273 7.227762e-03 0.991499
    78   0       1963       2352 11.068  26.879 214.0 18.435     1952     2346     1978     2360     26     14      1953      2343      1978      2352      1975      2362      1949      2354      1927      2321      2003      2385 PARcau 0.001036 2.085564e-04 0.998755
    79   0       1970       2356 11.180  26.833 226.5 26.565     1958     2349     1985     2364     27     15      1961      2345      1985      2357      1980      2367      1956      2355      1933      2324      2010      2389 PARcau 0.000646 2.777600e-04 0.999076
    80   0       1977       2359 10.770  26.000 212.0 21.801     1966     2352     1991     2367     25     15      1967      2349      1991      2359      1987      2369      1963      2359      1941      2327      2016      2392 PARcau 0.001232 6.194125e-04 0.998148
    81   0       1984       2362 11.180  25.942 210.0 26.565     1973     2355     1998     2370     25     15      1975      2351      1998      2363      1993      2373      1970      2361      1948      2330      2023      2395 PARcau 0.001201 6.354172e-03 0.992445
    82   0       1991       2364 11.853  26.163 217.0 26.565     1979     2358     2005     2372     26     14      1982      2354      2005      2365      2000      2376      1976      2364      1954      2333      2030      2397 PARcau 0.000717 2.949429e-03 0.996334
    83   0       1998       2367 12.083  24.597 215.0 26.565     1986     2361     2011     2375     25     14      1989      2356      2011      2367      2006      2378      1984      2367      1961      2336      2036      2400 PARcau 0.002767 8.604353e-03 0.988629
    84   0       2004       2369 11.543  25.773 211.5 18.435     1993     2363     2018     2377     25     14      1994      2360      2018      2368      2015      2379      1990      2371      1968      2338      2043      2402 PARcau 0.000906 1.394750e-02 0.985146
    85   0       2012       2371 11.000  25.000 202.5 90.000     2000     2366     2026     2378     26     12      2000      2366      2025      2366      2025      2377      2000      2377      1975      2341      2051      2403 PARcau 0.003474 1.748942e-03 0.994777
    86   0       2019       2373 11.000  24.000 197.0 90.000     2008     2368     2033     2380     25     12      2008      2368      2032      2368      2032      2379      2008      2379      1983      2343      2058      2405 PARcau 0.001238 1.963335e-03 0.996799
    87   0       2026       2374 11.000  24.000 198.0 90.000     2014     2369     2039     2381     25     12      2014      2369      2038      2369      2038      2380      2014      2380      1989      2344      2064      2406 PARcau 0.003632 6.490320e-03 0.989878
    88   0       2032       2375 11.180  25.495 200.5 11.310     2021     2370     2046     2383     25     13      2021      2368      2046      2373      2044      2384      2019      2379      1996      2345      2071      2408 PARcau 0.000561 7.667256e-03 0.991772
    89   0       2039       2376 10.689  26.575 204.5 11.310     2027     2371     2053     2384     26     13      2027      2369      2053      2374      2051      2385      2025      2379      2002      2346      2078      2409 PARcau 0.002493 8.399475e-03 0.989107
    90   0       2046       2377 10.920  25.831 202.0 14.036     2034     2372     2060     2385     26     13      2035      2369      2060      2376      2057      2386      2032      2380      2009      2347      2085      2410 PARcau 0.001364 1.014335e-03 0.997622
    91   0       2053       2379 11.000  25.000 205.0 90.000     2042     2374     2068     2386     26     12      2042      2374      2067      2374      2067      2385      2042      2385      2017      2349      2093      2411 PARcau 0.000137 9.848957e-05 0.999765
    92   0       2061       2381 10.308  25.224 200.5 14.036     2049     2375     2075     2388     26     13      2050      2373      2074      2379      2072      2389      2047      2383      2024      2350      2100      2413 PARcau 0.000037 4.022498e-04 0.999561
    93   0       2068       2382 11.000  25.000 204.0 90.000     2056     2377     2082     2389     26     12      2056      2377      2081      2377      2081      2388      2056      2388      2031      2352      2107      2414 PARcau 0.000039 2.570270e-03 0.997391
    93   1        538        252  8.000  13.000  69.0 90.000      531      249      545      258     14      9       531       249       544       249       544       257       531       257       506       224       570       283 PARcau 0.159623 1.069384e-01 0.733439
    94   1        541        255  8.485  19.799 127.5 45.000      532      249      550      264     18     15       537       245       551       259       545       265       531       251       507       224       575       289 PARcau 0.001705 8.894005e-06 0.998286
    94   0       2075       2384 11.000  24.000 195.0 90.000     2064     2379     2089     2391     25     12      2064      2379      2088      2379      2088      2390      2064      2390      2039      2354      2114      2416 PARcau 0.002928 5.561555e-02 0.941457
    94   2        977       2677  2.828   7.810  15.5 45.000      974     2674      981     2681      7      7       973      2679       978      2673       980      2675       975      2681       949      2649      1006      2706 PARcau 0.890693 3.168631e-06 0.109304
    94   3       1077       2405  3.536   7.778  20.0 45.000     1074     2403     1081     2410      7      7      1076      2402      1081      2407      1079      2410      1073      2404      1049      2378      1106      2435 PARcau 0.942785 7.828626e-05 0.057137
    95   3       1076       2405  4.472   8.944  28.0 26.565     1073     2402     1081     2410      8      8      1073      2401      1081      2405      1079      2409      1071      2405      1048      2377      1106      2435 PARcau 0.800019 2.190774e-02 0.178073
    95   1        544        258  9.899  25.456 185.5 45.000      534      249      555      269     21     20       539       246       557       264       550       271       532       253       509       224       580       294 PARcau 0.064029 4.508144e-04 0.935520
    95   0       2083       2386 10.794  26.315 206.0 14.036     2071     2380     2097     2393     26     13      2071      2378      2097      2384      2094      2395      2069      2388      2046      2355      2122      2418 PARcau 0.001601 2.837937e-02 0.970019
    96   3       1076       2405  4.950   9.192  25.0 45.000     1073     2402     1081     2410      8      8      1075      2400      1082      2407      1078      2410      1072      2404      1048      2377      1106      2435 PARcau 0.566617 6.176088e-02 0.371622
    96   1        548        261  9.899  29.698 207.0 45.000      538      250      560      273     22     23       540       247       561       268       554       275       533       254       513       225       585       298 PARcau 0.533376 1.523868e-02 0.451386
    96   0       2089       2388 11.705  25.298 207.0 18.435     2078     2383     2103     2396     25     13      2079      2379      2103      2387      2099      2398      2075      2390      2053      2358      2128      2421 PARcau 0.000177 1.422419e-03 0.998400
    97   3       1075       2404  5.000   9.899  29.5 45.000     1072     2401     1081     2409      9      8      1074      2399      1081      2406      1077      2409      1070      2402      1047      2376      1106      2434 PARcau 0.885147 7.054515e-03 0.107799
    97   1        552        265 10.630  28.284 228.5 45.000      542      255      564      277     22     22       546       252       566       272       558       279       538       259       517       230       589       302 PARcau 0.432023 2.893194e-04 0.567688
    97   0       2096       2391 10.440  25.298 196.5 18.435     2085     2385     2110     2398     25     13      2086      2382      2110      2390      2107      2400      2083      2392      2060      2360      2135      2423 PARcau 0.000821 1.339372e-03 0.997840
    98   3       1074       2403  4.950  10.607  33.0 45.000     1071     2399     1079     2409      8     10      1073      2398      1080      2405      1077      2409      1069      2401      1046      2374      1104      2434 PARcau 0.855963 3.139210e-03 0.140898
    98   1        556        269 10.630  29.698 242.0 45.000      545      258      568      282     23     24       549       255       570       276       563       284       542       263       520       233       593       307 PARcau 0.213927 1.165388e-05 0.786061
    98   0       2103       2393 10.440  25.298 200.0 18.435     2092     2388     2117     2401     25     13      2093      2384      2117      2392      2114      2402      2090      2394      2067      2363      2142      2426 PARcau 0.000147 5.832156e-04 0.999270
    98   2        957       2711  6.000  10.000  39.0 90.000      955     2707      962     2718      7     11       955      2707       961      2707       961      2717       955      2717       930      2682       987      2743 PARcau 0.960823 4.410981e-06 0.039172
    99   3       1074       2403  4.950  10.607  34.5 45.000     1071     2399     1079     2409      8     10      1073      2398      1080      2405      1077      2409      1069      2401      1046      2374      1104      2434 PARcau 0.877263 6.689703e-02 0.055840
    99   2        957       2711  7.071   8.485  39.5 45.000      955     2707      962     2718      7     11       951      2712       957      2706       962      2711       956      2717       930      2682       987      2743 PARcau 0.992217 9.468643e-06 0.007774
    99   1        560        274 10.607  30.406 254.0 45.000      550      263      573      288     23     25       554       261       575       282       568       290       546       268       525       238       598       313 PARcau 0.003769 3.964262e-08 0.996231
    99   0       2110       2396 10.595  24.824 196.0 18.435     2099     2390     2123     2403     24     13      2100      2387      2123      2395      2120      2405      2096      2397      2074      2365      2148      2428 PARcau 0.002597 2.014887e-01 0.795914
   100   3       1074       2403  5.000  11.402  27.0 53.130     1071     2399     1079     2409      8     10      1073      2397      1080      2406      1076      2409      1069      2400      1046      2374      1104      2434 PARcau 0.681258 1.440213e-01 0.174721
   100   2        957       2712  5.220  11.236  33.0 18.435      955     2707      962     2719      7     12       956      2706       961      2707       957      2718       952      2716       930      2682       987      2744 PARcau 0.676776 1.800856e-04 0.323044
   100   0       2117       2399 10.595  25.773 196.5 18.435     2105     2393     2131     2406     26     13      2106      2390      2131      2398      2127      2408      2103      2400      2080      2368      2156      2431 PARcau 0.001403 5.737613e-03 0.992859
   100   1        566        281 10.607  31.820 252.0 45.000      556      269      579      294     23     25       559       266       582       289       574       296       552       274       531       244       604       319 PARcau 0.181227 1.382945e-06 0.818772
   101   2        956       2712  4.000  11.000  29.0 90.000      955     2707      960     2719      5     12       955      2707       959      2707       959      2718       955      2718       930      2682       985      2744 PARcau 0.984305 1.386169e-06 0.015693
   101   3       1073       2402  5.000   7.810  23.5 53.130     1071     2399     1078     2407      7      8      1073      2397      1078      2403      1074      2406      1069      2400      1046      2374      1103      2432 PARcau 0.831622 6.445275e-02 0.103925
   101   0       2123       2401 11.402  25.298 194.5 18.435     2112     2395     2137     2408     25     13      2113      2392      2137      2400      2134      2411      2110      2403      2087      2370      2162      2433 PARcau 0.000085 7.280125e-05 0.999842
   101   1        572        287 10.607  30.406 257.0 45.000      562      276      584      301     22     25       565       273       587       295       579       302       558       281       537       251       609       326 PARcau 0.019896 3.389896e-08 0.980104
   102   3       1072       2400  4.031   9.708  20.5 33.690     1069     2397     1078     2405      9      8      1069      2396      1077      2402      1075      2405      1067      2400      1044      2372      1103      2430 PARcau 0.919657 9.967928e-03 0.070375
   102   2        957       2713  4.000   9.000  16.5 90.000      955     2708      960     2718      5     10       955      2708       959      2708       959      2717       955      2717       930      2683       985      2743 PARcau 0.930520 2.486357e-04 0.069232
   102   0       2130       2403 10.124  25.933 194.5 18.435     2118     2398     2144     2411     26     13      2120      2395      2144      2403      2141      2413      2116      2404      2093      2373      2169      2436 PARcau 0.000171 2.108722e-03 0.997720
   102   1        577        293 11.402  30.610 260.0 51.340      567      281      589      307     22     26       572       278       591       302       582       309       563       285       542       256       614       332 PARcau 0.718854 1.696579e-07 0.281146
   103   0       2136       2405 11.000  24.000 194.5 90.000     2125     2400     2150     2412     25     12      2125      2400      2149      2400      2149      2411      2125      2411      2100      2375      2175      2437 PARcau 0.000191 5.926215e-04 0.999217
   103   1        581        298 13.435  28.991 280.0 45.000      571      287      592      313     21     26       576       283       597       304       587       313       567       293       546       262       617       338 PARcau 0.043241 2.234720e-07 0.956759
   103   2        968       2686  3.354   9.014  16.5 33.690      967     2683      972     2692      5      9       964      2689       969      2682       972      2683       967      2691       942      2658       997      2717 PARcau 0.887892 4.333960e-03 0.107774
   104   0       2143       2407 11.000  24.000 200.5 90.000     2132     2402     2157     2414     25     12      2132      2402      2156      2402      2156      2413      2132      2413      2107      2377      2182      2439 PARcau 0.003666 1.323732e-01 0.863961
   104   1        585        304 12.619  30.516 268.0 54.462      575      292      595      319     20     27       582       288       599       313       589       320       571       295       550       267       620       344 PARcau 0.036611 1.355318e-04 0.963253
   105   0       2150       2409 11.045  24.187 201.0  7.125     2138     2403     2163     2416     25     13      2138      2402      2162      2405      2161      2416      2137      2413      2113      2378      2188      2441 PARcau 0.000926 7.133806e-03 0.991940
   105   1        588        310 11.927  29.585 256.5 59.036      579      298      599      325     20     27       586       294       601       320       591       326       576       301       554       273       624       350 PARcau 0.176086 5.686068e-04 0.823346
   106   0       2156       2410 11.000  25.000 203.0 90.000     2145     2405     2171     2417     26     12      2145      2405      2170      2405      2170      2416      2145      2416      2120      2380      2196      2442 PARcau 0.001691 2.214685e-02 0.976162
   106   1        592        315 12.207  30.232 262.0 56.310      582      304      602      331     20     27       589       299       606       324       596       331       579       306       557       279       627       356 PARcau 0.035554 7.837791e-04 0.963662
   107   0       2163       2411 11.045  24.187 198.5  7.125     2152     2406     2177     2418     25     12      2152      2404      2176      2407      2175      2418      2151      2415      2127      2381      2202      2443 PARcau 0.003572 1.979840e-01 0.798444
   107   1        595        322 13.124  29.904 268.0 69.444      586      310      605      337     19     27       584       310       596       306       607       334       594       338       561       285       630       362 PARcau 0.190938 5.134577e-06 0.809057
   108   0       2170       2412 10.198  25.495 187.0 11.310     2159     2407     2184     2419     25     12      2159      2404      2184      2409      2182      2419      2157      2414      2134      2382      2209      2444 PARcau 0.007390 6.584516e-03 0.986025
   108   1        598        327 12.971  31.133 281.0 60.255      590      315      608      343     18     28       597       311       613       338       601       344       586       317       565       290       633       368 PARcau 0.245748 6.392915e-05 0.754188
   109   0       2178       2413 11.180  25.495 193.5 11.310     2166     2408     2192     2420     26     12      2166      2405      2191      2410      2189      2421      2164      2416      2141      2383      2217      2445 PARcau 0.012805 1.609239e-01 0.826271
   109   1        601        333 13.463  30.270 283.0 59.036      593      321      611      349     18     28       600       317       616       343       604       350       589       324       568       296       636       374 PARcau 0.017582 3.449221e-04 0.982073
   110   0       2186       2414 10.000  25.000 188.5 90.000     2174     2409     2200     2420     26     11      2174      2409      2199      2409      2199      2419      2174      2419      2149      2384      2225      2445 PARcau 0.000554 4.638885e-04 0.998982
   110   1        605        340 13.416  29.967 278.0 63.435      596      328      613      356     17     28       605       323       618       350       606       356       593       329       571       303       638       381 PARcau 0.766081 1.001194e-05 0.233909
   111   0       2193       2415 10.548  25.244 201.5  7.125     2181     2409     2207     2421     26     12      2181      2408      2206      2411      2205      2422      2180      2418      2156      2384      2232      2446 PARcau 0.003874 5.140313e-02 0.944723
   111   1        607        346 14.089  29.741 287.0 63.435      599      334      616      362     17     28       608       330       621       356       609       363       595       336       574       309       641       387 PARcau 0.405991 3.234476e-05 0.593977
   112   0       2201       2416 11.000  24.000 193.0 90.000     2189     2411     2214     2423     25     12      2189      2411      2213      2411      2213      2422      2189      2422      2164      2386      2239      2448 PARcau 0.012372 1.135722e-02 0.976270
   112   1        610        352 12.649  29.732 274.0 71.565      602      340      618      368     16     28       599       341       611       337       621       365       609       369       577       315       643       393 PARcau 0.168571 3.218355e-02 0.799245
   113   0       2208       2418 11.180  25.495 204.0 11.310     2197     2412     2223     2425     26     13      2197      2410      2222      2415      2220      2426      2195      2421      2172      2387      2248      2450 PARcau 0.000446 2.987019e-04 0.999255
   113   1        612        359 12.540  30.187 268.0 63.435      604      346      620      375     16     29       611       343       625       370       613       375       600       348       579       321       645       400 PARcau 0.083300 4.297878e-01 0.486912
   114   0       2215       2419  9.962  25.831 201.0 14.036     2203     2414     2229     2427     26     13      2204      2412      2229      2418      2226      2428      2201      2421      2178      2389      2254      2452 PARcau 0.027922 2.411758e-02 0.947961
   114   1        615        365 15.000  27.000 286.5 90.000      607      353      623      381     16     28       607       353       622       353       622       380       607       380       582       328       648       406 PARcau 0.416565 3.141055e-02 0.552024
   115   0       2223       2422 10.595  25.773 192.5 18.435     2211     2416     2237     2429     26     13      2212      2413      2237      2421      2233      2431      2209      2423      2186      2391      2262      2454 PARcau 0.034368 1.721330e-03 0.963911
   115   1        618        371 15.000  27.000 287.0 90.000      610      359      626      387     16     28       610       359       625       359       625       386       610       386       585       334       651       412 PARcau 0.919325 6.468755e-04 0.080029
   116   0       2230       2424 11.045  24.083 194.0  6.340     2219     2419     2244     2432     25     13      2219      2418      2243      2420      2242      2431      2218      2429      2194      2394      2269      2457 PARcau 0.003604 1.351426e-03 0.995045
   116   1        620        377 15.000  27.000 297.5 90.000      612      365      628      393     16     28       612       365       627       365       627       392       612       392       587       340       653       418 PARcau 0.281997 3.164002e-03 0.714839
   117   0       2237       2427  9.487  25.298 192.5 18.435     2226     2421     2251     2435     25     14      2227      2419      2251      2427      2248      2436      2224      2428      2201      2396      2276      2460 PARcau 0.000181 9.653571e-04 0.998854
   117   1        622        384 12.855  28.022 263.5 74.055      615      372      631      399     16     27       613       372       626       369       633       396       621       399       590       347       656       424 PARcau 0.066631 3.627657e-04 0.933006
   118   0       2244       2430  9.487  25.000 186.5 15.945     2233     2424     2258     2437     25     13      2234      2422      2258      2429      2255      2438      2231      2431      2208      2399      2283      2462 PARcau 0.001329 1.155864e-02 0.987112
   118   1        625        391 12.971  27.951 264.5 63.435      618      378      634      406     16     28       624       375       637       400       625       406       613       381       593       353       659       431 PARcau 0.341366 8.486157e-04 0.657785
   119   0       2251       2433 10.595  25.773 195.5 18.435     2240     2427     2265     2440     25     13      2241      2424      2265      2432      2262      2442      2237      2434      2215      2402      2290      2465 PARcau 0.000895 3.260153e-04 0.998779
   119   1        627        397 12.748  28.399 259.0 63.435      620      384      636      412     16     28       627       381       640       406       628       412       616       386       595       359       661       437 PARcau 0.024713 1.460433e-02 0.960683
   120   0       2258       2436 10.440  24.352 191.5 18.435     2247     2430     2271     2443     24     13      2248      2427      2271      2435      2268      2445      2245      2437      2222      2405      2296      2468 PARcau 0.000948 7.233848e-03 0.991818
   120   1        630        403 14.534  28.623 264.5 63.435      622      391      639      418     17     27       631       387       644       412       631       419       618       393       597       366       664       443 PARcau 0.036293 3.617336e-01 0.601974
   121   0       2264       2438 11.180  24.597 191.5 26.565     2253     2433     2278     2446     25     13      2256      2428      2278      2439      2273      2449      2251      2438      2228      2408      2303      2471 PARcau 0.004021 4.488164e-03 0.991491
   121   1        632        409 12.369  27.893 246.5 75.964      625      397      641      424     16     27       622       398       634       395       641       422       629       425       600       372       666       449 PARcau 0.024368 4.402129e-02 0.931611
   122   0       2271       2440 11.281  24.254 186.5 14.036     2260     2435     2284     2448     24     13      2261      2432      2284      2438      2282      2449      2258      2443      2235      2410      2309      2473 PARcau 0.001518 5.414775e-03 0.993068
   122   1        636        416 15.692  28.040 264.0 59.036      628      403      646      431     18     28       636       399       651       423       637       431       623       407       603       378       671       456 PARcau 0.000563 2.610164e-03 0.996827
   123   0       2277       2443 10.920  24.192 189.0 18.435     2266     2437     2290     2450     24     13      2267      2434      2290      2441      2287      2452      2264      2444      2241      2412      2315      2475 PARcau 0.000769 2.420168e-02 0.975030
   123   1        638        421 16.000  26.000 261.0 90.000      631      409      648      436     17     27       631       409       647       409       647       435       631       435       606       384       673       461 PARcau 0.001859 9.974083e-03 0.988167
   124   0       2283       2444 11.000  23.000 187.0 90.000     2272     2439     2296     2451     24     12      2272      2439      2295      2439      2295      2450      2272      2450      2247      2414      2321      2476 PARcau 0.000426 3.300502e-03 0.996274
   124   1        641        427 11.424  28.888 233.5 66.801      633      415      650      442     17     27       640       413       652       439       641       444       630       417       608       390       675       467 PARcau 0.001526 2.829755e-01 0.715498
   125   0       2290       2446 11.000  24.000 193.0 90.000     2279     2441     2304     2453     25     12      2279      2441      2303      2441      2303      2452      2279      2452      2254      2416      2329      2478 PARcau 0.003458 2.876176e-02 0.967780
   125   1        645        434 17.066  25.578 255.5  4.086      637      422      655      449     18     27       637       421       654       422       652       448       635       446       612       397       680       474 PARcau 0.007746 1.633584e-03 0.990620
   126   0       2297       2448 10.607  24.910 188.0  9.462     2286     2443     2311     2455     25     12      2286      2440      2310      2445      2309      2455      2284      2451      2261      2418      2336      2480 PARcau 0.002549 1.420517e-03 0.996030
   126   1        647        441 10.966  28.692 234.5 67.380      640      429      657      455     17     26       647       426       658       452       648       457       637       430       615       404       682       480 PARcau 0.000031 7.199671e-06 0.999962
   127   0       2304       2449 10.050  23.195 179.5  7.125     2293     2444     2317     2456     24     12      2293      2442      2316      2445      2315      2455      2292      2452      2268      2419      2342      2481 PARcau 0.003865 2.085979e-02 0.975276
   127   1        651        448 10.966  28.623 239.5 63.435      643      436      661      462     18     26       650       433       663       459       653       463       640       438       618       411       686       487 PARcau 0.000721 4.045159e-04 0.998875
   128   0       2311       2450 10.770  25.298 186.0 18.435     2299     2445     2325     2457     26     12      2301      2441      2325      2449      2321      2459      2297      2451      2274      2420      2350      2482 PARcau 0.000116 5.675265e-03 0.994209
   128   1        655        455 12.207  28.844 241.0 56.310      647      442      664      469     17     27       652       439       668       463       658       470       642       446       622       417       689       494 PARcau 0.032927 1.384099e-05 0.967060
   129   0       2318       2451 10.440  24.739 188.0 14.036     2306     2446     2331     2458     25     12      2307      2443      2331      2449      2328      2459      2304      2453      2281      2421      2356      2483 PARcau 0.004598 4.098548e-02 0.954417
   129   1        659        462 16.000  26.000 257.5 90.000      651      450      668      477     17     27       651       450       667       450       667       476       651       476       626       425       693       502 PARcau 0.490904 1.256816e-02 0.496528
   130   0       2325       2452 10.198  25.495 188.0 11.310     2314     2447     2339     2459     25     12      2314      2445      2339      2450      2337      2460      2312      2455      2289      2422      2364      2484 PARcau 0.003329 3.458637e-02 0.962084
   130   1        662        470 11.236  28.901 240.5 60.255      654      457      672      484     18     27       660       454       674       479       665       485       650       460       629       432       697       509 PARcau 0.027500 2.721027e-03 0.969779
   131   0       2332       2454 10.770  24.352 187.5 18.435     2321     2449     2346     2461     25     12      2323      2445      2346      2453      2342      2463      2319      2455      2296      2424      2371      2486 PARcau 0.001494 1.064975e-02 0.987857
   131   1        665        476 10.817  28.844 236.5 56.310      658      464      675      491     17     27       662       461       678       485       669       491       653       467       633       439       700       516 PARcau 0.011443 9.587626e-05 0.988462
   132   0       2340       2456 10.595  25.773 190.5 18.435     2328     2450     2354     2463     26     13      2329      2447      2354      2455      2350      2465      2326      2457      2303      2425      2379      2488 PARcau 0.000095 1.535188e-04 0.999751
   132   1        668        483 10.770  29.411 233.0 71.565      661      470      677      498     16     28       659       471       669       467       678       495       668       499       636       445       702       523 PARcau 0.000495 3.335061e-08 0.999505
   133   0       2347       2457 10.440  24.739 192.5 14.036     2336     2452     2361     2464     25     12      2337      2450      2361      2456      2358      2466      2334      2460      2311      2427      2386      2489 PARcau 0.002621 1.831517e-03 0.995547
   133   1        672        489 15.435  29.090 245.5 65.225      664      477      684      505     20     28       661       479       675       472       687       499       673       505       639       452       709       530 PARcau 0.447434 1.876529e-05 0.552547
   134   0       2354       2460 10.595  24.824 191.0 18.435     2343     2454     2368     2467     25     13      2344      2451      2368      2459      2364      2469      2341      2461      2318      2429      2393      2492 PARcau 0.009814 2.048316e-03 0.988138
   134   1        674        496 10.966  29.618 234.5 68.199      667      483      682      512     15     29       674       480       685       508       675       512       664       485       642       458       707       537 PARcau 0.438374 1.799484e-03 0.559826
   135   0       2361       2462 10.440  24.352 181.0 18.435     2350     2457     2374     2469     24     12      2351      2453      2374      2461      2371      2471      2348      2463      2325      2432      2399      2494 PARcau 0.007953 2.082232e-01 0.783824
   135   1        677        503 10.770  29.547 238.5 67.380      669      490      685      518     16     28       676       487       688       514       678       518       666       491       644       465       710       543 PARcau 0.932939 2.667049e-04 0.066795
   136   0       2368       2464 10.595  24.824 186.0 18.435     2357     2459     2381     2472     24     13      2358      2456      2381      2464      2378      2474      2354      2466      2332      2434      2406      2497 PARcau 0.003461 1.233326e-02 0.984205
   136   1        680        509 16.000  27.000 254.5 90.000      672      497      689      525     17     28       672       497       688       497       688       524       672       524       647       472       714       550 PARcau 0.995306 1.214058e-07 0.004694
   137   0       2374       2467  9.962  24.192 186.0 18.435     2363     2461     2387     2474     24     13      2364      2459      2387      2466      2384      2476      2361      2468      2338      2436      2412      2499 PARcau 0.000983 3.771041e-03 0.995246
   137   1        681        516 11.402  28.460 237.5 71.565      675      503      690      531     15     28       672       504       683       501       692       528       681       531       650       478       715       556 PARcau 0.959151 4.160196e-06 0.040845
   138   0       2379       2469  9.487  25.298 185.0 18.435     2368     2464     2393     2477     25     13      2369      2461      2393      2469      2390      2478      2366      2470      2343      2439      2418      2502 PARcau 0.000189 2.716646e-03 0.997094
   138   1        684        523 11.705  29.732 257.0 70.017      677      510      692      539     15     29       674       511       685       507       695       535       684       539       652       485       717       564 PARcau 0.550213 1.220062e-01 0.327780
   139   0       2385       2472 10.595  24.824 181.0 18.435     2374     2466     2399     2479     25     13      2375      2463      2399      2471      2395      2481      2372      2473      2349      2441      2424      2504 PARcau 0.000475 1.214396e-03 0.998311
   139   1        687        529 17.007  28.430 284.5 66.801      679      517      700      545     21     28       675       519       691       512       702       538       687       545       654       492       725       570 PARcau 0.359393 1.921841e-03 0.638685
   140   0       2392       2475 10.770  25.080 185.5 23.962     2381     2469     2405     2482     24     13      2382      2465      2405      2475      2401      2485      2378      2475      2356      2444      2430      2507 PARcau 0.001756 1.197448e-02 0.986269
   140   1        690        537 18.028  29.411 308.5 71.565      682      523      702      552     20     29       678       525       695       519       704       547       687       553       657       498       727       577 PARcau 0.968528 8.315234e-06 0.031464
   141   0       2397       2477 10.296  24.597 184.5 26.565     2386     2471     2411     2485     25     14      2389      2468      2411      2479      2406      2488      2384      2477      2361      2446      2436      2510 PARcau 0.003958 3.708636e-02 0.958955
   142   0       2403       2480 10.512  23.927 183.0 26.565     2392     2474     2416     2487     24     13      2394      2470      2416      2481      2411      2490      2390      2480      2367      2449      2441      2512 PARcau 0.005896 2.065371e-01 0.787567
   142   1        694        550 17.868  28.935 292.0 71.565      686      537      707      566     21     29       682       538       699       533       708       560       691       566       661       512       732       591 PARcau 0.188879 5.228459e-04 0.810598
   143   0       2409       2482  9.962  24.192 182.0 18.435     2398     2476     2422     2489     24     13      2399      2473      2422      2481      2419      2490      2396      2483      2373      2451      2447      2514 PARcau 0.000025 3.619579e-04 0.999613
   143   1        696        556 18.385  28.231 298.5 67.380      688      544      709      572     21     28       684       546       701       539       712       565       695       572       663       519       734       597 PARcau 0.002956 3.327467e-06 0.997041
   144   0       2416       2484 11.000  23.000 189.5 90.000     2405     2479     2429     2491     24     12      2405      2479      2428      2479      2428      2490      2405      2490      2380      2454      2454      2516 PARcau 0.000215 4.138115e-05 0.999743
   145   0       2422       2486 10.440  24.739 182.5 14.036     2411     2480     2436     2493     25     13      2412      2478      2436      2484      2433      2494      2409      2488      2386      2455      2461      2518 PARcau 0.000557 5.359021e-03 0.994084
   146   0       2429       2487 10.607  23.759 182.0  9.462     2418     2482     2442     2494     24     12      2418      2480      2442      2484      2440      2494      2417      2491      2393      2457      2467      2519 PARcau 0.002646 1.920760e-03 0.995434
   147   0       2436       2489 10.000  24.000 182.5 90.000     2424     2484     2449     2495     25     11      2424      2484      2448      2484      2448      2494      2424      2494      2399      2459      2474      2520 PARcau 0.000240 2.753646e-04 0.999485
   148   0       2442       2490  9.487  24.739 185.0 14.036     2430     2485     2455     2497     25     12      2431      2482      2455      2488      2452      2497      2428      2491      2405      2460      2480      2522 PARcau 0.002835 8.984746e-03 0.988180
   149   0       2448       2491 10.000  23.000 174.0 90.000     2437     2486     2461     2497     24     11      2437      2486      2460      2486      2460      2496      2437      2496      2412      2461      2486      2522 PARcau 0.006166 2.095513e-02 0.972879