 Frame  ID  CentroidX  CentroidY  Width  Length  Area  Angle  Box_TLX  Box_TLY  Box_BRX  Box_BRY  Box_W  Box_H  rBox_TLX  rBox_TLY  rBox_TRX  rBox_TRY  rBox_BRX  rBox_BRY  rBox_BLX  rBox_BLY  lBox_TLX  lBox_TLY  lBox_BRX  lBox_BRY  Label       HOMver       NONpro   PARcau
    21   0       3561       2510 11.000  31.000 260.5 90.000     3556     2495     3568     2527     12     32      3556      2495      3567      2495      3567      2526      3556      2526      3531      2470      3593      2552 PARcau 1.429780e-01 3.791963e-03 0.853230
    22   0       3560       2521 11.000  31.000 258.0 90.000     3555     2506     3567     2538     12     32      3555      2506      3566      2506      3566      2537      3555      2537      3530      2481      3592      2563 PARcau 3.078485e-02 1.213104e-04 0.969094
    23   0       3558       2532 11.402  29.833 251.5 14.036     3553     2518     3566     2548     13     30      3556      2516      3567      2519      3560      2548      3549      2545      3528      2493      3591      2573 PARcau 1.199099e-01 2.200261e-04 0.879870
    24   0       3555       2543 10.440  29.120 249.0 15.945     3549     2529     3563     2558     14     29      3554      2527      3564      2530      3556      2558      3546      2555      3524      2504      3588      2583 PARcau 1.095708e-02 4.396904e-04 0.988603
    24   1        812        726  7.071  14.142  42.5  8.130      806      723      821      732     15      9       806       722       820       724       819       731       805       729       781       698       846       757 PARcau 9.409980e-01 3.908309e-05 0.058963
    25   0       3551       2553 10.770  31.385 260.0 21.801     3544     2538     3560     2569     16     31      3540      2565      3552      2536      3562      2540      3550      2569      3519      2513      3585      2594 PARcau 6.806016e-02 8.280554e-05 0.931857
    26   0       3547       2563 10.770  31.385 261.0 21.801     3540     2549     3556     2579     16     30      3536      2576      3548      2547      3558      2551      3546      2580      3515      2524      3581      2604 PARcau 1.753037e-02 2.746500e-07 0.982469
    27   0       3543       2573 11.402  32.573 273.0 18.435     3536     2558     3552     2590     16     32      3542      2556      3553      2559      3543      2590      3532      2587      3511      2533      3577      2615 PARcau 3.098689e-02 1.418821e-06 0.969012
    28   0       3539       2584 11.705  31.623 269.5 18.435     3532     2569     3548     2600     16     31      3539      2567      3550      2571      3540      2601      3529      2597      3507      2544      3573      2625 PARcau 2.726144e-02 6.313245e-06 0.972732
    29   0       3536       2594 10.794  32.381 276.0 14.036     3530     2579     3544     2611     14     32      3534      2577      3545      2580      3537      2611      3527      2609      3505      2554      3569      2636 PARcau 2.121041e-01 2.911798e-05 0.787867
    30   0       3533       2605 11.180  31.257 263.5  8.130     3528     2591     3541     2622     13     31      3530      2589      3541      2591      3537      2622      3526      2620      3503      2566      3566      2647 PARcau 8.345357e-02 3.029554e-04 0.916243
    31   0       3532       2616 11.000  32.000 266.5  0.000     3527     2601     3539     2634     12     33      3527      2601      3538      2601      3538      2633      3527      2633      3502      2576      3564      2659 PARcau 5.591277e-01 3.026191e-04 0.440570
    32   0       3531       2627 11.045  31.257 260.0  6.340     3526     2612     3538     2644     12     32      3527      2611      3538      2612      3534      2643      3523      2642      3501      2587      3563      2669 PARcau 9.523621e-01 8.446016e-07 0.047637
    33   0       3530       2638 11.045  31.257 269.0  8.130     3524     2623     3537     2655     13     32      3526      2622      3537      2623      3533      2654      3522      2653      3499      2598      3562      2680 PARcau 9.578315e-01 1.620478e-05 0.042152
    34   0       3528       2647 11.402  30.594 263.5 11.310     3523     2633     3536     2664     13     31      3526      2631      3537      2634      3531      2664      3520      2661      3498      2608      3561      2689 PARcau 7.585571e-02 3.045459e-04 0.923840
    35   0       3526       2657 11.402  30.806 256.5 14.036     3521     2643     3534     2674     13     31      3524      2641      3535      2644      3528      2674      3517      2671      3496      2618      3559      2699 PARcau 9.735353e-01 3.508258e-07 0.026464
    36   0       3524       2667 11.402  30.676 262.0 18.435     3517     2653     3532     2683     15     30      3523      2651      3534      2654      3524      2683      3513      2680      3492      2628      3557      2708 PARcau 1.012913e-02 7.040886e-04 0.989167
    37   0       3520       2677 11.068  30.992 256.5 18.435     3513     2663     3529     2693     16     30      3520      2661      3530      2664      3521      2694      3510      2690      3488      2638      3554      2718 PARcau 1.080385e-03 6.221003e-06 0.998913
    38   0       3516       2687 11.180  31.305 263.0 26.565     3508     2673     3525     2703     17     30      3504      2699      3518      2671      3528      2676      3514      2704      3483      2648      3550      2728 PARcau 2.307554e-03 2.042814e-05 0.997672
    39   0       3511       2697 11.236  31.784 266.0 19.983     3504     2683     3521     2713     17     30      3511      2680      3522      2684      3511      2714      3501      2710      3479      2658      3546      2738 PARcau 3.030190e-03 3.600341e-06 0.996966
    40   0       3507       2706 11.068  32.257 268.0 18.435     3500     2692     3516     2723     16     31      3507      2690      3518      2693      3507      2724      3497      2720      3475      2667      3541      2748 PARcau 2.649928e-02 4.426409e-06 0.973496
    40   1        839        715  6.671  23.162  68.5 14.036      825      712      848      721     23      9       825       709       848       714       846       721       824       715       800       687       873       746 PARcau 1.321793e-02 1.295067e-03 0.985487
    41   1        840        715  5.385  21.190  45.0 19.440      827      712      848      721     21      9       828       708       848       715       846       720       826       713       802       687       873       746 PARcau 2.493565e-03 7.989283e-03 0.989517
    41   0       3504       2716 11.402  31.780 268.0 14.036     3498     2701     3512     2733     14     32      3502      2699      3513      2702      3506      2733      3495      2730      3473      2676      3537      2758 PARcau 3.216023e-01 4.213854e-06 0.678393
    42   1        843        716  5.385   9.849  26.5 26.565      837      714      849      721     12      7       839       711       848       715       846       720       837       716       812       689       874       746 PARcau 1.458815e-01 6.693763e-04 0.853449
    42   0       3501       2726 10.920  31.674 270.0 12.529     3496     2711     3509     2743     13     32      3500      2709      3510      2712      3504      2743      3493      2740      3471      2686      3534      2768 PARcau 7.351422e-01 4.977663e-06 0.264853
    43   0       3500       2736 11.045  30.265 265.5  6.340     3495     2721     3508     2752     13     31      3497      2720      3508      2721      3504      2751      3493      2750      3470      2696      3533      2777 PARcau 6.975122e-01 5.219908e-06 0.302483
    44   0       3501       2745 10.000  31.000 266.5 90.000     3496     2730     3507     2762     11     32      3496      2730      3506      2730      3506      2761      3496      2761      3471      2705      3532      2787 PARcau 3.375816e-02 4.417815e-02 0.922064
    45   0       3502       2754 10.000  30.000 260.0 90.000     3497     2739     3508     2770     11     31      3497      2739      3507      2739      3507      2769      3497      2769      3472      2714      3533      2795 PARcau 5.235877e-02 1.175689e-02 0.935884
    46   0       3503       2762 11.000  29.000 265.0 90.000     3498     2748     3510     2778     12     30      3498      2748      3509      2748      3509      2777      3498      2777      3473      2723      3535      2803 PARcau 2.147491e-01 5.665634e-02 0.728594
    47   0       3504       2771 11.000  30.000 272.0 90.000     3499     2757     3511     2788     12     31      3499      2757      3510      2757      3510      2787      3499      2787      3474      2732      3536      2813 PARcau 3.920467e-02 1.202293e-03 0.959593
    48   0       3505       2781 12.000  30.000 270.5 90.000     3499     2766     3512     2797     13     31      3499      2766      3511      2766      3511      2796      3499      2796      3474      2741      3537      2822 PARcau 2.021123e-01 5.284659e-01 0.269422
    49   0       3505       2790 12.000  29.000 269.0 90.000     3499     2776     3512     2806     13     30      3499      2776      3511      2776      3511      2805      3499      2805      3474      2751      3537      2831 PARcau 2.142719e-01 1.009873e-02 0.775629
    50   0       3504       2799 12.000  29.000 272.5 90.000     3498     2785     3511     2815     13     30      3498      2785      3510      2785      3510      2814      3498      2814      3473      2760      3536      2840 PARcau 1.525946e-01 3.421722e-02 0.813188
    51   1        850        713  7.000  11.000  54.5 90.000      844      710      856      718     12      8       844       710       855       710       855       717       844       717       819       685       881       743 PARcau 7.170316e-01 3.252624e-07 0.282968
    51   0       3502       2808 12.258  30.104 268.5 11.310     3496     2793     3510     2824     14     31      3499      2792      3511      2794      3505      2824      3493      2821      3471      2768      3535      2849 PARcau 2.312445e-01 7.795672e-03 0.760960
    52   1        850        713  8.000  14.000  78.5 90.000      843      709      858      718     15      9       843       709       857       709       857       717       843       717       818       684       883       743 PARcau 5.761588e-01 5.249758e-09 0.423841
    52   0       3499       2817 11.402  29.833 257.5 14.036     3493     2803     3507     2833     14     30      3497      2801      3508      2804      3501      2833      3490      2830      3468      2778      3532      2858 PARcau 2.713497e-03 7.317932e-04 0.996555
    53   1        850        712  8.000  17.000  97.5 90.000      841      709      859      718     18      9       841       709       858       709       858       717       841       717       816       684       884       743 PARcau 5.070711e-01 1.693965e-07 0.492929
    53   0       3497       2825 11.543  31.149 270.0 18.435     3490     2811     3505     2842     15     31      3496      2809      3507      2813      3497      2842      3486      2839      3465      2786      3530      2867 PARcau 5.415548e-01 1.667120e-02 0.441774
    54   1        849        712  8.559  18.173 101.5 81.870      840      708      859      718     19     10       839       710       857       707       858       716       840       718       815       683       884       743 PARcau 4.104731e-03 2.515242e-09 0.995895
    54   0       3494       2835 11.885  30.923 277.0 14.036     3487     2821     3502     2852     15     31      3492      2819      3503      2822      3496      2852      3484      2849      3462      2796      3527      2877 PARcau 1.454648e-02 8.712626e-03 0.976741
    55   1        850        712  8.559  17.183  98.5 81.870      841      708      859      718     18     10       840       710       857       707       858       716       841       718       816       683       884       743 PARcau 3.067520e-01 2.366571e-08 0.693248
    55   0       3491       2844 11.885  31.894 287.5 14.036     3484     2830     3499     2862     15     32      3488      2828      3500      2831      3492      2862      3481      2859      3459      2805      3524      2887 PARcau 2.481134e-03 1.605931e-04 0.997358
    56   1        850        712  8.559  18.337  94.0 78.690      841      708      860      718     19     10       840       710       858       707       859       715       841       719       816       683       885       743 PARcau 5.145557e-02 3.630656e-06 0.948541
    56   0       3488       2855 12.166  32.249 291.0  8.130     3482     2840     3496     2872     14     32      3484      2838      3496      2840      3492      2872      3480      2870      3457      2815      3521      2897 PARcau 9.166091e-03 2.402579e-03 0.988431
    57   1        851        712  7.906  17.393  82.0 71.565      842      708      860      718     18     10       841       712       857       706       860       714       843       719       817       683       885       743 PARcau 5.209919e-01 1.531467e-08 0.479008
    57   0       3486       2865 12.000  32.000 290.5 90.000     3481     2850     3494     2883     13     33      3481      2850      3493      2850      3493      2882      3481      2882      3456      2825      3519      2908 PARcau 5.859969e-01 3.046932e-01 0.109310
    58   1        853        711  7.566  17.183  34.0 81.870      843      708      861      717     18      9       842       709       859       707       860       714       843       717       818       683       886       742 PARcau 2.644652e-02 2.574605e-10 0.973553
    58   0       3485       2876 11.543  32.191 291.0  5.711     3480     2860     3493     2893     13     33      3481      2859      3493      2860      3489      2892      3478      2891      3455      2835      3518      2918 PARcau 4.776139e-03 3.473014e-01 0.647922
    59   0       3485       2886 11.000  32.000 290.0 90.000     3480     2871     3492     2904     12     33      3480      2871      3491      2871      3491      2903      3480      2903      3455      2846      3517      2929 PARcau 2.664818e-04 3.930229e-01 0.606711
    60   0       3485       2896 11.000  31.000 258.0 90.000     3480     2881     3492     2913     12     32      3480      2881      3491      2881      3491      2912      3480      2912      3455      2856      3517      2938 PARcau 4.148790e-05 5.915173e-03 0.994043
    61   0       3486       2906 10.000  31.000 249.5 90.000     3481     2892     3492     2924     11     32      3481      2892      3491      2892      3491      2923      3481      2923      3456      2867      3517      2949 PARcau 4.846303e-07 1.490586e-07 0.999999
    62   0       3486       2917 10.000  29.000 223.0 90.000     3482     2903     3493     2933     11     30      3482      2903      3492      2903      3492      2932      3482      2932      3457      2878      3518      2958 PARcau 4.075426e-06 2.682531e-07 0.999996
    63   0       3487       2927 10.000  29.000 248.0 90.000     3482     2913     3493     2943     11     30      3482      2913      3492      2913      3492      2942      3482      2942      3457      2888      3518      2968 PARcau 4.690249e-09 3.372625e-10 1.000000
    64   1        858        704  7.159  15.882  83.0 63.435      851      700      866      711     15     11       849       705       863       697       866       704       852       711       826       675       891       736 PARcau 1.981150e-01 9.717470e-10 0.801885
    64   0       3486       2933 11.000  21.000 188.0 90.000     3481     2922     3493     2944     12     22      3481      2922      3492      2922      3492      2943      3481      2943      3456      2897      3518      2969 PARcau 1.481504e-09 9.209161e-09 1.000000
    65   1        860        703  9.849  20.125 130.5 63.435      851      697      869      711     18     14       848       703       866       694       870       703       852       712       826       672       894       736 PARcau 9.435096e-03 2.024196e-09 0.990565
    65   0       3485       2937 10.000  12.000  98.5 90.000     3481     2931     3492     2944     11     13      3481      2931      3491      2931      3491      2943      3481      2943      3456      2906      3517      2969 PARcau 3.358582e-12 3.497616e-10 1.000000
    66   1        861        701 10.607  20.506 157.0 45.000      853      694      870      710     17     16       850       705       865       691       872       698       858       713       828       669       895       735 PARcau 2.826587e-03 6.215632e-09 0.997173
    67   1        862        700  9.899  21.213 171.5 45.000      853      692      871      710     18     18       851       705       866       690       873       697       858       712       828       667       896       735 PARcau 2.036347e-01 1.803811e-10 0.796365
    68   1        862        700 10.404  21.101 163.5 36.870      853      692      871      710     18     18       851       706       864       689       872       695       860       712       828       667       896       735 PARcau 9.150894e-01 5.272706e-09 0.084911
    69   1        862        699  9.899  21.213 167.5 45.000      853      691      871      709     18     18       851       704       866       689       873       696       858       711       828       666       896       734 PARcau 9.966133e-01 4.355477e-08 0.003387
    70   1        862        699 10.607  21.920 159.0 45.000      853      691      871      708     18     17       851       704       866       688       874       696       858       711       828       666       896       733 PARcau 8.947074e-01 3.741737e-07 0.105292
    71   1        862        699 11.314  21.213 144.5 45.000      854      691      871      708     17     17       851       703       866       688       874       696       859       711       829       666       896       733 PARcau 9.673153e-01 8.684073e-07 0.032684
    72   1        863        697 12.000  16.000  78.5 90.000      854      692      871      705     17     13       854       692       870       692       870       704       854       704       829       667       896       730 PARcau 6.264381e-01 8.090976e-07 0.373561
    74   2       5080       1997  8.000   8.000  49.5  0.000     5076     1993     5085     2002      9      9      5076      1993      5084      1993      5084      2001      5076      2001      5051      1968      5110      2027 PARcau 5.137724e-02 7.659312e-06 0.948615
    75   2       5078       1998 10.966  11.630  92.5 26.565     5072     1993     5086     2004     14     11      5075      1990      5086      1995      5081      2005      5071      2000      5047      1968      5111      2029 PARcau 2.210919e-01 1.032577e-07 0.778908
    76   2       5062       2003  6.364  12.021  59.0 45.000     5058     1999     5069     2009     11     10      5056      2004      5064      1996      5069      2000      5060      2009      5033      1974      5094      2034 PARcau 1.768909e-01 3.087073e-04 0.822800
    77   2       5061       2004  7.000   7.000  38.0 90.000     5058     2001     5066     2009      8      8      5058      2001      5065      2001      5065      2008      5058      2008      5033      1976      5091      2034 PARcau 6.540002e-02 1.632660e-03 0.932967
    80   2       5030       2014  9.000  19.000 133.0 90.000     5021     2010     5041     2020     20     10      5021      2010      5040      2010      5040      2019      5021      2019      4996      1985      5066      2045 PARcau 3.132359e-01 2.636324e-01 0.423132
    81   2       5021       2015  7.000  20.000 118.5 90.000     5011     2012     5032     2020     21      8      5011      2012      5031      2012      5031      2019      5011      2019      4986      1987      5057      2045 PARcau 2.116494e-03 5.996812e-06 0.997877
    82   2       5011       2014  8.000  18.000 110.0 90.000     5002     2011     5021     2020     19      9      5002      2011      5020      2011      5020      2019      5002      2019      4977      1986      5046      2045 PARcau 3.112730e-04 6.806762e-06 0.999682
    83   2       5000       2013  7.000  19.000 105.5 90.000     4991     2010     5011     2018     20      8      4991      2010      5010      2010      5010      2017      4991      2017      4966      1985      5036      2043 PARcau 2.199136e-05 1.588530e-04 0.999819
    84   2       4989       2011  7.000  18.000  89.0 90.000     4981     2008     5000     2016     19      8      4981      2008      4999      2008      4999      2015      4981      2015      4956      1983      5025      2041 PARcau 5.413884e-06 1.245780e-05 0.999982
    85   1        866        687  7.071  11.314  61.0 45.000      862      682      872      694     10     12       860       689       868       681       873       686       865       694       837       657       897       719 PARcau 1.013518e-01 1.454894e-03 0.897193
    85   2       4977       2010  6.000  19.000  94.0 90.000     4968     2008     4988     2015     20      7      4968      2008      4987      2008      4987      2014      4968      2014      4943      1983      5013      2040 PARcau 3.648599e-04 2.295749e-03 0.997339
    86   1        866        686  8.944  14.318  82.5 26.565      862      680      873      695     11     15       866       678       874       682       868       695       860       691       837       655       898       720 PARcau 1.747803e-01 9.938532e-08 0.825220
    86   2       4966       2011  7.000  18.000  99.0 90.000     4957     2008     4976     2016     19      8      4957      2008      4975      2008      4975      2015      4957      2015      4932      1983      5001      2041 PARcau 1.057783e-04 1.083656e-06 0.999893
    87   1        867        685  7.616  15.652  96.5 26.565      862      679      874      695     12     16       867       677       874       680       867       694       860       691       837       654       899       720 PARcau 9.374824e-01 6.729161e-04 0.061845
    87   2       4955       2014  7.280  18.974  97.5 71.565     4946     2011     4966     2020     20      9      4945      2014      4963      2008      4965      2015      4947      2021      4921      1986      4991      2045 PARcau 4.048807e-05 8.567778e-05 0.999874
    88   1        867        685  7.826  16.101 103.0 26.565      862      678      874      695     12     17       867       676       874       680       867       694       860       691       837       653       899       720 PARcau 2.191749e-01 6.482335e-03 0.774343
    88   2       4944       2018  7.382  18.561  97.5 63.435     4936     2014     4955     2024     19     10      4934      2019      4951      2011      4954      2017      4938      2026      4911      1989      4980      2049 PARcau 4.181705e-07 2.347955e-07 0.999999
    89   1        867        684  8.500  15.435  94.0 26.565      863      678      874      694     11     16       867       676       874       680       868       694       860       690       838       653       899       719 PARcau 2.771955e-03 6.659827e-06 0.997221
    89   2       4934       2023  7.159  19.007  99.5 63.435     4926     2018     4944     2029     18     11      4924      2024      4941      2015      4944      2022      4927      2030      4901      1993      4969      2054 PARcau 9.677081e-06 5.267528e-06 0.999985
    90   1        867        684  9.014  15.660  80.0 18.435      863      677      874      692     11     15       866       675       874       678       870       693       861       690       838       652       899       717 PARcau 2.824930e-02 3.027197e-05 0.971720
    90   2       4924       2027  8.246  18.439 107.5 75.964     4916     2023     4934     2033     18     10      4914      2025      4932      2021      4934      2029      4916      2033      4891      1998      4959      2058 PARcau 1.049563e-05 2.365113e-06 0.999987
    91   1        867        683  7.906  14.230  69.5 18.435      863      677      873      691     10     14       866       675       873       678       869       691       861       689       838       652       898       716 PARcau 1.066379e-02 5.047727e-06 0.989331
    91   2       4915       2029  7.649  18.828 105.5 78.690     4906     2025     4925     2035     19     10      4905      2027      4923      2024      4925      2031      4906      2035      4881      2000      4950      2060 PARcau 3.456804e-04 5.895413e-05 0.999595
    92   1        867        682  8.485  11.314  37.0 45.000      864      677      873      690      9     13       860       683       868       675       874       681       866       689       839       652       898       715 PARcau 8.609010e-03 4.336937e-07 0.991391
    92   2       4909       2031  8.000  19.000 108.0 90.000     4900     2027     4920     2036     20      9      4900      2027      4919      2027      4919      2035      4900      2035      4875      2002      4945      2061 PARcau 4.465638e-04 8.110310e-04 0.998742
    93   2       4905       2031  8.062  18.248 106.0 80.538     4896     2028     4915     2037     19      9      4895      2029      4913      2026      4914      2034      4896      2037      4871      2003      4940      2062 PARcau 7.431288e-04 3.789619e-03 0.995467
    94   2       4897       2032  8.062  19.235 102.5 80.538     4888     2029     4908     2038     20      9      4887      2030      4906      2027      4907      2035      4888      2038      4863      2004      4933      2063 PARcau 5.168026e-03 4.925835e-03 0.989906
    95   2       4888       2033  7.000  20.000 111.0 90.000     4878     2030     4899     2038     21      8      4878      2030      4898      2030      4898      2037      4878      2037      4853      2005      4924      2063 PARcau 1.059832e-03 5.902785e-04 0.998350
    96   2       4876       2033  7.000  19.000  98.0 90.000     4867     2030     4887     2038     20      8      4867      2030      4886      2030      4886      2037      4867      2037      4842      2005      4912      2063 PARcau 4.313603e-04 2.142122e-02 0.978147
    97   2       4865       2033  7.000  19.000 111.5 90.000     4856     2030     4876     2038     20      8      4856      2030      4875      2030      4875      2037      4856      2037      4831      2005      4901      2063 PARcau 4.924257e-04 1.463863e-04 0.999361
    98   2       4855       2034  8.000  18.000 110.5 90.000     4846     2031     4865     2040     19      9      4846      2031      4864      2031      4864      2039      4846      2039      4821      2006      4890      2065 PARcau 1.758953e-03 1.679101e-04 0.998073
    99   2       4844       2038  7.280  19.925 115.0 71.565     4836     2033     4855     2044     19     11      4834      2037      4853      2031      4855      2038      4836      2044      4811      2008      4880      2069 PARcau 2.918737e-04 9.534828e-04 0.998755
   100   2       4835       2042  7.616  19.313 112.5 69.444     4826     2038     4845     2049     19     11      4824      2042      4842      2035      4845      2042      4827      2049      4801      2013      4870      2074 PARcau 7.843886e-06 3.864075e-05 0.999954
   101   2       4825       2048  7.826  20.573 121.5 63.435     4816     2042     4835     2055     19     13      4814      2049      4832      2040      4836      2047      4817      2056      4791      2017      4860      2080 PARcau 8.666850e-07 6.488909e-06 0.999993
   102   2       4814       2054  8.276  20.797 118.0 63.435     4805     2049     4825     2061     20     12      4803      2055      4822      2046      4825      2053      4807      2063      4780      2024      4850      2086 PARcau 6.167853e-08 9.735568e-10 1.000000
   103   2       4803       2059  7.616  21.471 127.0 63.435     4793     2054     4814     2066     21     12      4792      2061      4811      2051      4814      2058      4795      2068      4768      2029      4839      2091 PARcau 4.773380e-05 1.681470e-05 0.999935
   104   2       4792       2063  8.139  21.869 126.0 78.690     4782     2058     4804     2068     22     10      4781      2061      4802      2057      4804      2065      4782      2069      4757      2033      4829      2093 PARcau 3.069734e-05 3.976022e-05 0.999930
   105   2       4781       2064  8.000  20.000 120.0 90.000     4771     2061     4792     2070     21      9      4771      2061      4791      2061      4791      2069      4771      2069      4746      2036      4817      2095 PARcau 3.700893e-04 1.336981e-04 0.999496
   106   2       4768       2065  7.000  21.000 122.5 90.000     4758     2062     4780     2070     22      8      4758      2062      4779      2062      4779      2069      4758      2069      4733      2037      4805      2095 PARcau 1.480311e-04 1.349740e-03 0.998502
   107   1        873        696  6.000  10.000  47.5 90.000      871      691      878      702      7     11       871       691       877       691       877       701       871       701       846       666       903       727 PARcau 5.376031e-01 1.379927e-04 0.462259
   107   2       4756       2064  7.000  22.000 128.5 90.000     4746     2061     4769     2069     23      8      4746      2061      4768      2061      4768      2068      4746      2068      4721      2036      4794      2094 PARcau 2.324970e-03 2.337299e-03 0.995338
   108   1        875        695  9.000  11.000  78.0 90.000      871      690      881      702     10     12       871       690       880       690       880       701       871       701       846       665       906       727 PARcau 3.211150e-04 1.298220e-05 0.999666
   108   2       4746       2063  8.000  22.000 132.5 90.000     4735     2060     4758     2069     23      9      4735      2060      4757      2060      4757      2068      4735      2068      4710      2035      4783      2094 PARcau 3.520410e-04 1.756813e-03 0.997891
   109   1        876        695 10.000  13.000 100.0 90.000      871      689      882      703     11     14       871       689       881       689       881       702       871       702       846       664       907       728 PARcau 8.827126e-03 1.393404e-02 0.977239
   109   2       4734       2063  8.000  21.000 137.0 90.000     4724     2059     4746     2068     22      9      4724      2059      4745      2059      4745      2067      4724      2067      4699      2034      4771      2093 PARcau 1.157560e-02 3.485975e-02 0.953565
   110   1        876        693 11.000  12.000 104.0 90.000      871      688      883      701     12     13       871       688       882       688       882       700       871       700       846       663       908       726 PARcau 4.007445e-03 4.878722e-01 0.508120
   110   2       4724       2064  8.000  21.000 133.5 90.000     4714     2060     4736     2069     22      9      4714      2060      4735      2060      4735      2068      4714      2068      4689      2035      4761      2094 PARcau 2.781014e-03 5.604071e-04 0.996659
   111   1        877        692 11.000  13.000 109.0 90.000      871      687      885      699     14     12       871       687       884       687       884       698       871       698       846       662       910       724 PARcau 4.615800e-02 6.898487e-01 0.263993
   111   2       4714       2066  8.732  21.708 136.5 75.964     4704     2061     4726     2073     22     12      4702      2064      4723      2059      4725      2067      4704      2073      4679      2036      4751      2098 PARcau 7.942127e-06 2.785047e-08 0.999992
   112   1        878        693 11.000  16.000 114.5 90.000      869      688      886      700     17     12       869       688       885       688       885       699       869       699       844       663       911       725 PARcau 1.067154e-02 3.424030e-01 0.646925
   112   2       4705       2070  8.246  19.925 131.5 71.565     4696     2065     4715     2077     19     12      4694      2069      4713      2063      4715      2071      4696      2077      4671      2040      4740      2102 PARcau 1.387858e-04 4.244029e-04 0.999437
   113   1        878        693 12.748  14.089 123.5 63.435      870      688      888      701     18     13       869       690       882       684       887       695       875       702       845       663       913       726 PARcau 3.777421e-01 1.284637e-01 0.493794
   113   2       4696       2075  8.062  21.471 124.5 63.435     4687     2069     4707     2082     20     13      4684      2076      4703      2066      4707      2073      4688      2083      4662      2044      4732      2107 PARcau 1.153462e-04 1.112386e-05 0.999874
   114   1        879        693 10.000  16.000  96.0 90.000      870      689      887      700     17     11       870       689       886       689       886       699       870       699       845       664       912       725 PARcau 3.056280e-02 7.271434e-02 0.896723
   114   2       4685       2081  7.826  20.573 121.0 63.435     4677     2075     4696     2088     19     13      4675      2082      4693      2073      4697      2080      4678      2089      4652      2050      4721      2113 PARcau 3.155928e-06 5.299983e-06 0.999992
   115   1        879        694 10.000  13.000  91.0 90.000      873      689      887      700     14     11       873       689       886       689       886       699       873       699       848       664       912       725 PARcau 3.113732e-01 7.298174e-02 0.615645
   115   2       4677       2086  8.944  21.471 137.0 63.435     4667     2080     4688     2093     21     13      4665      2087      4684      2077      4688      2085      4669      2095      4642      2055      4713      2118 PARcau 3.804139e-07 1.584924e-07 0.999999
   116   1        880        693 10.000  13.000  66.5 90.000      873      689      887      700     14     11       873       689       886       689       886       699       873       699       848       664       912       725 PARcau 9.989243e-02 3.239555e-01 0.576152
   116   2       4666       2090  8.944  22.361 139.5 63.435     4656     2085     4678     2098     22     13      4654      2092      4674      2082      4678      2090      4658      2100      4631      2060      4703      2123 PARcau 2.982374e-07 1.427213e-06 0.999998
   117   2       4655       2094  9.014  22.940 148.5 74.055     4645     2089     4668     2101     23     12      4643      2093      4665      2087      4668      2095      4646      2102      4620      2064      4693      2126 PARcau 2.269120e-07 1.631412e-07 1.000000
   118   2       4645       2096  8.559  21.290 133.0 80.538     4634     2092     4656     2102     22     10      4633      2094      4654      2091      4655      2099      4634      2103      4609      2067      4681      2127 PARcau 4.685820e-05 1.595735e-05 0.999937
   119   2       4633       2097  8.000  22.000 144.0 90.000     4623     2094     4646     2103     23      9      4623      2094      4645      2094      4645      2102      4623      2102      4598      2069      4671      2128 PARcau 5.852756e-04 2.140068e-03 0.997275
   120   2       4623       2097  8.000  23.000 141.5 90.000     4612     2093     4636     2102     24      9      4612      2093      4635      2093      4635      2101      4612      2101      4587      2068      4661      2127 PARcau 7.199646e-04 1.322043e-03 0.997958
   121   2       4612       2096  9.055  23.195 146.5  8.130     4601     2092     4625     2102     24     10      4601      2090      4624      2093      4623      2102      4600      2099      4576      2067      4650      2127 PARcau 3.427118e-04 1.017524e-03 0.998640
   122   2       4602       2095  9.000  22.000 151.0 90.000     4591     2091     4614     2101     23     10      4591      2091      4613      2091      4613      2100      4591      2100      4566      2066      4639      2126 PARcau 7.168630e-04 1.380445e-02 0.985479
   123   2       4591       2095  9.000  22.000 151.0 90.000     4580     2091     4603     2101     23     10      4580      2091      4602      2091      4602      2100      4580      2100      4555      2066      4628      2126 PARcau 1.247733e-02 1.858657e-03 0.985664
   124   2       4581       2096  9.000  21.000 147.0 90.000     4571     2092     4593     2102     22     10      4571      2092      4592      2092      4592      2101      4571      2101      4546      2067      4618      2127 PARcau 1.744571e-04 4.910844e-05 0.999776
   125   2       4571       2099  9.823  23.162 164.5 75.964     4560     2094     4583     2107     23     13      4558      2097      4581      2092      4583      2101      4561      2107      4535      2069      4608      2132 PARcau 3.684941e-04 7.954859e-06 0.999624
   126   2       4561       2104  9.434  23.324 164.0 59.036     4551     2098     4574     2112     23     14      4549      2106      4569      2094      4574      2102      4554      2114      4526      2073      4599      2137 PARcau 3.247837e-05 2.872903e-04 0.999680
   127   2       4552       2109  8.944  23.707 166.0 63.435     4542     2102     4564     2117     22     15      4539      2110      4560      2099      4564      2107      4543      2118      4517      2077      4589      2142 PARcau 3.037301e-04 9.195174e-05 0.999604
   128   2       4542       2114  8.944  23.707 164.0 63.435     4532     2108     4555     2122     23     14      4530      2115      4551      2104      4555      2112      4534      2123      4507      2083      4580      2147 PARcau 1.634169e-04 1.103452e-05 0.999826
   129   2       4532       2118  9.487  24.352 167.0 71.565     4521     2113     4545     2126     24     13      4519      2118      4542      2110      4545      2119      4522      2127      4496      2088      4570      2151 PARcau 1.241438e-05 2.282223e-06 0.999985
   130   2       4522       2122  9.014  24.192 159.5 71.565     4510     2117     4534     2129     24     12      4508      2122      4531      2114      4534      2123      4511      2130      4485      2092      4559      2154 PARcau 5.925448e-05 2.662595e-06 0.999938
   131   2       4510       2124  9.618  24.910 171.5 80.538     4498     2120     4523     2131     25     11      4497      2122      4521      2118      4523      2127      4498      2132      4473      2095      4548      2156 PARcau 4.978410e-04 4.159343e-04 0.999086
   132   2       4498       2125  9.000  23.000 169.0 90.000     4487     2121     4511     2131     24     10      4487      2121      4510      2121      4510      2130      4487      2130      4462      2096      4536      2156 PARcau 6.371877e-04 4.136597e-03 0.995226
   133   2       4487       2125  9.000  24.000 163.5 90.000     4475     2121     4500     2131     25     10      4475      2121      4499      2121      4499      2130      4475      2130      4450      2096      4525      2156 PARcau 5.684260e-04 3.804486e-02 0.961387
   134   2       4475       2123  9.000  25.000 169.0 90.000     4462     2119     4488     2129     26     10      4462      2119      4487      2119      4487      2128      4462      2128      4437      2094      4513      2154 PARcau 4.428115e-05 8.496295e-05 0.999871
   135   2       4463       2122  9.000  23.000 166.5 90.000     4452     2118     4476     2128     24     10      4452      2118      4475      2118      4475      2127      4452      2127      4427      2093      4501      2153 PARcau 3.441447e-04 5.187433e-04 0.999137
   136   2       4453       2122  9.000  24.000 173.5 90.000     4441     2117     4466     2127     25     10      4441      2117      4465      2117      4465      2126      4441      2126      4416      2092      4491      2152 PARcau 2.629735e-02 4.123097e-02 0.932472
   136   3       3837       2956 11.314  15.556 128.0 45.000     3829     2950     3845     2963     16     13      3827      2957      3838      2946      3846      2954      3835      2965      3804      2925      3870      2988 PARcau 3.404807e-06 7.398840e-13 0.999997
   137   3       3840       2952 12.728  25.456 244.5 45.000     3829     2942     3851     2963     22     21      3827      2957      3845      2939      3854      2948      3836      2966      3804      2917      3876      2988 PARcau 1.066192e-03 5.888986e-08 0.998934
   137   2       4443       2122 10.000  22.000 169.5 90.000     4432     2118     4455     2129     23     11      4432      2118      4454      2118      4454      2128      4432      2128      4407      2093      4480      2154 PARcau 1.868587e-02 1.082494e-02 0.970489
   138   3       3844       2948 11.314  32.527 313.0 45.000     3832     2935     3858     2961     26     26      3829      2955      3852      2932      3860      2940      3837      2963      3807      2910      3883      2986 PARcau 1.187790e-02 3.540983e-04 0.987768
   138   2       4433       2124 10.112  23.838 179.0 80.538     4422     2119     4446     2131     24     12      4420      2121      4444      2117      4445      2127      4422      2131      4397      2094      4471      2156 PARcau 4.204765e-02 1.458636e-02 0.943366
   139   2       4423       2128  9.962  23.243 168.5 71.565     4412     2122     4435     2135     23     13      4410      2127      4432      2119      4435      2129      4413      2136      4387      2097      4460      2160 PARcau 3.517862e-05 3.391945e-06 0.999961
   139   3       3851       2940 11.314  31.113 262.5 45.000     3840     2929     3864     2953     24     24      3837      2947      3859      2925      3867      2933      3845      2955      3815      2904      3889      2978 PARcau 1.344937e-04 2.139032e-04 0.999652
   140   2       4413       2132 10.062  24.151 175.5 63.435     4402     2126     4425     2140     23     14      4399      2134      4421      2123      4425      2132      4404      2143      4377      2101      4450      2165 PARcau 3.744544e-06 2.111517e-06 0.999994
   140   3       3859       2932  9.899  29.698 224.0 45.000     3848     2921     3872     2944     24     23      3846      2939      3867      2918      3874      2925      3853      2946      3823      2896      3897      2969 PARcau 4.783910e-06 2.725123e-05 0.999968
   141   2       4402       2137  9.657  25.539 186.0 68.199     4391     2131     4415     2146     24     15      4389      2138      4412      2128      4416      2137      4392      2147      4366      2106      4440      2171 PARcau 1.213220e-07 2.429830e-07 1.000000
   141   3       3869       2923  9.899  29.000 225.5 45.000     3857     2914     3882     2935     25     21      3855      2930      3876      2910      3883      2917      3862      2937      3832      2889      3907      2960 PARcau 1.428711e-03 1.868411e-03 0.996703
   142   2       4391       2143 10.124  24.668 178.5 71.565     4380     2137     4404     2150     24     13      4378      2142      4401      2134      4405      2144      4381      2151      4355      2112      4429      2175 PARcau 1.019970e-03 4.485435e-06 0.998976
   142   3       3878       2916 10.630  30.480 252.0 48.814     3866     2906     3892     2928     26     22      3863      2922      3886      2902      3893      2910      3870      2930      3841      2881      3917      2953 PARcau 1.357698e-01 3.991962e-06 0.864226
   143   2       4380       2147  9.962  24.192 188.5 71.565     4368     2141     4393     2154     25     13      4367      2146      4390      2139      4393      2148      4370      2156      4343      2116      4418      2179 PARcau 1.336362e-06 6.683876e-09 0.999999
   143   3       3887       2910 11.662  32.249 286.5 59.036     3874     2901     3902     2922     28     21      3870      2913      3898      2897      3904      2907      3876      2923      3849      2876      3927      2947 PARcau 1.294552e-02 1.128751e-05 0.987043
   144   2       4369       2149 10.000  25.000 183.0 90.000     4357     2145     4383     2156     26     11      4357      2145      4382      2145      4382      2155      4357      2155      4332      2120      4408      2181 PARcau 1.031614e-02 1.495949e-05 0.989669
   144   3       3896       2905 12.207  32.450 302.5 56.310     3882     2895     3911     2917     29     22      3879      2909      3906      2891      3913      2901      3886      2919      3857      2870      3936      2942 PARcau 1.915978e-01 2.542677e-04 0.808148
   145   2       4358       2150 10.000  24.000 180.5 90.000     4347     2146     4372     2157     25     11      4347      2146      4371      2146      4371      2156      4347      2156      4322      2121      4397      2182 PARcau 1.178295e-03 9.418447e-05 0.998728
   145   3       3904       2900 12.777  32.330 304.0 57.995     3892     2890     3920     2912     28     22      3888      2902      3915      2885      3922      2896      3894      2913      3867      2865      3945      2937 PARcau 1.307153e-01 6.012562e-04 0.868683
   146   2       4347       2150  9.000  24.000 176.0 90.000     4335     2146     4360     2156     25     10      4335      2146      4359      2146      4359      2155      4335      2155      4310      2121      4385      2181 PARcau 2.802728e-03 6.282917e-04 0.996569
   146   3       3913       2894 12.619  31.341 301.5 56.310     3901     2884     3928     2906     27     22      3897      2897      3923      2880      3930      2890      3904      2908      3876      2859      3953      2931 PARcau 2.097607e-01 1.402968e-02 0.776210
   147   2       4336       2150  9.000  23.000 169.0 90.000     4325     2146     4349     2156     24     10      4325      2146      4348      2146      4348      2155      4325      2155      4300      2121      4374      2181 PARcau 5.150999e-03 3.556437e-03 0.991293
   147   3       3921       2888 12.728  30.414 296.5 45.000     3909     2878     3936     2900     27     22      3906      2894      3928      2873      3937      2882      3915      2903      3884      2853      3961      2925 PARcau 7.943291e-02 3.768986e-02 0.882877
   148   2       4328       2149 10.000  24.000 188.5 90.000     4316     2145     4341     2156     25     11      4316      2145      4340      2145      4340      2155      4316      2155      4291      2120      4366      2181 PARcau 6.754517e-04 6.460087e-04 0.998679
   148   3       3929       2881 12.207  30.806 294.0 53.130     3917     2871     3943     2894     26     23      3913      2885      3938      2867      3945      2877      3920      2895      3892      2846      3968      2919 PARcau 2.438118e-01 4.880361e-03 0.751308
   149   2       4321       2150  9.000  23.000 182.0 90.000     4310     2146     4334     2156     24     10      4310      2146      4333      2146      4333      2155      4310      2155      4285      2121      4359      2181 PARcau 3.222953e-04 1.574115e-03 0.998104
   149   3       3937       2874 12.021  30.406 288.0 45.000     3925     2863     3950     2887     25     24      3922      2880      3943      2859      3952      2867      3930      2889      3900      2838      3975      2912 PARcau 1.316552e-04 9.482318e-07 0.999867