 Frame  ID  CentroidX  CentroidY  Width  Length  Area  Angle  Box_TLX  Box_TLY  Box_BRX  Box_BRY  Box_W  Box_H  rBox_TLX  rBox_TLY  rBox_TRX  rBox_TRY  rBox_BRX  rBox_BRY  rBox_BLX  rBox_BLY  lBox_TLX  lBox_TLY  lBox_BRX  lBox_BRY  Label       HOMver       NONpro   PARcau
    21   0       2410       2485 10.770  30.083 236.5 68.199     2397     2478     2425     2495     28     17      2394      2486      2422      2475      2426      2485      2398      2496      2372      2453      2450      2520 PARcau 1.056244e-01 4.842109e-07 0.894375
    21   1       2312       1037 12.649  27.514 254.0 18.435     2305     1024     2321     1050     16     26      2311      1021      2323      1025      2314      1051      2302      1047      2280       999      2346      1075 PARcau 6.897675e-01 7.112375e-03 0.303120
    22   1       2314       1041 12.042  26.077 256.0  5.194     2308     1028     2322     1055     14     27      2309      1027      2321      1028      2319      1054      2307      1053      2283      1003      2347      1080 PARcau 9.917351e-02 1.204264e-02 0.888784
    22   0       2422       2480 10.308  31.197 242.5 68.199     2408     2474     2438     2490     30     16      2405      2481      2434      2470      2438      2479      2409      2491      2383      2449      2463      2515 PARcau 1.429184e-03 1.019860e-07 0.998571
    23   1       2317       1045 12.000  29.000 263.5  0.000     2312     1030     2325     1060     13     30      2312      1030      2324      1030      2324      1059      2312      1059      2287      1005      2350      1085 PARcau 3.529854e-02 4.105881e-02 0.923643
    23   0       2434       2477 10.920  30.923 238.5 75.964     2419     2471     2450     2485     31     14      2417      2476      2447      2468      2450      2479      2420      2486      2394      2446      2475      2510 PARcau 2.810682e-04 1.564966e-07 0.999719
    24   1       2320       1048 11.769  29.026 266.0 78.690     2314     1034     2329     1063     15     29      2312      1035      2323      1032      2329      1061      2317      1063      2289      1009      2354      1088 PARcau 1.420820e-02 1.309744e-02 0.972694
    24   0       2445       2475 10.440  28.460 224.5 71.565     2432     2469     2460     2482     28     13      2430      2474      2457      2465      2460      2475      2433      2484      2407      2444      2485      2507 PARcau 2.778638e-04 4.125216e-08 0.999722
    25   1       2322       1049 10.770  28.460 252.0 71.565     2316     1036     2331     1064     15     28      2313      1038      2323      1034      2332      1061      2322      1065      2291      1011      2356      1089 PARcau 1.774055e-02 1.890124e-02 0.963358
    25   0       2456       2472 10.920  27.354 221.0 71.565     2443     2466     2470     2480     27     14      2441      2471      2467      2463      2470      2473      2444      2482      2418      2441      2495      2505 PARcau 2.640216e-02 1.371810e-04 0.973461
    26   1       2324       1051 12.021  24.668 225.0 71.565     2318     1039     2333     1064     15     25      2315      1041      2326      1037      2334      1061      2322      1064      2293      1014      2358      1089 PARcau 1.552577e-04 2.215042e-03 0.997630
    26   0       2464       2469 11.180  26.833 212.5 63.435     2452     2462     2478     2477     26     15      2450      2470      2474      2458      2479      2468      2455      2480      2427      2437      2503      2502 PARcau 1.057524e-04 1.661689e-06 0.999893
    27   1       2326       1053 12.748  23.033 212.5 63.435     2319     1043     2335     1065     16     22      2315      1046      2326      1040      2337      1061      2325      1066      2294      1018      2360      1090 PARcau 5.544117e-02 2.353474e-01 0.709211
    27   0       2473       2463 10.817  26.926 217.0 57.995     2462     2455     2486     2473     24     18      2459      2466      2482      2452      2488      2461      2465      2475      2437      2430      2511      2498 PARcau 4.170372e-04 1.855169e-08 0.999583
    28   1       2326       1052 11.662  22.361 198.5 63.435     2319     1043     2335     1064     16     21      2326      1040      2336      1060      2326      1066      2316      1046      2294      1018      2360      1089 PARcau 6.278430e-03 8.019975e-02 0.913522
    28   0       2482       2457 11.102  28.200 224.5 53.130     2471     2448     2496     2467     25     19      2468      2461      2490      2444      2497      2453      2474      2470      2446      2423      2521      2492 PARcau 4.194218e-07 1.240229e-10 1.000000
    29   1       2326       1052 11.314  21.213 177.5 45.000     2318     1044     2336     1062     18     18      2322      1041      2337      1056      2329      1064      2314      1049      2293      1019      2361      1087 PARcau 2.301916e-03 2.366301e-03 0.995332
    29   0       2492       2451 10.735  30.187 243.0 63.435     2479     2443     2507     2461     28     18      2476      2453      2503      2439      2508      2449      2481      2462      2454      2418      2532      2486 PARcau 1.692353e-04 3.323635e-09 0.999831
    30   1       2326       1053 10.607  21.920 168.5 45.000     2317     1044     2338     1062     21     18      2322      1041      2338      1057      2330      1064      2315      1049      2292      1019      2363      1087 PARcau 5.394737e-03 5.063108e-04 0.994099
    30   0       2502       2445 10.735  29.296 232.5 63.435     2489     2438     2518     2455     29     17      2487      2447      2513      2434      2518      2443      2492      2457      2464      2413      2543      2480 PARcau 1.546990e-06 3.840623e-08 0.999998
    31   1       2331       1055 10.124  24.546 154.5 32.471     2322     1045     2342     1063     20     18      2322      1043      2343      1057      2337      1065      2317      1052      2297      1020      2367      1088 PARcau 1.031292e-01 2.191058e-04 0.896652
    31   0       2514       2441 10.440  29.411 234.0 71.565     2500     2435     2529     2450     29     15      2498      2441      2526      2432      2529      2442      2501      2451      2475      2410      2554      2475 PARcau 2.638501e-04 1.576139e-08 0.999736
    32   1       2334       1056  9.434  26.926 173.5 30.964     2321     1046     2346     1065     25     19      2324      1044      2347      1058      2342      1066      2319      1052      2296      1021      2371      1090 PARcau 3.032642e-03 1.013900e-03 0.995953
    32   0       2525       2438 11.180  29.614 226.5 78.690     2511     2433     2540     2446     29     13      2509      2436      2538      2430      2540      2441      2511      2447      2486      2408      2565      2471 PARcau 4.192735e-01 3.963052e-08 0.580726
    33   1       2338       1058 10.817  31.906 228.0 32.471     2323     1048     2352     1068     29     20      2326      1044      2353      1061      2347      1070      2320      1053      2298      1023      2377      1093 PARcau 1.794738e-04 2.693085e-05 0.999794
    33   0       2536       2436 10.308  26.196 202.0 75.964     2523     2430     2549     2443     26     13      2521      2434      2547      2428      2549      2438      2524      2444      2498      2405      2574      2468 PARcau 3.902305e-03 1.582093e-04 0.995939
    33   2        868       1164  5.000  10.000  31.5 90.000      863     1162      874     1168     11      6       863      1162       873      1162       873      1167       863      1167       838      1137       899      1193 PARcau 4.716023e-05 1.376745e-04 0.999815
    34   2        868       1164  5.000   9.000  32.5 90.000      864     1162      874     1168     10      6       864      1162       873      1162       873      1167       864      1167       839      1137       899      1193 PARcau 7.217862e-04 1.189407e-04 0.999159
    34   1       2343       1060 10.817  30.806 238.5 33.690     2329     1051     2357     1070     28     19      2333      1046      2358      1064      2352      1073      2327      1055      2304      1026      2382      1095 PARcau 1.826021e-04 3.204423e-05 0.999785
    34   0       2545       2433 10.308  26.744 205.5 69.444     2533     2426     2558     2441     25     15      2530      2433      2555      2424      2559      2433      2534      2443      2508      2401      2583      2466 PARcau 3.097638e-03 5.646264e-05 0.996846
    35   2        868       1165  5.099  10.198  34.0 80.538      863     1162      874     1169     11      7       862      1163       872      1161       873      1166       863      1168       838      1137       899      1194 PARcau 1.085484e-03 4.532663e-05 0.998869
    35   1       2349       1063 11.180  29.967 255.0 26.565     2336     1054     2363     1074     27     20      2337      1051      2364      1064      2359      1074      2332      1061      2311      1029      2388      1099 PARcau 8.510143e-05 4.282106e-06 0.999911
    35   0       2554       2429 10.817  26.627 209.0 56.310     2542     2420     2566     2438     24     18      2540      2432      2562      2417      2568      2426      2546      2441      2517      2395      2591      2463 PARcau 1.452836e-04 4.779818e-09 0.999855
    36   2        868       1165  5.099  11.180  42.0 80.538      863     1162      875     1169     12      7       862      1163       873      1161       874      1166       863      1168       838      1137       900      1194 PARcau 1.698006e-03 5.413240e-04 0.997761
    36   1       2353       1064 11.180  28.178 242.0 26.565     2341     1056     2368     1074     27     18      2343      1053      2368      1066      2363      1076      2338      1063      2316      1031      2393      1099 PARcau 4.599842e-04 9.018525e-06 0.999531
    36   0       2562       2423 10.296  26.926 207.5 59.036     2551     2414     2574     2433     23     19      2548      2425      2571      2411      2576      2420      2553      2434      2526      2389      2599      2458 PARcau 6.885437e-06 2.126961e-09 0.999993
    37   2        868       1165  6.000  11.000  46.0  0.000      863     1162      875     1169     12      7       863      1162       874      1162       874      1168       863      1168       838      1137       900      1194 PARcau 6.666105e-02 1.176036e-01 0.815735
    37   1       2357       1066 11.180  29.069 219.0 26.565     2346     1058     2373     1074     27     16      2348      1055      2374      1068      2369      1078      2343      1065      2321      1033      2398      1099 PARcau 7.897290e-05 2.145129e-05 0.999900
    37   0       2571       2416 10.124  28.151 218.5 56.310     2560     2407     2584     2426     24     19      2557      2419      2580      2404      2586      2412      2562      2428      2535      2382      2609      2451 PARcau 1.377902e-05 5.884181e-08 0.999986
    38   1       2363       1069  8.944  30.414 202.0 27.759     2351     1060     2378     1081     27     21      2352      1058      2379      1072      2375      1080      2348      1066      2326      1035      2403      1106 PARcau 5.784596e-04 3.698074e-03 0.995723
    38   0       2580       2409 10.124  29.538 223.5 56.310     2568     2401     2595     2419     27     18      2565      2413      2590      2397      2595      2405      2571      2422      2543      2376      2620      2444 PARcau 9.665715e-05 1.071351e-07 0.999903
    39   1       2371       1073 10.817  30.806 238.0 35.538     2357     1064     2385     1085     28     21      2361      1059      2386      1077      2380      1086      2355      1068      2332      1039      2410      1110 PARcau 4.501600e-04 1.392277e-01 0.860322
    39   0       2591       2404 10.296  29.069 219.5 63.435     2578     2397     2606     2413     28     16      2575      2406      2601      2393      2606      2402      2580      2415      2553      2372      2631      2438 PARcau 1.638536e-03 9.186434e-08 0.998361
    40   1       2379       1078 11.662  32.450 256.0 33.690     2365     1068     2393     1090     28     22      2367      1064      2394      1082      2388      1092      2361      1074      2340      1043      2418      1115 PARcau 2.182737e-04 1.625284e-07 0.999782
    40   0       2602       2400  9.849  29.547 214.5 66.801     2588     2394     2617     2408     29     14      2586      2401      2613      2389      2617      2398      2590      2410      2563      2369      2642      2433 PARcau 5.039444e-03 2.540340e-07 0.994960
    41   1       2388       1084 11.853  32.871 286.5 26.565     2374     1075     2403     1096     29     21      2376      1072      2405      1086      2400      1097      2370      1082      2349      1050      2428      1121 PARcau 6.457081e-04 2.261525e-04 0.999128
    41   0       2613       2397 10.440  27.514 209.0 71.565     2600     2391     2627     2404     27     13      2598      2396      2624      2387      2627      2397      2601      2406      2575      2366      2652      2429 PARcau 3.078247e-03 1.421481e-05 0.996908
    42   0       2623       2394 10.440  25.298 193.5 71.565     2611     2388     2636     2401     25     13      2609      2393      2633      2385      2636      2395      2612      2403      2586      2363      2661      2426 PARcau 3.414264e-05 1.916114e-08 0.999966
    42   1       2398       1090 11.236  31.643 278.5 30.964     2384     1081     2413     1101     29     20      2387      1077      2414      1093      2408      1103      2381      1086      2359      1056      2438      1126 PARcau 7.209807e-07 2.625637e-07 0.999999
    43   0       2631       2390 10.062  25.500 195.0 63.435     2620     2383     2644     2399     24     16      2618      2392      2640      2380      2645      2389      2622      2401      2595      2358      2669      2424 PARcau 6.847127e-02 2.174940e-06 0.931527
    43   1       2408       1095 11.662  32.757 274.0 30.964     2394     1087     2424     1106     30     19      2397      1082      2425      1099      2419      1109      2391      1092      2369      1062      2449      1131 PARcau 3.146100e-04 8.888113e-06 0.999676
    44   0       2639       2385 10.548  24.824 192.0 56.310     2629     2377     2651     2395     22     18      2626      2388      2647      2374      2652      2383      2632      2397      2604      2352      2676      2420 PARcau 5.267415e-04 1.975448e-07 0.999473
    44   1       2418       1101 10.735  32.423 274.0 26.565     2404     1092     2434     1112     30     20      2406      1089      2435      1103      2430      1113      2401      1098      2379      1067      2459      1137 PARcau 3.071990e-02 3.033242e-03 0.966247
    45   0       2647       2379 10.000  27.203 211.5 53.130     2636     2370     2659     2390     23     20      2633      2383      2655      2367      2661      2375      2639      2391      2611      2345      2684      2415 PARcau 1.262238e-01 1.778409e-06 0.873774
    45   1       2429       1106 11.180  32.650 274.5 26.565     2415     1097     2445     1117     30     20      2417      1094      2446      1109      2441      1119      2412      1104      2390      1072      2470      1142 PARcau 4.795047e-03 2.527789e-03 0.992677
    46   0       2655       2372 10.404  29.125 225.0 54.462     2644     2363     2668     2383     24     20      2640      2376      2664      2360      2670      2368      2646      2385      2619      2338      2693      2408 PARcau 1.558715e-05 2.125966e-08 0.999984
    46   1       2440       1112 11.180  32.202 280.5 26.565     2426     1103     2456     1122     30     19      2428      1100      2457      1114      2452      1124      2423      1110      2401      1078      2481      1147 PARcau 7.827898e-02 2.148271e-03 0.919573
    47   0       2664       2366 10.062  29.517 224.5 63.435     2652     2358     2679     2376     27     18      2649      2368      2675      2355      2680      2364      2653      2377      2627      2333      2704      2401 PARcau 2.155032e-03 3.116626e-08 0.997845
    47   1       2450       1116 11.180  32.650 279.0 26.565     2436     1108     2466     1127     30     19      2438      1104      2467      1119      2462      1129      2433      1114      2411      1083      2491      1152 PARcau 4.462004e-03 1.139504e-03 0.994398
    48   2        877       1178  5.590   9.394  29.5 63.435      871     1175      882     1183     11      8       870      1178       879      1174       881      1179       873      1183       846      1150       907      1208 PARcau 1.835907e-02 2.121629e-02 0.960425
    48   0       2675       2360 10.296  29.069 223.5 63.435     2662     2353     2690     2370     28     17      2659      2362      2685      2349      2690      2358      2664      2371      2637      2328      2715      2395 PARcau 1.119238e-04 6.854361e-08 0.999888
    48   1       2461       1122 11.180  32.202 283.5 26.565     2447     1113     2477     1132     30     19      2449      1110      2478      1124      2473      1134      2444      1120      2422      1088      2502      1157 PARcau 9.382142e-05 3.197284e-05 0.999874
    49   2        877       1178  4.924   7.826  27.0 63.435      872     1175      882     1183     10      8       872      1178       879      1174       881      1179       874      1182       847      1150       907      1208 PARcau 5.658762e-04 5.528592e-05 0.999379
    49   1       2471       1128 11.180  31.305 272.5 26.565     2458     1119     2487     1138     29     19      2460      1116      2488      1130      2483      1140      2455      1126      2433      1094      2512      1163 PARcau 4.014450e-06 6.149977e-06 0.999990
    49   0       2686       2356  9.962  29.568 218.5 71.565     2672     2350     2701     2365     29     15      2670      2356      2698      2346      2701      2356      2673      2365      2647      2325      2726      2390 PARcau 1.542346e-04 3.255958e-08 0.999846
    50   2        877       1178  6.042   8.276  28.5 63.435      872     1175      882     1183     10      8       872      1178       879      1174       882      1180       874      1183       847      1150       907      1208 PARcau 8.680072e-02 2.305398e-01 0.682660
    50   0       2697       2353 10.770  26.926 213.5 68.199     2684     2347     2711     2361     27     14      2682      2353      2707      2343      2711      2353      2686      2363      2659      2322      2736      2386 PARcau 2.639520e-01 1.732700e-07 0.736048
    50   1       2481       1133 10.977  31.567 266.5 29.745     2468     1124     2497     1144     29     20      2470      1121      2498      1137      2492      1146      2465      1131      2443      1099      2522      1169 PARcau 2.959995e-04 1.032793e-05 0.999694
    51   2        877       1179  5.657   7.810  26.5 45.000      873     1176      882     1183      9      7       872      1180       878      1175       882      1179       876      1184       848      1151       907      1208 PARcau 2.134685e-03 1.571913e-02 0.982146
    51   0       2707       2350 10.595  25.773 201.5 71.565     2695     2344     2720     2358     25     14      2693      2349      2717      2341      2721      2351      2696      2359      2670      2319      2745      2383 PARcau 9.723694e-04 6.126072e-06 0.999022
    51   1       2491       1141 10.404  32.500 265.5 36.870     2477     1131     2506     1152     29     21      2481      1127      2507      1146      2501      1155      2475      1135      2452      1106      2531      1177 PARcau 2.405633e-05 5.498555e-07 0.999975
    52   0       2715       2346 10.735  24.824 196.5 63.435     2704     2339     2728     2355     24     16      2702      2347      2724      2336      2729      2345      2707      2357      2679      2314      2753      2380 PARcau 7.196079e-03 7.544186e-07 0.992803
    52   1       2500       1148 10.700  30.700 266.5 36.870     2488     1138     2514     1160     26     22      2491      1134      2515      1153      2509      1161      2484      1143      2463      1113      2539      1185 PARcau 2.254135e-05 2.485741e-06 0.999975
    53   0       2724       2341 10.817  26.627 200.5 56.310     2713     2333     2736     2350     23     17      2710      2344      2732      2329      2738      2338      2716      2353      2688      2308      2761      2375 PARcau 4.296815e-04 4.886184e-08 0.999570
    53   1       2508       1155 11.314  29.698 269.5 45.000     2496     1145     2523     1167     27     22      2502      1141      2523      1162      2515      1170      2494      1149      2471      1120      2548      1192 PARcau 6.666134e-04 8.084231e-06 0.999325
    54   0       2732       2335 10.817  26.627 214.5 56.310     2721     2326     2745     2345     24     19      2718      2338      2740      2323      2746      2332      2724      2347      2696      2301      2770      2370 PARcau 3.177427e-05 4.125741e-09 0.999968
    54   1       2517       1162 11.402  32.016 274.0 38.660     2504     1152     2531     1174     27     22      2508      1148      2533      1168      2526      1177      2501      1157      2479      1127      2556      1199 PARcau 2.878617e-02 1.308119e-04 0.971083
    55   0       2741       2328 10.817  28.844 225.0 56.310     2729     2319     2755     2339     26     20      2726      2332      2750      2316      2756      2325      2732      2341      2704      2294      2780      2364 PARcau 1.437474e-06 4.600283e-11 0.999999
    55   1       2526       1170 11.402  30.806 266.0 36.870     2514     1160     2540     1181     26     21      2517      1156      2542      1174      2535      1183      2510      1165      2489      1135      2565      1206 PARcau 9.038873e-05 7.986707e-06 0.999902
    56   0       2751       2322 10.062  29.517 226.0 63.435     2739     2314     2766     2332     27     18      2736      2324      2762      2311      2767      2320      2740      2333      2714      2289      2791      2357 PARcau 7.462308e-02 2.523287e-07 0.925377
    56   1       2535       1177 11.402  30.000 261.5 36.870     2522     1167     2549     1188     27     21      2526      1163      2550      1181      2543      1190      2519      1172      2497      1142      2574      1213 PARcau 6.021154e-04 1.905226e-05 0.999379
    57   1       2544       1183 10.817  30.232 260.0 33.690     2531     1174     2558     1194     27     20      2534      1170      2559      1187      2553      1196      2528      1179      2506      1149      2583      1219 PARcau 2.714169e-04 1.052014e-06 0.999728
    57   0       2762       2317  9.618  29.741 222.5 63.435     2749     2310     2777     2326     28     16      2746      2319      2773      2306      2777      2314      2751      2328      2724      2285      2802      2351 PARcau 4.904232e-01 3.341367e-05 0.509543
    58   1       2552       1189 10.548  30.451 265.5 29.745     2540     1179     2567     1200     27     21      2542      1177      2568      1192      2563      1201      2536      1186      2515      1154      2592      1225 PARcau 2.314328e-06 2.605498e-08 0.999998
    58   0       2773       2312 10.198  28.862 213.0 75.964     2760     2307     2788     2320     28     13      2758      2311      2786      2304      2788      2314      2760      2321      2735      2282      2813      2345 PARcau 6.094460e-01 2.185864e-07 0.390554
    59   0       2783       2310 10.308  27.409 205.5 75.964     2771     2304     2798     2317     27     13      2769      2308      2795      2301      2798      2311      2771      2318      2746      2279      2823      2342 PARcau 3.888794e-02 3.604969e-07 0.961112
    59   1       2562       1195 11.180  29.967 266.0 26.565     2549     1185     2577     1205     28     20      2551      1183      2578      1196      2573      1206      2546      1193      2524      1160      2602      1230 PARcau 4.157162e-05 4.400299e-07 0.999958
    60   0       2794       2307 10.595  25.773 194.5 71.565     2782     2301     2807     2314     25     13      2780      2306      2804      2298      2808      2308      2783      2316      2757      2276      2832      2339 PARcau 2.291244e-03 1.070358e-06 0.997708
    60   1       2572       1199 11.180  30.887 263.0 29.745     2559     1191     2588     1209     29     18      2561      1187      2588      1202      2583      1212      2556      1197      2534      1166      2613      1234 PARcau 1.097694e-02 2.466716e-06 0.989021
    61   0       2803       2303  9.618  25.269 195.5 63.435     2791     2296     2815     2312     24     16      2789      2305      2812      2294      2816      2302      2794      2314      2766      2271      2840      2337 PARcau 1.177621e-03 1.499997e-07 0.998822
    61   1       2583       1204 11.180  31.305 267.5 26.565     2569     1196     2599     1214     30     18      2571      1192      2599      1206      2594      1216      2566      1202      2544      1171      2624      1239 PARcau 9.675437e-05 3.662664e-06 0.999900
    62   0       2811       2298 10.548  25.656 203.0 56.310     2800     2290     2823     2308     23     18      2798      2301      2819      2287      2825      2296      2803      2310      2775      2265      2848      2333 PARcau 8.263002e-06 1.456858e-09 0.999992
    62   1       2593       1209 11.180  31.305 256.0 26.565     2580     1201     2609     1218     29     17      2582      1197      2610      1211      2605      1221      2577      1207      2555      1176      2634      1243 PARcau 2.395659e-04 2.534739e-06 0.999758
    63   0       2819       2292 11.314  26.870 214.5 45.000     2808     2283     2832     2302     24     19      2806      2297      2825      2278      2833      2286      2814      2305      2783      2258      2857      2327 PARcau 4.213444e-05 9.795414e-10 0.999958
    63   1       2604       1214 10.770  31.305 264.0 26.565     2590     1205     2620     1223     30     18      2592      1202      2620      1216      2616      1226      2588      1212      2565      1180      2645      1248 PARcau 2.072161e-03 1.061205e-03 0.996867
    64   0       2828       2285 11.402  28.601 227.0 53.130     2816     2276     2841     2296     25     20      2813      2289      2836      2272      2843      2281      2820      2298      2791      2251      2866      2321 PARcau 3.938551e-03 3.077650e-08 0.996061
    64   1       2615       1219 11.180  31.305 271.0 26.565     2601     1210     2631     1229     30     19      2603      1207      2631      1221      2626      1231      2598      1217      2576      1185      2656      1254 PARcau 4.002842e-04 1.342595e-04 0.999466
    65   0       2838       2279 10.296  29.069 220.5 63.435     2825     2271     2852     2289     27     18      2822      2281      2848      2268      2853      2277      2827      2290      2800      2246      2877      2314 PARcau 1.037620e-04 2.371655e-10 0.999896
    65   1       2625       1224 10.548  31.816 264.5 30.964     2611     1215     2640     1235     29     20      2614      1212      2641      1228      2636      1237      2608      1221      2586      1190      2665      1260 PARcau 3.024293e-05 4.139642e-06 0.999966
    66   1       2632       1230 11.511  30.373 267.5 33.690     2620     1220     2647     1241     27     21      2623      1217      2648      1233      2642      1243      2616      1226      2595      1195      2672      1266 PARcau 9.142597e-04 4.601226e-03 0.994484
    66   0       2848       2274  9.849  29.967 226.0 63.435     2835     2267     2864     2283     29     16      2833      2276      2860      2263      2864      2272      2837      2285      2810      2242      2889      2308 PARcau 1.659584e-01 9.023505e-07 0.834041
    67   1       2635       1234 11.715  29.449 264.0 39.806     2623     1224     2648     1246     25     22      2627      1220      2650      1239      2642      1248      2620      1229      2598      1199      2673      1271 PARcau 5.392071e-05 5.252318e-03 0.994694
    67   0       2860       2270  9.487  28.460 217.0 71.565     2847     2264     2875     2278     28     14      2845      2270      2872      2261      2875      2270      2848      2279      2822      2239      2900      2303 PARcau 4.796875e-02 3.669009e-08 0.952031
    68   1       2635       1238 11.927  28.430 253.5 56.310     2625     1227     2647     1251     22     24      2632      1223      2648      1246      2638      1253      2622      1229      2600      1202      2672      1276 PARcau 4.070258e-06 3.557317e-03 0.996439
    68   0       2871       2268 10.440  26.926 208.5 75.964     2858     2262     2885     2275     27     13      2856      2266      2882      2259      2885      2269      2859      2276      2833      2237      2910      2300 PARcau 6.451085e-03 3.037530e-05 0.993519
    69   1       2635       1242 12.207  26.627 238.5 56.310     2627     1231     2645     1256     18     25      2633      1228      2648      1250      2638      1257      2623      1235      2602      1206      2670      1281 PARcau 1.102015e-05 4.728907e-03 0.995260
    69   0       2880       2265 11.705  25.298 201.5 71.565     2868     2259     2893     2273     25     14      2866      2264      2890      2256      2894      2267      2870      2275      2843      2234      2918      2298 PARcau 1.197627e-01 9.452553e-05 0.880143
    70   1       2635       1245 13.153  23.345 221.0 80.538     2628     1235     2643     1258     15     23      2626      1235      2639      1233      2643      1256      2630      1258      2603      1210      2668      1283 PARcau 1.700682e-05 6.556018e-04 0.999327
    70   0       2888       2262 10.735  23.479 192.5 63.435     2878     2255     2900     2271     22     16      2875      2263      2896      2252      2901      2262      2880      2272      2853      2230      2925      2296 PARcau 2.251981e-02 8.195948e-06 0.977472
    71   1       2633       1245 12.258  19.906 176.0 78.690     2627     1236     2641     1256     14     20      2625      1237      2637      1234      2641      1254      2629      1256      2602      1211      2666      1281 PARcau 2.040762e-05 2.218051e-03 0.997761
    71   0       2896       2257 10.062  27.281 212.5 63.435     2884     2249     2909     2267     25     18      2882      2259      2906      2247      2911      2256      2886      2268      2859      2224      2934      2292 PARcau 5.334035e-05 5.314627e-09 0.999947
    72   1       2632       1244 12.042  14.142 127.5 45.000     2626     1237     2640     1252     14     15      2632      1235      2642      1245      2633      1253      2623      1243      2601      1212      2665      1277 PARcau 8.528848e-07 4.706288e-03 0.995293
    72   0       2905       2251  9.708  30.647 236.0 56.310     2892     2243     2920     2262     28     19      2890      2256      2915      2239      2921      2247      2895      2264      2867      2218      2945      2287 PARcau 4.256759e-03 2.493609e-08 0.995743
    73   1       2632       1240 12.207  13.601 112.5 56.310     2626     1234     2640     1248     14     14      2623      1239      2634      1231      2641      1241      2630      1249      2601      1209      2665      1273 PARcau 1.948059e-04 7.911923e-02 0.920686
    73   0       2914       2247 10.296  29.967 228.0 63.435     2901     2239     2929     2256     28     17      2898      2249      2925      2236      2930      2245      2903      2258      2876      2214      2954      2281 PARcau 3.076233e-03 8.128043e-09 0.996924
    74   1       2632       1236 11.662  20.591 164.0 29.745     2625     1227     2641     1247     16     20      2632      1224      2642      1230      2632      1248      2622      1242      2600      1202      2666      1272 PARcau 1.883991e-08 7.462258e-06 0.999992
    74   0       2918       2246 10.794  29.470 228.0 75.964     2905     2240     2934     2254     29     14      2903      2244      2932      2237      2934      2247      2906      2255      2880      2215      2959      2279 PARcau 9.963287e-04 2.366751e-05 0.998980
    75   0       2922       2246 10.050  29.155 224.5 82.875     2908     2241     2938     2253     30     12      2907      2243      2936      2240      2937      2250      2908      2253      2883      2216      2963      2278 PARcau 1.398141e-01 8.243888e-04 0.859362
    75   1       2632       1233 10.735  23.071 176.5 29.055     2625     1223     2642     1245     17     22      2622      1241      2633      1221      2643      1226      2631      1246      2600      1198      2667      1270 PARcau 2.011654e-04 3.745181e-03 0.996054
    76   1       2631       1233  9.301  20.940 114.0 33.690     2623     1225     2641     1244     18     19      2622      1239      2633      1221      2641      1227      2629      1244      2598      1200      2666      1269 PARcau 5.422741e-05 1.315633e-03 0.998630
    76   0       2927       2248  9.000  29.000 218.0 90.000     2913     2244     2943     2254     30     10      2913      2244      2942      2244      2942      2253      2913      2253      2888      2219      2968      2279 PARcau 6.893792e-01 1.916652e-04 0.310429
    77   1       2632       1230  9.925  16.325  82.5 39.806     2626     1225     2641     1240     15     15      2623      1233      2634      1221      2641      1227      2631      1240      2601      1200      2666      1265 PARcau 9.358877e-05 1.117175e-03 0.998789
    77   0       2930       2251 10.440  28.460 217.5 18.435     2916     2245     2945     2258     29     13      2918      2241      2945      2250      2942      2260      2915      2251      2891      2220      2970      2283 PARcau 1.720185e-01 1.602399e-05 0.827965
    78   0       2934       2255 10.817  29.155 221.5 30.964     2921     2247     2948     2265     27     18      2924      2242      2949      2257      2943      2266      2918      2251      2896      2222      2973      2290 PARcau 1.211678e-02 1.280227e-05 0.987870
    78   1       2635       1227  8.485  12.042  32.0 45.000     2629     1223     2641     1234     12     11      2627      1230      2635      1221      2641      1227      2633      1236      2604      1198      2666      1259 PARcau 2.761187e-02 6.121836e-02 0.911170
    79   0       2937       2259  9.899  29.698 228.5 45.000     2926     2250     2950     2271     24     21      2930      2245      2951      2266      2944      2273      2923      2252      2901      2225      2975      2296 PARcau 1.143420e-04 1.889313e-08 0.999886
    79   1       2646       1214  7.000   7.000  37.5 90.000     2643     1211     2651     1219      8      8      2643      1211      2650      1211      2650      1218      2643      1218      2618      1186      2676      1244 PARcau 6.391273e-03 1.181041e-01 0.875505
    80   0       2940       2265 10.000  28.844 227.5 56.310     2931     2254     2951     2279     20     25      2936      2250      2952      2274      2944      2280      2928      2256      2906      2229      2976      2304 PARcau 1.284789e-03 1.975205e-04 0.998518
    80   1       2647       1212 11.180  12.083 101.5 63.435     2641     1207     2654     1220     13     13      2639      1210      2650      1205      2655      1215      2644      1220      2616      1182      2679      1245 PARcau 3.358329e-02 6.761392e-02 0.898803
    81   1       2647       1211 11.314  14.866 131.5 45.000     2641     1205     2655     1221     14     16      2639      1213      2649      1202      2657      1210      2647      1221      2616      1180      2680      1246 PARcau 4.903146e-03 3.276312e-02 0.962334
    81   0       2943       2272 10.296  30.414 236.0 63.435     2935     2259     2952     2287     17     28      2940      2256      2954      2283      2945      2288      2931      2261      2910      2234      2977      2312 PARcau 3.269292e-03 3.265292e-05 0.996698
    82   1       2648       1210 10.062  18.337 139.0 26.565     2642     1202     2656     1220     14     18      2647      1199      2656      1204      2648      1220      2639      1216      2617      1177      2681      1245 PARcau 3.375246e-01 6.054092e-02 0.601934
    82   0       2944       2279  9.823  30.438 240.0 75.964     2938     2265     2952     2295     14     30      2936      2266      2945      2263      2953      2293      2943      2295      2913      2240      2977      2320 PARcau 5.871679e-03 1.648779e-03 0.992480
    83   1       2648       1209 10.062  20.573 161.0 26.565     2642     1200     2656     1220     14     20      2648      1197      2657      1202      2648      1220      2639      1216      2617      1175      2681      1245 PARcau 2.350902e-01 2.038920e-02 0.744521
    83   0       2944       2284 10.000  29.000 227.0 90.000     2939     2270     2950     2300     11     30      2939      2270      2949      2270      2949      2299      2939      2299      2914      2245      2975      2325 PARcau 3.517966e-01 1.024043e-01 0.545799
    84   1       2649       1207 10.062  22.809 175.0 26.565     2642     1198     2657     1220     15     22      2639      1216      2649      1195      2658      1200      2648      1220      2617      1173      2682      1245 PARcau 9.705249e-02 5.265126e-02 0.850296
    84   0       2942       2286 10.050  28.284 225.5  7.125     2937     2272     2949     2301     12     29      2939      2271      2949      2272      2945      2300      2935      2299      2912      2247      2974      2326 PARcau 1.328256e-01 1.826124e-02 0.848913
    85   1       2650       1206 11.180  24.597 196.0 26.565     2643     1195     2659     1219     16     24      2639      1214      2650      1192      2660      1197      2649      1219      2618      1170      2684      1244 PARcau 6.945267e-01 2.775616e-03 0.302698
    85   0       2939       2287 11.180  29.069 226.0 26.565     2932     2274     2948     2302     16     28      2928      2298      2941      2272      2951      2277      2938      2303      2907      2249      2973      2327 PARcau 1.909473e-02 5.391349e-03 0.975514
    86   0       2935       2290 10.700  29.129 232.5 38.660     2925     2278     2946     2303     21     25      2922      2298      2940      2275      2949      2282      2930      2304      2900      2253      2971      2328 PARcau 2.164900e-01 1.372657e-05 0.783496
    86   1       2652       1201  9.849  29.967 224.5 26.565     2643     1189     2662     1217     19     28      2641      1213      2654      1186      2663      1190      2650      1217      2618      1164      2687      1242 PARcau 2.425650e-07 9.354293e-04 0.999064
    87   1       2655       1196 10.735  30.187 244.0 26.565     2647     1183     2665     1211     18     28      2643      1207      2657      1180      2666      1185      2653      1212      2622      1158      2690      1236 PARcau 1.265401e-03 3.634972e-02 0.962385
    87   0       2930       2293 10.000  29.206 226.5 53.130     2919     2282     2943     2304     24     22      2916      2298      2939      2280      2945      2288      2922      2306      2894      2257      2968      2329 PARcau 1.230978e-02 8.045923e-07 0.987689
    88   1       2658       1189 10.296  31.385 248.0 30.964     2650     1176     2669     1204     19     28      2646      1200      2662      1173      2671      1178      2655      1205      2625      1151      2694      1229 PARcau 7.963270e-04 3.600332e-01 0.639171
    88   0       2923       2295 10.062  29.971 228.0 63.435     2910     2287     2938     2305     28     18      2908      2298      2935      2284      2939      2293      2913      2307      2885      2262      2963      2330 PARcau 9.401941e-02 9.132829e-07 0.905980
    89   1       2662       1182 11.180  31.305 259.5 26.565     2654     1168     2672     1197     18     29      2650      1193      2664      1165      2674      1170      2660      1198      2629      1143      2697      1222 PARcau 2.771628e-06 1.021507e-06 0.999996
    89   0       2916       2297  9.487  30.676 226.5 71.565     2902     2291     2932     2305     30     14      2900      2298      2929      2288      2932      2297      2903      2307      2877      2266      2957      2330 PARcau 7.096796e-03 2.265972e-07 0.992903
    90   0       2909       2298 10.050  30.150 235.5 82.875     2894     2293     2925     2305     31     12      2893      2295      2923      2292      2924      2302      2894      2305      2869      2268      2950      2330 PARcau 1.177681e-02 4.941030e-08 0.988223
    90   1       2666       1173 10.735  31.085 257.0 26.565     2658     1160     2676     1189     18     29      2654      1185      2668      1157      2677      1162      2664      1190      2633      1135      2701      1214 PARcau 3.673814e-03 1.521179e-05 0.996311
    91   0       2901       2298 10.000  30.000 222.0 90.000     2886     2294     2917     2305     31     11      2886      2294      2916      2294      2916      2304      2886      2304      2861      2269      2942      2330 PARcau 7.618388e-02 5.959240e-05 0.923757
    91   1       2670       1163 10.735  30.187 259.5 26.565     2662     1150     2680     1178     18     28      2659      1174      2673      1147      2682      1152      2669      1179      2637      1125      2705      1203 PARcau 4.772714e-04 2.239526e-04 0.999299
    92   0       2892       2298  9.552  30.104 221.0  5.194     2878     2293     2909     2304     31     11      2878      2292      2908      2294      2907      2304      2877      2301      2853      2268      2934      2329 PARcau 1.241896e-02 1.491994e-06 0.987580
    92   1       2675       1153 11.180  32.202 275.0 26.565     2667     1139     2684     1169     17     30      2663      1165      2677      1136      2687      1141      2673      1170      2642      1114      2709      1194 PARcau 6.601692e-03 1.310544e-04 0.993267
    93   0       2883       2296 10.000  29.000 220.5 90.000     2869     2292     2899     2303     30     11      2869      2292      2898      2292      2898      2302      2869      2302      2844      2267      2924      2328 PARcau 8.821135e-02 6.748476e-07 0.911788
    93   1       2679       1143 11.180  31.765 267.5 26.565     2671     1128     2688     1158     17     30      2667      1154      2682      1126      2692      1131      2677      1159      2646      1103      2713      1183 PARcau 3.308661e-03 3.482049e-04 0.996343
    94   0       2873       2294  9.823  30.438 219.5 14.036     2859     2289     2890     2301     31     12      2860      2286      2889      2293      2887      2303      2857      2295      2834      2264      2915      2326 PARcau 5.577178e-03 2.095256e-06 0.994421
    94   1       2683       1132 10.770  32.311 269.5 21.801     2675     1117     2692     1147     17     30      2672      1144      2684      1114      2694      1118      2682      1148      2650      1092      2717      1172 PARcau 1.672156e-01 5.756887e-02 0.775216
    95   0       2863       2291  9.341  31.532 220.0 14.036     2849     2286     2880     2299     31     13      2849      2283      2880      2291      2877      2300      2847      2292      2824      2261      2905      2324 PARcau 1.780987e-02 3.115024e-07 0.982190
    95   1       2687       1120 11.068  30.992 261.5 18.435     2679     1106     2696     1136     17     30      2686      1104      2697      1107      2687      1137      2677      1133      2654      1081      2721      1161 PARcau 3.344557e-04 9.477935e-05 0.999571
    96   0       2853       2288  9.341  31.532 216.5 14.036     2839     2283     2870     2295     31     12      2839      2280      2870      2288      2867      2297      2837      2289      2814      2258      2895      2320 PARcau 1.072800e-03 5.862643e-07 0.998927
    96   1       2690       1109 11.180  31.780 260.5 23.199     2683     1094     2699     1125     16     31      2679      1121      2692      1092      2702      1097      2689      1126      2658      1069      2724      1150 PARcau 3.416648e-03 7.605842e-03 0.988977
    97   0       2843       2286  9.055  30.414 223.0  9.462     2829     2281     2860     2293     31     12      2829      2279      2859      2284      2858      2293      2828      2288      2804      2256      2885      2318 PARcau 5.728260e-06 4.973576e-08 0.999994
    97   1       2694       1097 11.068  30.992 259.0 18.435     2687     1083     2703     1113     16     30      2694      1081      2704      1084      2695      1114      2684      1110      2662      1058      2728      1138 PARcau 2.737295e-02 1.822628e-04 0.972445
    98   0       2833       2284  8.000  30.000 197.0 90.000     2819     2281     2850     2290     31      9      2819      2281      2849      2281      2849      2289      2819      2289      2794      2256      2875      2315 PARcau 5.221255e-01 5.386828e-06 0.477869
    98   1       2698       1086 11.180  32.202 266.5 26.565     2691     1071     2707     1102     16     31      2687      1098      2701      1069      2711      1074      2697      1103      2666      1046      2732      1127 PARcau 9.661164e-05 1.449231e-04 0.999758
    99   0       2822       2284  9.000  31.000 218.5 90.000     2808     2280     2840     2290     32     10      2808      2280      2839      2280      2839      2289      2808      2289      2783      2255      2865      2315 PARcau 5.277234e-01 3.102770e-05 0.472246
    99   1       2703       1075 10.920  31.784 267.0 18.435     2695     1060     2712     1091     17     31      2703      1058      2713      1061      2703      1091      2692      1088      2670      1035      2737      1116 PARcau 9.193655e-04 2.267033e-06 0.999078
   100   0       2812       2285  9.000  31.000 219.0 90.000     2797     2281     2829     2291     32     10      2797      2281      2828      2281      2828      2290      2797      2290      2772      2256      2854      2316 PARcau 7.174585e-01 4.011417e-06 0.282537
   100   1       2708       1063 10.735  31.579 260.0 23.962     2700     1049     2717     1079     17     30      2697      1075      2709      1046      2719      1051      2706      1080      2675      1024      2742      1104 PARcau 1.936497e-04 5.142814e-06 0.999801
   101   1       2713       1053 11.180  31.305 261.5 26.565     2705     1038     2722     1068     17     30      2701      1064      2715      1036      2725      1041      2711      1069      2680      1013      2747      1093 PARcau 3.003655e-05 4.589003e-07 0.999969
   101   0       2799       2287 10.050  30.414 216.0 80.538     2785     2282     2816     2294     31     12      2784      2284      2814      2279      2815      2289      2785      2294      2760      2257      2841      2319 PARcau 2.033177e-01 3.210079e-07 0.796682
   102   1       2717       1045 10.735  30.187 263.5 26.565     2709     1032     2728     1060     19     28      2706      1056      2719      1029      2729      1034      2715      1061      2684      1007      2753      1085 PARcau 2.010398e-04 3.553274e-05 0.999763
   102   0       2788       2289 10.000  27.000 209.0 90.000     2775     2284     2803     2295     28     11      2775      2284      2802      2284      2802      2294      2775      2294      2750      2259      2828      2320 PARcau 6.057616e-02 9.007563e-06 0.939415
   103   1       2722       1041 10.817  28.844 255.5 33.690     2713     1029     2733     1055     20     26      2709      1050      2725      1026      2734      1032      2718      1056      2688      1004      2758      1080 PARcau 4.602321e-04 3.302788e-05 0.999507
   103   0       2778       2290  9.000  25.000 188.0 90.000     2766     2286     2792     2296     26     10      2766      2286      2791      2286      2791      2295      2766      2295      2741      2261      2817      2321 PARcau 5.968745e-02 3.774962e-02 0.902563
   104   1       2723       1041 11.511  27.322 236.5 33.690     2714     1030     2734     1054     20     24      2710      1049      2726      1026      2735      1033      2720      1055      2689      1005      2759      1079 PARcau 6.506826e-03 9.753643e-02 0.895957
   104   0       2769       2290 10.000  24.000 183.0 90.000     2758     2285     2783     2296     25     11      2758      2285      2782      2285      2782      2295      2758      2295      2733      2260      2808      2321 PARcau 2.262631e-02 1.797257e-06 0.977372
   105   1       2723       1041 11.662  24.187 204.0 29.745     2715     1032     2733     1053     18     21      2712      1049      2724      1028      2734      1034      2722      1055      2690      1007      2758      1078 PARcau 1.983505e-02 1.283557e-03 0.978881
   105   0       2760       2288 10.308  25.224 191.0 14.036     2749     2282     2774     2295     25     13      2749      2280      2774      2286      2771      2296      2747      2290      2724      2257      2799      2320 PARcau 9.192499e-02 4.618385e-05 0.908029
   106   1       2721       1042 13.000  18.000 165.0 90.000     2715     1034     2729     1053     14     19      2715      1034      2728      1034      2728      1052      2715      1052      2690      1009      2754      1078 PARcau 1.178679e-01 2.416251e-02 0.857970
   106   0       2752       2284  9.657  25.773 195.5 18.435     2741     2278     2766     2292     25     14      2742      2276      2766      2284      2763      2293      2738      2285      2716      2253      2791      2317 PARcau 6.765726e-03 1.727896e-04 0.993061
   107   1       2718       1043 12.659  15.207 149.0 81.870     2712     1036     2726     1052     14     16      2711      1037      2723      1035      2726      1050      2713      1052      2687      1011      2751      1077 PARcau 3.936132e-03 9.184456e-01 0.077618
   107   0       2743       2280  9.487  28.460 205.5 18.435     2731     2273     2758     2288     27     15      2731      2271      2758      2280      2755      2289      2728      2280      2706      2248      2783      2313 PARcau 3.998656e-02 7.452729e-07 0.960013
   108   1       2713       1044 10.735  21.708 163.0 29.055     2704     1037     2725     1053     21     16      2707      1034      2726      1044      2721      1054      2702      1043      2679      1012      2750      1078 PARcau 1.263816e-02 3.997704e-02 0.947385
   108   0       2733       2275 10.198  28.862 213.5 14.036     2720     2269     2748     2283     28     14      2720      2267      2748      2274      2746      2284      2718      2277      2695      2244      2773      2308 PARcau 3.199302e-02 2.235262e-06 0.968005
   109   1       2708       1044 10.440  26.249 187.0 18.435     2697     1039     2723     1053     26     14      2698      1036      2723      1044      2720      1054      2695      1046      2672      1014      2748      1078 PARcau 2.249810e-01 2.997119e-03 0.772022
   109   0       2723       2271  9.487  29.411 212.5 18.435     2709     2266     2738     2279     29     13      2710      2262      2738      2271      2735      2280      2707      2271      2684      2241      2763      2304 PARcau 1.951615e-01 1.255989e-06 0.804837
   110   1       2701       1045 10.050  30.414 214.5  9.462     2688     1040     2719     1052     31     12      2688      1038      2718      1043      2717      1053      2687      1048      2663      1015      2744      1077 PARcau 8.915044e-01 3.388475e-06 0.108492
   110   0       2712       2268  9.220  30.594 214.5 11.310     2698     2263     2728     2275     30     12      2698      2261      2728      2267      2726      2276      2696      2270      2673      2238      2753      2300 PARcau 6.323265e-01 6.068736e-05 0.367613
   111   1       2693       1045 10.548  30.336 242.5  8.130     2679     1040     2710     1052     31     12      2679      1038      2709      1042      2708      1053      2678      1048      2654      1015      2735      1077 PARcau 3.323691e-01 9.148804e-05 0.667539
   111   0       2701       2267  9.552  29.210 205.5  7.125     2687     2262     2717     2273     30     11      2687      2260      2716      2264      2715      2273      2686      2270      2662      2237      2742      2298 PARcau 8.067166e-01 6.123143e-09 0.193283
   112   1       2684       1045 10.050  31.257 253.0  7.125     2669     1040     2701     1052     32     12      2669      1038      2700      1042      2699      1052      2668      1048      2644      1015      2726      1077 PARcau 5.852168e-01 3.272864e-04 0.414456
   112   0       2690       2266  9.000  30.000 218.5 90.000     2676     2262     2707     2272     31     10      2676      2262      2706      2262      2706      2271      2676      2271      2651      2237      2732      2297 PARcau 6.637986e-02 4.508721e-06 0.933616
   113   0       2680       2267 10.000  27.000 208.0 90.000     2667     2262     2695     2273     28     11      2667      2262      2694      2262      2694      2272      2667      2272      2642      2237      2720      2298 PARcau 6.519067e-02 9.229132e-05 0.934717
   113   1       2673       1045 11.045  31.145 244.0  5.711     2658     1040     2690     1052     32     12      2658      1038      2689      1041      2688      1052      2657      1049      2633      1015      2715      1077 PARcau 1.919117e-02 4.252421e-04 0.980384
   114   0       2671       2267 10.000  25.000 189.5 90.000     2659     2262     2685     2273     26     11      2659      2262      2684      2262      2684      2272      2659      2272      2634      2237      2710      2298 PARcau 7.678823e-01 3.047383e-05 0.232087
   114   1       2662       1044 10.000  31.000 244.0 90.000     2647     1040     2679     1051     32     11      2647      1040      2678      1040      2678      1050      2647      1050      2622      1015      2704      1076 PARcau 9.823941e-02 5.442884e-05 0.901706
   115   0       2663       2266 10.440  24.739 188.5 14.036     2652     2261     2677     2273     25     12      2653      2258      2677      2264      2674      2274      2650      2268      2627      2236      2702      2298 PARcau 5.227008e-01 5.553267e-03 0.471746
   115   1       2652       1044 10.000  30.000 244.0 90.000     2637     1039     2668     1050     31     11      2637      1039      2667      1039      2667      1049      2637      1049      2612      1014      2693      1075 PARcau 6.795787e-02 4.432884e-04 0.931599
   116   0       2657       2264  9.487  24.042 180.5 18.435     2647     2258     2670     2271     23     13      2647      2256      2670      2263      2667      2272      2644      2265      2622      2233      2695      2296 PARcau 3.643856e-01 4.199298e-06 0.635610
   116   1       2641       1042 10.000  30.000 241.5 90.000     2626     1038     2657     1049     31     11      2626      1038      2656      1038      2656      1048      2626      1048      2601      1013      2682      1074 PARcau 1.158040e-03 1.433917e-05 0.998828
   117   0       2650       2260  9.849  24.166 188.5 23.962     2640     2253     2663     2268     23     15      2641      2251      2663      2261      2659      2270      2637      2260      2615      2228      2688      2293 PARcau 2.867762e-02 4.300623e-07 0.971322
   117   1       2630       1041 11.000  30.000 248.0 90.000     2615     1036     2646     1048     31     12      2615      1036      2645      1036      2645      1047      2615      1047      2590      1011      2671      1073 PARcau 7.264648e-03 5.121211e-04 0.992223
   118   0       2643       2255 10.124  26.239 190.5 30.964     2633     2247     2656     2264     23     17      2635      2244      2657      2258      2652      2266      2629      2253      2608      2222      2681      2289 PARcau 4.047033e-02 1.589254e-06 0.959528
   118   1       2619       1039 11.000  30.000 248.0 90.000     2604     1034     2635     1046     31     12      2604      1034      2634      1034      2634      1045      2604      1045      2579      1009      2660      1071 PARcau 4.530558e-03 1.320418e-05 0.995456
   119   0       2636       2249  9.618  26.163 193.5 26.565     2625     2240     2649     2259     24     19      2626      2239      2650      2251      2645      2259      2622      2248      2600      2215      2674      2284 PARcau 1.128065e-03 5.581482e-06 0.998866
   119   1       2608       1036 10.920  30.923 250.5 14.036     2593     1031     2624     1044     31     13      2594      1027      2624      1034      2621      1045      2591      1037      2568      1006      2649      1069 PARcau 2.726644e-03 2.450290e-05 0.997249
   120   0       2628       2243  9.434  28.844 203.5 33.690     2616     2235     2641     2253     25     18      2618      2231      2642      2247      2637      2255      2613      2239      2591      2210      2666      2278 PARcau 2.008901e-03 2.402766e-08 0.997991
   120   1       2598       1033 11.068  30.992 253.5 18.435     2584     1027     2615     1041     31     14      2585      1023      2615      1033      2611      1043      2582      1034      2559      1002      2640      1066 PARcau 1.109864e-01 2.245009e-05 0.888991
   121   0       2618       2237  9.849  29.069 209.0 26.565     2606     2229     2632     2246     26     17      2607      2226      2633      2239      2629      2248      2603      2235      2581      2204      2657      2271 PARcau 8.062228e-07 8.163310e-09 0.999999
   121   1       2590       1030 10.440  30.364 247.5 18.435     2576     1024     2606     1039     30     15      2577      1021      2606      1030      2603      1040      2574      1031      2551       999      2631      1064 PARcau 6.686114e-04 1.376094e-07 0.999331
   122   0       2609       2232  9.849  28.792 211.5 21.801     2596     2225     2623     2240     27     15      2597      2222      2624      2232      2620      2241      2593      2231      2571      2200      2648      2265 PARcau 1.547304e-03 1.468737e-08 0.998453
   122   1       2581       1026 10.595  29.887 247.5 18.435     2568     1019     2597     1035     29     16      2569      1017      2597      1026      2594      1036      2565      1027      2543       994      2622      1060 PARcau 1.284724e-01 3.350967e-07 0.871527
   123   0       2599       2227  9.962  29.568 216.0 18.435     2585     2221     2614     2236     29     15      2586      2218      2614      2227      2611      2237      2583      2227      2560      2196      2639      2261 PARcau 1.008809e-03 1.128117e-05 0.998980
   123   1       2572       1022 10.595  30.203 243.0 18.435     2559     1015     2588     1031     29     16      2560      1012      2588      1022      2585      1032      2556      1022      2534       990      2613      1056 PARcau 5.209606e-04 3.350181e-07 0.999479
   124   0       2588       2224  9.220  28.862 206.5 14.036     2575     2219     2603     2232     28     13      2575      2216      2603      2223      2601      2232      2573      2225      2550      2194      2628      2257 PARcau 6.252089e-01 5.005561e-08 0.374791
   124   1       2563       1017 10.770  30.083 244.0 21.801     2550     1010     2578     1026     28     16      2551      1007      2579      1018      2575      1028      2547      1017      2525       985      2603      1051 PARcau 1.125396e-04 5.875492e-07 0.999887
   125   1       2554       1013 10.770  31.016 247.0 20.556     2540     1006     2569     1022     29     16      2541      1003      2570      1014      2566      1024      2537      1013      2515       981      2594      1047 PARcau 1.522958e-04 1.072570e-07 0.999848
   125   0       2577       2222 10.440  28.862 204.5 14.036     2564     2217     2593     2229     29     12      2565      2213      2593      2220      2590      2230      2562      2223      2539      2192      2618      2254 PARcau 1.751232e-04 8.975245e-06 0.999816
   126   1       2545       1009 11.180  29.069 238.5 26.565     2531     1002     2560     1018     29     16      2534       998      2560      1011      2555      1021      2529      1008      2506       977      2585      1043 PARcau 1.495582e-03 7.889184e-06 0.998497
   126   0       2566       2220  9.487  27.659 189.0 14.036     2553     2215     2581     2227     28     12      2554      2212      2581      2218      2578      2227      2551      2221      2528      2190      2606      2252 PARcau 1.700414e-03 2.972084e-07 0.998299
   127   0       2556       2217  9.341  27.409 192.5 14.036     2543     2211     2570     2224     27     13      2544      2209      2570      2216      2568      2225      2541      2218      2518      2186      2595      2249 PARcau 3.174124e-02 4.828213e-05 0.968211
   127   1       2535       1007 10.440  29.411 240.0 18.435     2522     1000     2551     1015     29     15      2523       997      2551      1006      2548      1016      2520      1007      2497       975      2576      1040 PARcau 2.353417e-03 8.547885e-07 0.997646
   128   1       2526       1004 10.198  29.833 234.5 14.036     2512      998     2541     1012     29     14      2512       995      2541      1002      2539      1012      2510      1005      2487       973      2566      1037 PARcau 5.430708e-03 1.737980e-06 0.994568
   128   0       2546       2214  9.618  26.163 188.0 26.565     2535     2207     2560     2222     25     15      2537      2204      2560      2215      2556      2224      2532      2212      2510      2182      2585      2247 PARcau 2.987447e-06 9.093762e-08 0.999997
   129   0       2538       2209  9.394  25.715 186.5 26.565     2527     2201     2551     2218     24     17      2528      2199      2551      2211      2547      2219      2524      2208      2502      2176      2576      2243 PARcau 2.411818e-06 1.209916e-06 0.999996
   129   1       2516       1002 10.440  28.862 234.0 14.036     2502      996     2531     1009     29     13      2503       993      2531      1000      2528      1010      2500      1003      2477       971      2556      1034 PARcau 4.117791e-01 1.123456e-04 0.588109
   130   0       2529       2203  8.602  26.627 181.0 33.690     2518     2195     2542     2212     24     17      2520      2192      2542      2207      2537      2214      2515      2199      2493      2170      2567      2237 PARcau 2.633992e-05 2.514226e-07 0.999973
   130   1       2506       1000 10.050  29.275 232.5  8.130     2492      995     2522     1007     30     12      2492       993      2521       997      2520      1007      2491      1003      2467       970      2547      1032 PARcau 4.064190e-01 3.628833e-05 0.593545
   131   1       2496        998 11.180  30.594 244.0 11.310     2482      993     2512     1006     30     13      2482       990      2512       996      2510      1007      2480      1001      2457       968      2537      1031 PARcau 1.350500e-02 6.388865e-06 0.986489
   131   0       2519       2195  9.434  27.459 199.0 33.690     2508     2187     2532     2205     24     18      2510      2184      2533      2199      2528      2207      2505      2192      2483      2162      2557      2230 PARcau 1.503715e-05 4.325576e-07 0.999985
   132   0       2510       2189  9.618  28.399 204.0 26.565     2498     2181     2524     2199     26     18      2500      2179      2525      2191      2521      2200      2495      2187      2473      2156      2549      2224 PARcau 4.461803e-03 3.469330e-06 0.995535
   132   1       2485        997 11.000  30.000 246.0 90.000     2471      992     2502     1004     31     12      2471       992      2501       992      2501      1003      2471      1003      2446       967      2527      1029 PARcau 8.649059e-02 6.322636e-05 0.913446
   133   0       2500       2183  9.179  28.623 205.0 26.565     2488     2176     2515     2192     27     16      2490      2173      2516      2186      2511      2194      2486      2181      2463      2151      2540      2217 PARcau 1.424736e-01 1.092446e-05 0.857515
   133   1       2474        995 10.198  30.594 238.0 11.310     2460      990     2491     1002     31     12      2460       987      2490       993      2488      1003      2458       997      2435       965      2516      1027 PARcau 1.064642e-02 7.329272e-06 0.989346
   134   0       2490       2179  9.962  29.568 215.5 18.435     2476     2172     2505     2187     29     15      2477      2169      2505      2178      2502      2188      2474      2178      2451      2147      2530      2212 PARcau 2.416155e-04 3.695205e-07 0.999758
   134   1       2463        993 10.112  30.907 238.5  9.462     2449      988     2480     1000     31     12      2449       986      2479       991      2478      1001      2447       996      2424       963      2505      1025 PARcau 1.632936e-02 3.235683e-04 0.983347
   135   0       2479       2175  9.657  28.935 214.0 18.435     2465     2169     2494     2183     29     14      2467      2166      2494      2175      2491      2184      2463      2175      2440      2144      2519      2208 PARcau 1.640343e-02 1.145969e-07 0.983596
   135   1       2453        991 10.440  30.806 243.5 14.036     2438      985     2469      998     31     13      2439       982      2469       989      2466       999      2436       992      2413       960      2494      1023 PARcau 2.030416e-03 3.692457e-03 0.994277
   136   0       2468       2173  9.487  29.120 217.5 16.699     2454     2167     2483     2180     29     13      2455      2164      2483      2172      2480      2181      2452      2173      2429      2142      2508      2205 PARcau 3.108077e-03 1.257356e-04 0.996766
   136   1       2442        987 10.440  30.806 251.5 14.036     2428      981     2459      995     31     14      2429       979      2459       986      2456       996      2426       989      2403       956      2484      1020 PARcau 2.004526e-03 4.709688e-03 0.993286
   137   0       2457       2170 10.000  28.000 196.5 90.000     2443     2166     2472     2177     29     11      2443      2166      2471      2166      2471      2176      2443      2176      2418      2141      2497      2202 PARcau 4.184206e-01 4.033285e-07 0.581579
   137   1       2433        984 10.308  31.532 250.5 14.036     2418      978     2449      992     31     14      2418       975      2449       983      2446       993      2416       985      2393       953      2474      1017 PARcau 3.155120e-02 7.550174e-03 0.960899
   138   0       2446       2168  9.962  27.354 206.5 18.435     2434     2163     2461     2176     27     13      2435      2159      2461      2168      2458      2177      2432      2169      2409      2138      2486      2201 PARcau 6.771967e-01 6.981504e-05 0.322733
   138   1       2422        980 10.920  31.181 252.0 15.945     2407      973     2438      988     31     15      2408       971      2438       979      2435       990      2405       981      2382       948      2463      1013 PARcau 2.582204e-02 3.195025e-03 0.970983
   139   0       2436       2165 10.296  26.833 203.0 26.565     2424     2159     2451     2174     27     15      2427      2155      2451      2167      2446      2176      2422      2164      2399      2134      2476      2199 PARcau 3.016776e-05 1.772780e-06 0.999968
   139   1       2411        976 10.595  30.203 246.0 18.435     2398      969     2427      984     29     15      2399       966      2427       976      2424       986      2395       976      2373       944      2452      1009 PARcau 1.971619e-02 1.013854e-04 0.980182
   140   0       2427       2161  9.849  26.833 203.0 26.565     2416     2154     2441     2170     25     16      2417      2151      2441      2163      2437      2172      2413      2160      2391      2129      2466      2195 PARcau 1.027126e-01 1.164716e-04 0.897171
   140   1       2402        972 10.920  30.516 260.0 18.435     2388      965     2418      981     30     16      2389       962      2418       972      2415       982      2386       973      2363       940      2443      1006 PARcau 2.218670e-03 5.827956e-06 0.997775
   141   0       2418       2156  9.708  27.042 208.5 33.690     2407     2148     2432     2166     25     18      2410      2145      2432      2160      2427      2168      2404      2153      2382      2123      2457      2191 PARcau 1.111069e-02 1.031566e-04 0.988786
   141   1       2393        968 11.543  30.203 251.0 18.435     2379      962     2409      977     30     15      2380       958      2409       968      2405       979      2377       969      2354       937      2434      1002 PARcau 4.005586e-02 1.905822e-05 0.959925
   142   0       2410       2150 10.404  27.735 215.5 33.690     2399     2141     2423     2160     24     19      2401      2138      2424      2154      2418      2162      2395      2147      2374      2116      2448      2185 PARcau 3.178124e-04 3.522833e-07 0.999682
   142   1       2385        966 11.281  29.347 247.0 14.036     2372      959     2401      974     29     15      2372       957      2401       964      2398       975      2370       968      2347       934      2426       999 PARcau 3.055868e-03 9.438025e-06 0.996935
   143   1       2377        964 10.440  29.833 242.5 14.036     2363      958     2393      971     30     13      2364       955      2393       962      2390       972      2361       965      2338       933      2418       996 PARcau 1.357858e-01 8.335444e-06 0.864206
   143   0       2401       2143  9.708  29.262 215.0 33.690     2389     2134     2414     2154     25     20      2391      2131      2415      2147      2410      2155      2385      2139      2364      2109      2439      2179 PARcau 9.821323e-05 7.213596e-09 0.999902
   144   1       2368        962 11.281  27.951 238.5 11.310     2355      956     2383      969     28     13      2356       954      2383       959      2381       970      2353       965      2330       931      2408       994 PARcau 2.514648e-01 4.930179e-03 0.743605
   144   0       2391       2137 11.180  29.069 226.5 26.565     2379     2128     2405     2147     26     19      2381      2125      2407      2138      2402      2148      2376      2135      2354      2103      2430      2172 PARcau 1.680002e-05 1.623767e-08 0.999983
   145   1       2360        962 10.548  28.218 240.0  7.125     2347      957     2376      969     29     12      2347       955      2375       958      2374       969      2346       965      2322       932      2401       994 PARcau 2.257286e-02 3.075571e-04 0.977120
   145   0       2381       2131  9.862  30.187 222.5 26.565     2368     2124     2396     2141     28     17      2370      2120      2397      2134      2392      2142      2365      2129      2343      2099      2421      2166 PARcau 5.229922e-04 3.582037e-08 0.999477
   146   1       2353        962 10.000  29.000 237.0 90.000     2339      958     2369      969     30     11      2339       958      2368       958      2368       968      2339       968      2314       933      2394       994 PARcau 2.223411e-01 3.797980e-03 0.773861
   146   0       2370       2127 10.770  29.155 219.5 21.801     2357     2120     2385     2135     28     15      2359      2116      2386      2127      2382      2137      2355      2126      2332      2095      2410      2160 PARcau 1.703411e-03 3.251305e-07 0.998296
   147   1       2344        964 10.000  29.000 238.0 90.000     2330      959     2360      970     30     11      2330       959      2359       959      2359       969      2330       969      2305       934      2385       995 PARcau 2.407908e-02 5.394971e-04 0.975381
   147   0       2359       2123 10.124  29.095 227.5 18.435     2345     2117     2374     2131     29     14      2347      2114      2374      2123      2371      2133      2343      2123      2320      2092      2399      2156 PARcau 2.899248e-04 5.291134e-07 0.999710
   148   1       2335        965 11.000  29.000 246.5 90.000     2321      960     2351      972     30     12      2321       960      2350       960      2350       971      2321       971      2296       935      2376       997 PARcau 4.377352e-02 6.856359e-04 0.955541
   148   0       2347       2121 10.440  29.411 221.5 18.435     2334     2115     2363     2128     29     13      2335      2111      2363      2120      2360      2130      2332      2121      2309      2090      2388      2153 PARcau 7.437357e-03 4.723037e-07 0.992562
   149   1       2325        967 11.000  29.000 237.5 90.000     2311      962     2341      974     30     12      2311       962      2340       962      2340       973      2311       973      2286       937      2366       999 PARcau 3.223291e-03 1.691046e-05 0.996760
   149   0       2336       2118 10.595  27.987 213.0 18.435     2323     2113     2351     2126     28     13      2325      2109      2351      2118      2348      2128      2321      2119      2298      2088      2376      2151 PARcau 1.964855e-04 1.486476e-07 0.999803