 Frame  ID  CentroidX  CentroidY  Width  Length  Area  Angle  Box_TLX  Box_TLY  Box_BRX  Box_BRY  Box_W  Box_H  rBox_TLX  rBox_TLY  rBox_TRX  rBox_TRY  rBox_BRX  rBox_BRY  rBox_BLX  rBox_BLY  lBox_TLX  lBox_TLY  lBox_BRX  lBox_BRY  Label       HOMver       NONpro   PARcau
    21   0       5085       1739  9.487  23.537 164.0 14.036     5081     1728     5092     1752     11     24      5083      1726      5092      1729      5087      1752      5078      1749      5056      1703      5117      1777 PARcau 5.099962e-03 2.404156e-02 0.970859
    21   1       3693       1161  6.964  19.609  93.0 18.435     3689     1152     3699     1172     10     20      3693      1150      3700      1153      3693      1171      3687      1169      3664      1127      3724      1197 PARcau 4.054594e-02 2.140527e-01 0.745401
    22   1       3692       1164  6.325  19.925  96.5 18.435     3688     1155     3699     1175     11     20      3692      1153      3698      1155      3692      1174      3686      1172      3663      1130      3724      1200 PARcau 8.986626e-04 2.157887e-01 0.783313
    22   0       5084       1744  8.860  23.162 156.0 14.036     5080     1734     5091     1758     11     24      5082      1732      5091      1735      5085      1757      5077      1755      5055      1709      5116      1783 PARcau 8.774499e-03 6.769866e-03 0.984456
    23   1       3691       1166  7.280  18.974 100.0 18.435     3687     1157     3698     1177     11     20      3691      1156      3698      1158      3692      1176      3685      1174      3662      1132      3723      1202 PARcau 4.223380e-04 9.604031e-01 0.039175
    23   0       5083       1751  9.000  23.000 155.0 90.000     5079     1741     5089     1765     10     24      5079      1741      5088      1741      5088      1764      5079      1764      5054      1716      5114      1790 PARcau 1.611346e-01 1.024743e-01 0.736391
    24   1       3690       1169  7.280  18.974  93.0 18.435     3686     1160     3697     1180     11     20      3690      1159      3697      1161      3691      1179      3684      1177      3661      1135      3722      1205 PARcau 1.178287e-04 9.014664e-01 0.098416
    24   0       5082       1757  9.000  22.000 145.5 90.000     5078     1747     5088     1770     10     23      5078      1747      5087      1747      5087      1769      5078      1769      5053      1722      5113      1795 PARcau 3.124417e-07 3.272313e-05 0.999967
    25   1       3690       1172  6.708  19.313  94.5 21.801     3685     1163     3696     1182     11     19      3683      1179      3690      1161      3696      1164      3689      1182      3660      1138      3721      1207 PARcau 3.925414e-03 8.340674e-02 0.912668
    25   0       5080       1763  8.382  23.880 146.5 18.435     5076     1753     5087     1777     11     24      5080      1751      5088      1754      5080      1776      5072      1774      5051      1728      5112      1802 PARcau 2.120641e-07 2.757951e-07 1.000000
    26   1       3689       1174  7.280  18.974  89.5 18.435     3685     1165     3695     1184     10     19      3688      1164      3695      1166      3689      1184      3682      1182      3660      1140      3720      1209 PARcau 4.881507e-03 8.624713e-01 0.132647
    26   0       5079       1769  9.124  24.026 155.5 11.310     5075     1759     5086     1783     11     24      5077      1757      5086      1759      5081      1782      5072      1781      5050      1734      5111      1808 PARcau 7.476124e-05 2.188861e-04 0.999706
    27   1       3688       1176  6.325  19.925  92.5 18.435     3684     1168     3694     1187     10     19      3688      1166      3694      1168      3688      1187      3682      1185      3659      1143      3719      1212 PARcau 1.832167e-02 4.824296e-01 0.499249
    27   0       5078       1776  9.000  23.000 157.0 90.000     5074     1765     5084     1789     10     24      5074      1765      5083      1765      5083      1788      5074      1788      5049      1740      5109      1814 PARcau 1.245257e-03 1.821491e-02 0.980540
    28   1       3687       1179  6.325  18.974  85.5 18.435     3683     1171     3693     1189     10     18      3687      1169      3693      1171      3687      1189      3681      1187      3658      1146      3718      1214 PARcau 5.707910e-03 7.527314e-01 0.241561
    28   0       5077       1782  9.055  23.195 160.5  8.130     5072     1771     5083     1795     11     24      5074      1770      5083      1771      5080      1794      5071      1793      5047      1746      5108      1820 PARcau 3.358862e-03 3.791786e-02 0.958723
    29   1       3686       1182  6.964  18.344  92.0 18.435     3682     1173     3692     1192     10     19      3686      1172      3692      1174      3687      1192      3680      1189      3657      1148      3717      1217 PARcau 7.788647e-04 4.387301e-02 0.955348
    29   0       5076       1788  9.055  23.087 157.5  6.340     5071     1777     5082     1801     11     24      5072      1776      5081      1777      5079      1800      5070      1799      5046      1752      5107      1826 PARcau 1.415376e-04 1.228074e-02 0.987578
    30   1       3685       1184  7.280  18.974  91.5 18.435     3681     1175     3691     1194     10     19      3685      1174      3692      1176      3686      1194      3679      1192      3656      1150      3716      1219 PARcau 2.168856e-03 3.037473e-02 0.967456
    30   0       5075       1794  9.000  23.000 153.0  0.000     5071     1783     5081     1807     10     24      5071      1783      5080      1783      5080      1806      5071      1806      5046      1758      5106      1832 PARcau 3.695386e-05 2.427313e-03 0.997536
    31   1       3685       1187  6.801  18.822  92.0 16.699     3681     1178     3691     1198     10     20      3685      1177      3691      1179      3686      1197      3679      1195      3656      1153      3716      1223 PARcau 8.032355e-04 1.111143e-04 0.999086
    31   0       5074       1800  9.055  23.087 163.0  5.711     5069     1790     5080     1814     11     24      5070      1789      5079      1790      5077      1813      5068      1812      5044      1765      5105      1839 PARcau 1.443840e-04 8.535422e-03 0.991320
    32   1       3684       1189  8.246  18.682  90.5 15.945     3680     1180     3690     1200     10     20      3683      1179      3691      1181      3686      1199      3678      1197      3655      1155      3715      1225 PARcau 5.483998e-03 5.680690e-02 0.937709
    32   0       5073       1807  9.055  23.087 158.0  4.399     5068     1796     5079     1820     11     24      5069      1795      5078      1796      5076      1819      5067      1818      5043      1771      5104      1845 PARcau 4.815566e-05 1.888242e-03 0.998064
    33   1       3684       1192  7.159  18.742  93.5 11.310     3680     1183     3689     1202      9     19      3682      1182      3689      1183      3686      1202      3679      1200      3655      1158      3714      1227 PARcau 4.368052e-02 5.962713e-02 0.896692
    33   0       5072       1813  9.000  23.000 158.0 90.000     5068     1802     5078     1826     10     24      5068      1802      5077      1802      5077      1825      5068      1825      5043      1777      5103      1851 PARcau 3.462028e-05 5.236305e-04 0.999442
    34   1       3683       1194  7.566  19.164  95.5  8.130     3679     1185     3688     1205      9     20      3680      1184      3688      1185      3685      1204      3678      1203      3654      1160      3713      1230 PARcau 4.324602e-04 9.010611e-01 0.098506
    34   0       5071       1819  9.055  23.345 157.0  9.462     5067     1808     5078     1832     11     24      5068      1807      5077      1808      5073      1831      5064      1830      5042      1783      5103      1857 PARcau 8.268028e-06 9.782902e-04 0.999013
    35   1       3682       1197  7.071  17.117  91.0  8.130     3679     1188     3688     1206      9     18      3680      1187      3687      1188      3685      1205      3678      1204      3654      1163      3713      1231 PARcau 1.829021e-03 8.662726e-01 0.131898
    35   0       5070       1825  9.220  24.515 164.5 11.310     5066     1815     5077     1839     11     24      5068      1813      5077      1815      5072      1839      5063      1837      5041      1790      5102      1864 PARcau 9.660324e-03 1.003769e-02 0.980302
    36   1       3682       1199  7.071  19.235  98.5  9.462     3678     1190     3687     1210      9     20      3680      1189      3687      1190      3684      1209      3677      1208      3653      1165      3712      1235 PARcau 1.684140e-04 9.001898e-01 0.099642
    36   0       5069       1831  9.618  23.759 160.0  9.462     5065     1821     5076     1845     11     24      5066      1819      5075      1821      5072      1844      5062      1843      5040      1796      5101      1870 PARcau 9.494090e-05 1.704130e-02 0.982864
    37   1       3682       1202  7.000  19.000  93.5 90.000     3679     1192     3687     1212      8     20      3679      1192      3686      1192      3686      1211      3679      1211      3654      1167      3712      1237 PARcau 1.361184e-02 9.477322e-02 0.891615
    37   0       5068       1837  9.055  23.195 151.0  7.125     5064     1827     5075     1851     11     24      5065      1826      5074      1827      5071      1850      5062      1849      5039      1802      5100      1876 PARcau 2.989525e-03 1.806671e-03 0.995204
    38   1       3682       1205  7.000  19.000  89.0 90.000     3679     1195     3687     1215      8     20      3679      1195      3686      1195      3686      1214      3679      1214      3654      1170      3712      1240 PARcau 5.817582e-03 2.154414e-01 0.778741
    38   0       5067       1843  8.139  23.838 147.0 11.310     5064     1833     5074     1857     10     24      5065      1831      5073      1833      5069      1856      5061      1855      5039      1808      5099      1882 PARcau 3.495051e-01 1.350139e-01 0.515481
    39   1       3681       1207  7.000  18.000  90.5 90.000     3678     1198     3686     1217      8     19      3678      1198      3685      1198      3685      1216      3678      1216      3653      1173      3711      1242 PARcau 9.752001e-04 4.252715e-01 0.573753
    39   0       5066       1850  8.559  23.436 147.5 11.310     5062     1839     5073     1863     11     24      5064      1838      5073      1839      5068      1862      5060      1861      5037      1814      5098      1888 PARcau 2.262735e-01 1.329533e-01 0.640773
    40   1       3681       1210  6.576  19.164  84.0  8.130     3678     1200     3686     1220      8     20      3679      1199      3686      1200      3683      1219      3677      1218      3653      1175      3711      1245 PARcau 1.017801e-02 1.606889e-01 0.829133
    40   0       5065       1856  8.631  22.946 143.5 11.310     5062     1846     5072     1869     10     23      5063      1844      5071      1846      5067      1868      5058      1867      5037      1821      5097      1894 PARcau 1.690949e-01 1.963487e-01 0.634556
    41   1       3681       1212  6.000  18.000  89.0 90.000     3678     1203     3685     1222      7     19      3678      1203      3684      1203      3684      1221      3678      1221      3653      1178      3710      1247 PARcau 4.337741e-05 9.939100e-01 0.006047
    41   0       5064       1862  9.000  23.000 151.5 90.000     5061     1852     5071     1876     10     24      5061      1852      5070      1852      5070      1875      5061      1875      5036      1827      5096      1901 PARcau 1.302350e-02 4.269364e-02 0.944283
    42   1       3681       1215  6.000  19.000  86.5 90.000     3678     1205     3685     1225      7     20      3678      1205      3684      1205      3684      1224      3678      1224      3653      1180      3710      1250 PARcau 1.269147e-03 8.051038e-01 0.193627
    42   0       5063       1868  8.062  23.345 148.0  9.462     5060     1858     5070     1882     10     24      5061      1857      5069      1858      5065      1881      5057      1880      5035      1833      5095      1907 PARcau 1.422618e-02 2.471155e-02 0.961062
    43   1       3681       1217  6.000  19.000  99.5 90.000     3678     1208     3685     1228      7     20      3678      1208      3684      1208      3684      1227      3678      1227      3653      1183      3710      1253 PARcau 1.541991e-04 1.130531e-01 0.886793
    43   0       5062       1874  9.487  22.561 148.0 14.036     5058     1864     5069     1887     11     23      5060      1862      5069      1865      5064      1887      5055      1884      5033      1839      5094      1912 PARcau 1.565080e-03 6.570980e-02 0.932725
    44   1       3681       1221  6.000  19.000  84.0 90.000     3678     1211     3685     1231      7     20      3678      1211      3684      1211      3684      1230      3678      1230      3653      1186      3710      1256 PARcau 2.213615e-03 3.359773e-01 0.661809
    44   0       5061       1880  8.631  22.946 143.0 11.310     5058     1870     5068     1894     10     24      5059      1869      5067      1870      5063      1893      5054      1891      5033      1845      5093      1919 PARcau 4.076499e-02 1.856238e-01 0.773611
    45   1       3680       1223  6.000  19.000  90.5 90.000     3678     1214     3685     1234      7     20      3678      1214      3684      1214      3684      1233      3678      1233      3653      1189      3710      1259 PARcau 1.020822e-02 5.137963e-01 0.475996
    45   0       5060       1887  8.062  22.091 138.5  5.711     5056     1877     5066     1900     10     23      5057      1876      5065      1877      5063      1899      5055      1898      5031      1852      5091      1925 PARcau 1.962649e-02 6.983233e-03 0.973390
    46   1       3680       1226  6.000  20.000  89.5 90.000     3678     1216     3685     1237      7     21      3678      1216      3684      1216      3684      1236      3678      1236      3653      1191      3710      1262 PARcau 2.120331e-02 5.323970e-01 0.446400
    46   0       5059       1893  8.246  21.587 144.5 12.529     5055     1883     5065     1906     10     23      5057      1882      5065      1884      5060      1905      5052      1903      5030      1858      5090      1931 PARcau 3.374059e-02 1.019850e-03 0.965240
    47   1       3680       1228  6.000  19.000  96.0 90.000     3678     1219     3685     1239      7     20      3678      1219      3684      1219      3684      1238      3678      1238      3653      1194      3710      1264 PARcau 3.731219e-04 8.344657e-02 0.916180
    47   0       5058       1899  9.000  22.000 140.0 90.000     5054     1889     5064     1912     10     23      5054      1889      5063      1889      5063      1911      5054      1911      5029      1864      5089      1937 PARcau 9.951506e-03 3.518555e-03 0.986530
    48   1       3680       1230  6.000  20.000  92.0 90.000     3678     1221     3685     1242      7     21      3678      1221      3684      1221      3684      1241      3678      1241      3653      1196      3710      1267 PARcau 2.042375e-02 4.151288e-01 0.564447
    48   0       5057       1905  8.559  23.265 141.0  9.462     5053     1895     5063     1919     10     24      5054      1894      5063      1895      5059      1918      5051      1917      5028      1870      5088      1944 PARcau 1.038523e-02 5.858050e-03 0.983757
    49   1       3680       1233  6.576  20.056  95.5  3.814     3677     1224     3685     1245      8     21      3677      1223      3684      1224      3682      1244      3676      1243      3652      1199      3710      1270 PARcau 7.406606e-03 5.723960e-01 0.420197
    49   0       5056       1912  8.732  22.677 148.5 14.036     5052     1901     5062     1925     10     24      5054      1900      5063      1902      5057      1924      5049      1922      5027      1876      5087      1950 PARcau 1.830395e-03 1.027106e-01 0.895459
    50   1       3680       1236  6.576  19.059  94.0  4.086     3677     1227     3685     1247      8     20      3677      1226      3684      1227      3682      1246      3676      1245      3652      1202      3710      1272 PARcau 1.911902e-03 2.375882e-01 0.760500
    50   0       5055       1918  8.062  21.095 136.0  6.340     5051     1908     5061     1930     10     22      5052      1907      5060      1908      5058      1929      5050      1928      5026      1883      5086      1955 PARcau 1.034759e-04 9.527235e-04 0.998944
    51   1       3680       1239  6.000  20.000  97.5  0.000     3677     1229     3684     1250      7     21      3677      1229      3683      1229      3683      1249      3677      1249      3652      1204      3709      1275 PARcau 5.338797e-04 9.582987e-01 0.041167
    51   0       5054       1924  8.000  22.000 133.5 90.000     5051     1914     5060     1937      9     23      5051      1914      5059      1914      5059      1936      5051      1936      5026      1889      5085      1962 PARcau 9.267024e-03 4.739087e-01 0.516824
    52   1       3680       1242  6.000  20.000  85.5  0.000     3677     1232     3684     1253      7     21      3677      1232      3683      1232      3683      1252      3677      1252      3652      1207      3709      1278 PARcau 2.358673e-04 2.298280e-01 0.769936
    52   0       5053       1930  8.062  22.091 138.5  4.764     5049     1920     5059     1943     10     23      5050      1919      5058      1920      5056      1942      5048      1941      5024      1895      5084      1968 PARcau 5.653574e-03 3.092153e-03 0.991254
    53   1       3679       1245  6.000  20.000  94.5 90.000     3677     1235     3684     1256      7     21      3677      1235      3683      1235      3683      1255      3677      1255      3652      1210      3709      1281 PARcau 2.906930e-03 4.378769e-01 0.559216
    53   0       5052       1936  8.559  22.277 138.5  9.462     5049     1926     5059     1949     10     23      5050      1925      5058      1926      5055      1948      5046      1947      5024      1901      5084      1974 PARcau 1.675059e-03 2.999744e-03 0.995325
    54   1       3679       1247  6.576  20.156  94.5  6.340     3676     1237     3684     1258      8     21      3677      1236      3684      1237      3681      1257      3675      1256      3651      1212      3709      1283 PARcau 1.010895e-02 8.803117e-01 0.109579
    54   0       5051       1942  8.062  22.091 139.5  5.194     5047     1932     5057     1955     10     23      5048      1931      5056      1932      5054      1954      5046      1953      5022      1907      5082      1980 PARcau 7.299849e-03 4.985380e-02 0.942846
    55   1       3679       1250  6.576  20.056  96.0  4.764     3676     1240     3684     1261      8     21      3676      1239      3683      1240      3681      1260      3675      1259      3651      1215      3709      1286 PARcau 9.090480e-04 4.698242e-01 0.529267
    55   0       5050       1949  8.631  22.946 136.5 11.310     5047     1939     5057     1962     10     23      5048      1937      5057      1939      5052      1961      5044      1960      5022      1914      5082      1987 PARcau 4.265688e-02 2.590449e-02 0.931439
    56   1       3679       1252  6.576  19.320  88.0 10.305     3676     1243     3684     1263      8     20      3677      1242      3684      1243      3680      1262      3674      1261      3651      1218      3709      1288 PARcau 6.009344e-03 7.217977e-01 0.272193
    56   0       5050       1954  8.631  22.946 143.5 11.310     5046     1945     5056     1968     10     23      5047      1943      5056      1945      5051      1967      5043      1966      5021      1920      5081      1993 PARcau 5.186018e-03 3.739130e-03 0.991075
    57   1       3678       1255  7.071  19.235  97.5  8.746     3675     1246     3684     1266      9     20      3676      1245      3683      1246      3680      1265      3673      1264      3650      1221      3709      1291 PARcau 3.313391e-04 6.817092e-01 0.317959
    57   0       5049       1960  9.000  22.000 143.5  0.000     5045     1950     5055     1973     10     23      5045      1950      5054      1950      5054      1972      5045      1972      5020      1925      5080      1998 PARcau 1.568922e-03 7.854599e-04 0.997646
    58   1       3678       1258  6.576  20.156  88.0  7.125     3675     1248     3683     1269      8     21      3676      1247      3682      1248      3680      1268      3673      1267      3650      1223      3708      1294 PARcau 4.609636e-04 8.906113e-01 0.108928
    58   0       5048       1967  8.062  23.087 139.0  4.764     5044     1956     5054     1980     10     24      5045      1955      5053      1956      5051      1979      5043      1978      5019      1931      5079      2005 PARcau 4.354059e-04 1.129714e-04 0.999452
    59   1       3677       1260  6.083  19.235  90.0  9.462     3674     1251     3683     1271      9     20      3676      1250      3682      1251      3679      1270      3673      1269      3649      1226      3708      1296 PARcau 1.611975e-03 7.623599e-01 0.236028
    59   0       5047       1973  8.631  22.946 145.0 11.310     5044     1963     5054     1986     10     23      5045      1961      5054      1963      5049      1985      5041      1984      5019      1938      5079      2011 PARcau 9.913242e-04 1.029879e-02 0.988710
    60   1       3677       1264  6.964  19.609  93.0 18.435     3673     1254     3682     1274      9     20      3677      1253      3683      1255      3677      1274      3670      1271      3648      1229      3707      1299 PARcau 2.804134e-03 9.260727e-01 0.071123
    60   0       5047       1979  8.246  23.770 138.5 14.036     5043     1969     5053     1993     10     24      5045      1967      5053      1969      5047      1992      5039      1990      5018      1944      5078      2018 PARcau 2.036960e-03 2.964972e-03 0.994998
    61   1       3676       1265  6.083  19.416  87.0 11.310     3673     1256     3681     1276      8     20      3675      1255      3681      1256      3677      1275      3671      1274      3648      1231      3706      1301 PARcau 1.335050e-04 5.708424e-02 0.942782
    61   0       5046       1985  9.000  23.000 140.0 90.000     5042     1975     5052     1999     10     24      5042      1975      5051      1975      5051      1998      5042      1998      5017      1950      5077      2024 PARcau 2.789762e-03 8.988295e-02 0.907327
    62   1       3675       1269  6.576  19.526  82.0 14.036     3672     1259     3681     1279      9     20      3674      1258      3681      1259      3676      1278      3670      1277      3647      1234      3706      1304 PARcau 2.427413e-03 1.757124e-01 0.821860
    62   0       5045       1991  9.000  22.000 140.0 90.000     5041     1981     5051     2004     10     23      5041      1981      5050      1981      5050      2003      5041      2003      5016      1956      5076      2029 PARcau 4.839414e-04 1.857248e-02 0.980944
    63   1       3675       1272  6.671  20.012  92.0 14.036     3671     1262     3680     1282      9     20      3674      1261      3680      1262      3676      1282      3669      1280      3646      1237      3705      1307 PARcau 7.644651e-04 5.757153e-01 0.423520
    63   0       5044       1997  8.000  22.000 135.0  0.000     5041     1987     5050     2010      9     23      5041      1987      5049      1987      5049      2009      5041      2009      5016      1962      5075      2035 PARcau 8.007458e-03 2.174886e-02 0.970244
    64   1       3674       1274  7.280  18.682  90.0 16.699     3670     1265     3680     1284     10     19      3673      1264      3680      1266      3675      1284      3668      1282      3645      1240      3705      1309 PARcau 2.308029e-03 6.688780e-02 0.930804
    64   0       5043       2004  8.000  22.000 135.0 90.000     5040     1994     5049     2017      9     23      5040      1994      5048      1994      5048      2016      5040      2016      5015      1969      5074      2042 PARcau 1.164327e-02 2.390247e-01 0.749332
    65   1       3673       1277  7.616  18.974  91.5 18.435     3669     1268     3679     1287     10     19      3673      1266      3680      1269      3674      1287      3667      1284      3644      1243      3704      1312 PARcau 1.730532e-03 9.598963e-03 0.988670
    65   0       5042       2010  8.000  21.000 135.5 90.000     5039     2000     5048     2022      9     22      5039      2000      5047      2000      5047      2021      5039      2021      5014      1975      5073      2047 PARcau 2.774141e-03 8.515870e-02 0.912067
    66   1       3672       1279  7.616  19.698  90.0 23.199     3668     1270     3678     1289     10     19      3665      1286      3673      1268      3680      1271      3672      1289      3643      1245      3703      1314 PARcau 5.179379e-03 2.718128e-01 0.723008
    66   0       5041       2016  8.000  23.000 137.0 90.000     5038     2006     5047     2030      9     24      5038      2006      5046      2006      5046      2029      5038      2029      5013      1981      5072      2055 PARcau 1.302108e-02 2.541258e-02 0.961566
    67   1       3671       1282  7.616  18.974  91.0 18.435     3667     1273     3677     1292     10     19      3671      1271      3678      1274      3672      1292      3665      1289      3642      1248      3702      1317 PARcau 3.718138e-03 1.158807e-02 0.984694
    67   0       5041       2022  9.055  22.204 143.5  8.130     5037     2012     5047     2035     10     23      5037      2011      5046      2012      5043      2034      5034      2033      5012      1987      5072      2060 PARcau 3.019128e-03 1.096573e-01 0.887324
    68   1       3671       1284  7.159  17.951  83.5 12.529     3667     1276     3676     1294      9     18      3669      1274      3676      1276      3672      1293      3665      1292      3642      1251      3701      1319 PARcau 8.352447e-04 3.447050e-02 0.964694
    68   0       5040       2028  9.055  22.361 136.0  9.462     5036     2018     5046     2041     10     23      5037      2017      5046      2018      5042      2040      5033      2039      5011      1993      5071      2066 PARcau 1.062938e-03 3.475653e-03 0.995461
    69   1       3670       1287  6.500  18.848  92.0 21.801     3665     1278     3676     1297     11     19      3663      1294      3670      1277      3676      1279      3669      1297      3640      1253      3701      1322 PARcau 4.170605e-03 7.448490e-01 0.250980
    69   0       5039       2034  8.000  23.000 140.5 90.000     5036     2024     5045     2048      9     24      5036      2024      5044      2024      5044      2047      5036      2047      5011      1999      5070      2073 PARcau 2.204431e-03 1.274704e-02 0.985048
    70   1       3669       1290  6.708  19.313  89.5 21.801     3665     1281     3675     1300     10     19      3663      1297      3670      1279      3676      1282      3669      1300      3640      1256      3700      1325 PARcau 3.495787e-03 6.651047e-04 0.995839
    70   0       5038       2041  9.000  22.000 144.5 90.000     5034     2031     5044     2054     10     23      5034      2031      5043      2031      5043      2053      5034      2053      5009      2006      5069      2079 PARcau 8.447036e-04 7.102669e-02 0.928129
    71   1       3668       1292  6.500  18.848  88.5 21.801     3664     1283     3674     1302     10     19      3662      1299      3669      1282      3675      1284      3668      1302      3639      1258      3699      1327 PARcau 2.475234e-04 6.684333e-04 0.999084
    71   0       5037       2046  8.000  21.000 136.0 90.000     5034     2037     5043     2059      9     22      5034      2037      5042      2037      5042      2058      5034      2058      5009      2012      5068      2084 PARcau 1.655154e-04 6.871119e-03 0.992963
    72   1       3667       1295  6.185  18.200  84.0 16.699     3663     1286     3673     1305     10     19      3667      1285      3673      1287      3668      1304      3662      1303      3638      1261      3698      1330 PARcau 7.656266e-04 7.403739e-01 0.258860
    72   0       5036       2053  8.000  22.000 138.0 90.000     5033     2043     5042     2066      9     23      5033      2043      5041      2043      5041      2065      5033      2065      5008      2018      5067      2091 PARcau 2.843301e-03 6.630975e-02 0.930847
    73   1       3666       1297  7.433  19.449  93.5 18.435     3662     1288     3672     1308     10     20      3666      1287      3673      1289      3667      1308      3660      1305      3637      1263      3697      1333 PARcau 1.045809e-04 9.133266e-01 0.086569
    73   0       5036       2059  8.631  22.946 145.0 11.310     5032     2048     5042     2072     10     24      5033      2047      5042      2049      5037      2071      5029      2070      5007      2023      5067      2097 PARcau 1.723398e-03 5.283914e-03 0.992993
    74   1       3665       1300  6.325  18.974  86.0 18.435     3661     1291     3672     1310     11     19      3666      1290      3672      1292      3666      1310      3660      1308      3636      1266      3697      1335 PARcau 7.988097e-05 9.146529e-01 0.085267
    74   0       5035       2065  8.559  22.277 136.5  9.462     5031     2055     5041     2078     10     23      5032      2054      5041      2055      5037      2077      5029      2076      5006      2030      5066      2103 PARcau 4.622070e-03 7.946983e-02 0.915908
    75   1       3665       1303  6.185  18.927  88.0 14.036     3661     1294     3670     1313      9     19      3664      1293      3670      1294      3666      1313      3660      1311      3636      1269      3695      1338 PARcau 1.573387e-02 4.195296e-02 0.942313
    75   0       5034       2071  8.000  22.000 139.0 90.000     5031     2061     5040     2084      9     23      5031      2061      5039      2061      5039      2083      5031      2083      5006      2036      5065      2109 PARcau 1.132704e-03 1.387021e-02 0.984997
    76   1       3664       1305  6.325  17.720  80.0 15.945     3660     1296     3670     1314     10     18      3664      1295      3670      1297      3665      1314      3659      1312      3635      1271      3695      1339 PARcau 2.200741e-03 1.218260e-01 0.875973
    76   0       5033       2077  8.000  22.000 134.0 90.000     5030     2067     5039     2090      9     23      5030      2067      5038      2067      5038      2089      5030      2089      5005      2042      5064      2115 PARcau 1.465202e-02 2.648281e-02 0.958865
    77   1       3664       1307  6.801  18.822  81.5 15.945     3660     1298     3669     1317      9     19      3663      1297      3670      1299      3664      1317      3658      1315      3635      1273      3694      1342 PARcau 9.042682e-05 6.516586e-01 0.348251
    77   0       5033       2083  9.000  21.000 135.0 90.000     5029     2074     5039     2096     10     22      5029      2074      5038      2074      5038      2095      5029      2095      5004      2049      5064      2121 PARcau 1.553375e-03 1.829323e-03 0.996617
    78   1       3663       1310  6.083  18.439  83.0 11.310     3659     1301     3668     1320      9     19      3662      1300      3668      1301      3664      1319      3658      1318      3634      1276      3693      1345 PARcau 2.538955e-03 1.022825e-01 0.895179
    78   0       5032       2089  8.062  22.091 139.0  5.194     5028     2079     5038     2102     10     23      5029      2078      5037      2079      5035      2101      5027      2100      5003      2054      5063      2127 PARcau 2.974797e-03 4.096635e-03 0.992929
    79   1       3662       1312  6.083  17.263  80.0  9.462     3659     1304     3667     1322      8     18      3661      1303      3667      1304      3664      1321      3658      1320      3634      1279      3692      1347 PARcau 9.195657e-03 3.266121e-01 0.664192
    79   0       5031       2096  8.139  21.869 136.0 11.310     5028     2086     5038     2108     10     22      5029      2084      5037      2086      5033      2107      5025      2106      5003      2061      5063      2133 PARcau 4.051943e-03 3.726447e-01 0.623303
    80   1       3662       1314  6.083  18.111  80.5  8.130     3659     1306     3667     1325      8     19      3660      1305      3666      1306      3664      1324      3658      1323      3634      1281      3692      1350 PARcau 5.844727e-04 9.077307e-01 0.091685
    80   0       5031       2101  9.000  22.000 139.0 90.000     5027     2092     5037     2115     10     23      5027      2092      5036      2092      5036      2114      5027      2114      5002      2067      5062      2140 PARcau 8.608537e-03 1.285109e-03 0.990106
    81   1       3662       1317  6.083  18.111  81.5  7.125     3659     1308     3667     1327      8     19      3660      1307      3666      1308      3664      1326      3658      1325      3634      1283      3692      1352 PARcau 9.337001e-03 2.948787e-02 0.961175
    81   0       5030       2108  8.000  22.000 140.5 90.000     5027     2098     5036     2121      9     23      5027      2098      5035      2098      5035      2120      5027      2120      5002      2073      5061      2146 PARcau 7.620876e-04 2.184123e-03 0.997054
    82   1       3662       1320  6.000  19.000  75.0  0.000     3659     1310     3666     1330      7     20      3659      1310      3665      1310      3665      1329      3659      1329      3634      1285      3691      1355 PARcau 9.208854e-04 6.065794e-01 0.392500
    82   0       5030       2114  9.000  22.000 141.5 90.000     5026     2104     5036     2127     10     23      5026      2104      5035      2104      5035      2126      5026      2126      5001      2079      5061      2152 PARcau 5.030259e-03 2.353806e-02 0.971432
    83   1       3661       1323  7.000  18.000  86.5 90.000     3658     1313     3666     1332      8     19      3658      1313      3665      1313      3665      1331      3658      1331      3633      1288      3691      1357 PARcau 5.727396e-04 8.978760e-01 0.101551
    83   0       5029       2120  8.000  22.000 141.0 90.000     5026     2110     5035     2133      9     23      5026      2110      5034      2110      5034      2132      5026      2132      5001      2085      5060      2158 PARcau 5.776281e-03 6.282870e-02 0.931395
    84   1       3661       1325  7.000  19.000  83.0  0.000     3658     1315     3666     1335      8     20      3658      1315      3665      1315      3665      1334      3658      1334      3633      1290      3691      1360 PARcau 1.188820e-02 6.097462e-02 0.927137
    84   0       5029       2126  8.559  22.142 138.0  6.340     5025     2116     5035     2139     10     23      5025      2115      5034      2116      5031      2138      5023      2137      5000      2091      5060      2164 PARcau 1.535899e-02 1.137593e-01 0.870882
    85   1       3661       1328  5.000  19.000  80.0 90.000     3659     1318     3665     1338      6     20      3659      1318      3664      1318      3664      1337      3659      1337      3634      1293      3690      1363 PARcau 1.414965e-03 2.564206e-01 0.742164
    85   0       5028       2132  9.000  22.000 141.0 90.000     5024     2122     5034     2145     10     23      5024      2122      5033      2122      5033      2144      5024      2144      4999      2097      5059      2170 PARcau 2.467944e-03 5.217841e-02 0.945354
    86   1       3661       1330  6.000  19.000  89.0 90.000     3659     1321     3666     1341      7     20      3659      1321      3665      1321      3665      1340      3659      1340      3634      1296      3691      1366 PARcau 2.420170e-04 8.613992e-01 0.138359
    86   0       5028       2138  8.000  22.000 130.5 90.000     5024     2128     5033     2151      9     23      5024      2128      5032      2128      5032      2150      5024      2150      4999      2103      5058      2176 PARcau 1.998010e-03 3.119908e-02 0.966803
    87   1       3661       1332  6.000  19.000  83.0 90.000     3659     1323     3666     1343      7     20      3659      1323      3665      1323      3665      1342      3659      1342      3634      1298      3691      1368 PARcau 6.890245e-04 2.346643e-01 0.764647
    87   0       5027       2144  9.000  22.000 142.5 90.000     5023     2134     5033     2157     10     23      5023      2134      5032      2134      5032      2156      5023      2156      4998      2109      5058      2182 PARcau 9.346622e-03 3.232598e-01 0.667394
    88   1       3661       1335  6.000  19.000  84.0  0.000     3659     1325     3666     1345      7     20      3659      1325      3665      1325      3665      1344      3659      1344      3634      1300      3691      1370 PARcau 9.519744e-04 5.488911e-01 0.450157
    88   0       5026       2150  8.000  21.000 134.5 90.000     5023     2141     5032     2163      9     22      5023      2141      5031      2141      5031      2162      5023      2162      4998      2116      5057      2188 PARcau 1.456777e-02 2.171927e-01 0.768239
    89   1       3661       1337  6.000  18.000  81.0 90.000     3659     1328     3666     1347      7     19      3659      1328      3665      1328      3665      1346      3659      1346      3634      1303      3691      1372 PARcau 3.667233e-03 4.698687e-01 0.526464
    89   0       5025       2156  8.000  22.000 135.0 90.000     5022     2147     5031     2170      9     23      5022      2147      5030      2147      5030      2169      5022      2169      4997      2122      5056      2195 PARcau 4.440146e-03 4.753616e-02 0.948024
    90   1       3661       1340  6.000  20.000  91.0 90.000     3659     1330     3666     1351      7     21      3659      1330      3665      1330      3665      1350      3659      1350      3634      1305      3691      1376 PARcau 5.548812e-03 7.054906e-01 0.288961
    90   0       5025       2162  9.000  23.000 140.0 -0.000     5021     2152     5031     2176     10     24      5021      2152      5030      2152      5030      2175      5021      2175      4996      2127      5056      2201 PARcau 2.679993e-02 5.955374e-03 0.967245
    91   1       3662       1342  6.000  20.000  83.5  0.000     3659     1332     3666     1353      7     21      3659      1332      3665      1332      3665      1352      3659      1352      3634      1307      3691      1378 PARcau 5.566996e-03 7.608533e-02 0.918348
    91   0       5024       2168  9.000  22.000 137.5 90.000     5020     2159     5030     2182     10     23      5020      2159      5029      2159      5029      2181      5020      2181      4995      2134      5055      2207 PARcau 8.125178e-03 1.050471e-02 0.981370
    92   1       3662       1346  7.000  20.000  78.0 90.000     3659     1335     3667     1356      8     21      3659      1335      3666      1335      3666      1355      3659      1355      3634      1310      3692      1381 PARcau 2.517333e-03 2.023192e-01 0.795163
    92   0       5023       2174  8.559  22.277 136.5  9.462     5020     2164     5030     2187     10     23      5021      2163      5029      2164      5026      2186      5017      2185      4995      2139      5055      2212 PARcau 1.425069e-01 3.732226e-01 0.484270
    93   1       3662       1349  6.000  20.000  80.0 90.000     3660     1338     3667     1359      7     21      3660      1338      3666      1338      3666      1358      3660      1358      3635      1313      3692      1384 PARcau 1.885023e-03 1.117245e-01 0.886390
    93   0       5023       2180  9.220  21.378 138.0 11.310     5019     2170     5029     2193     10     23      5020      2169      5029      2171      5025      2192      5016      2190      4994      2145      5054      2218 PARcau 4.712141e-04 4.119012e-03 0.995410
    94   1       3662       1351  6.576  20.156  79.5 82.875     3659     1340     3667     1361      8     21      3657      1340      3664      1339      3666      1359      3660      1360      3634      1315      3692      1386 PARcau 1.905224e-03 1.370471e-01 0.861048
    94   0       5022       2185  9.000  22.000 137.0 90.000     5018     2176     5028     2199     10     23      5018      2176      5027      2176      5027      2198      5018      2198      4993      2151      5053      2224 PARcau 3.018340e-02 7.488623e-02 0.894930
    95   1       3662       1353  6.000  17.000  83.5 90.000     3660     1345     3667     1363      7     18      3660      1345      3666      1345      3666      1362      3660      1362      3635      1320      3692      1388 PARcau 4.321684e-03 7.181627e-01 0.277516
    95   0       5021       2192  8.000  22.000 144.5 90.000     5018     2182     5027     2205      9     23      5018      2182      5026      2182      5026      2204      5018      2204      4993      2157      5052      2230 PARcau 6.985738e-04 6.171672e-03 0.993130
    96   1       3663       1356  6.000  21.000  90.5  0.000     3660     1345     3667     1367      7     22      3660      1345      3666      1345      3666      1366      3660      1366      3635      1320      3692      1392 PARcau 5.188076e-04 2.429265e-01 0.756555
    96   0       5021       2198  9.000  22.000 139.5 90.000     5017     2188     5027     2211     10     23      5017      2188      5026      2188      5026      2210      5017      2210      4992      2163      5052      2236 PARcau 1.814353e-03 1.058305e-01 0.892355
    97   1       3663       1358  6.000  19.000  89.5 90.000     3660     1349     3667     1369      7     20      3660      1349      3666      1349      3666      1368      3660      1368      3635      1324      3692      1394 PARcau 1.680003e-03 1.760795e-01 0.822241
    97   0       5020       2204  8.000  22.000 140.5  0.000     5017     2193     5026     2216      9     23      5017      2193      5025      2193      5025      2215      5017      2215      4992      2168      5051      2241 PARcau 8.358706e-04 3.388879e-02 0.965275
    98   1       3663       1360  6.000  20.000  91.0 90.000     3660     1351     3667     1372      7     21      3660      1351      3666      1351      3666      1371      3660      1371      3635      1326      3692      1397 PARcau 1.201689e-04 7.767926e-01 0.223087
    98   0       5020       2210  9.000  22.000 140.0 90.000     5016     2200     5026     2223     10     23      5016      2200      5025      2200      5025      2222      5016      2222      4991      2175      5051      2248 PARcau 1.024366e-02 2.121956e-01 0.777561
    99   1       3663       1364  6.576  20.056  89.0 86.186     3660     1354     3668     1375      8     21      3659      1354      3665      1353      3667      1373      3660      1374      3635      1329      3693      1400 PARcau 3.900214e-04 5.338229e-01 0.465787
    99   0       5019       2215  8.000  22.000 141.0  0.000     5016     2205     5025     2228      9     23      5016      2205      5024      2205      5024      2227      5016      2227      4991      2180      5050      2253 PARcau 1.134316e-03 1.646536e-02 0.982400
   100   1       3663       1367  6.000  20.000  90.5 90.000     3660     1357     3667     1378      7     21      3660      1357      3666      1357      3666      1377      3660      1377      3635      1332      3692      1403 PARcau 9.005928e-03 6.648039e-01 0.326190
   100   0       5019       2221  9.000  22.000 140.0 90.000     5015     2212     5025     2235     10     23      5015      2212      5024      2212      5024      2234      5015      2234      4990      2187      5050      2260 PARcau 3.388886e-04 3.967778e-02 0.959983
   101   1       3663       1369  6.000  19.000  89.5 90.000     3660     1360     3667     1380      7     20      3660      1360      3666      1360      3666      1379      3660      1379      3635      1335      3692      1405 PARcau 1.201089e-03 3.532630e-01 0.645536
   101   0       5018       2227  8.000  21.000 135.0 90.000     5015     2218     5024     2240      9     22      5015      2218      5023      2218      5023      2239      5015      2239      4990      2193      5049      2265 PARcau 3.179966e-02 1.954855e-01 0.772715
   102   1       3663       1371  6.000  19.000  83.0 90.000     3660     1362     3667     1382      7     20      3660      1362      3666      1362      3666      1381      3660      1381      3635      1337      3692      1407 PARcau 3.459458e-03 7.388219e-01 0.257719
   102   0       5018       2234  8.062  21.213 137.0  8.130     5014     2224     5024     2246     10     22      5015      2223      5023      2224      5020      2245      5012      2244      4989      2199      5049      2271 PARcau 1.138625e-03 8.796001e-02 0.910901
   103   1       3663       1374  6.000  19.000  87.5 90.000     3660     1365     3667     1385      7     20      3660      1365      3666      1365      3666      1384      3660      1384      3635      1340      3692      1410 PARcau 6.762284e-04 4.347762e-01 0.564548
   103   0       5017       2240  9.000  22.000 147.0 90.000     5014     2230     5024     2253     10     23      5014      2230      5023      2230      5023      2252      5014      2252      4989      2205      5049      2278 PARcau 1.558717e-03 2.541834e-01 0.744258
   104   1       3662       1377  6.000  20.000  90.5 90.000     3660     1368     3667     1389      7     21      3660      1368      3666      1368      3666      1388      3660      1388      3635      1343      3692      1414 PARcau 2.343348e-03 1.522547e-01 0.845402
   104   0       5017       2246  9.000  22.000 146.5 90.000     5013     2236     5023     2259     10     23      5013      2236      5022      2236      5022      2258      5013      2258      4988      2211      5048      2284 PARcau 1.538588e-02 1.387962e-01 0.845818
   105   1       3662       1379  6.083  20.100  93.5  4.764     3659     1370     3667     1391      8     21      3660      1369      3666      1370      3664      1390      3658      1389      3634      1345      3692      1416 PARcau 3.025596e-04 3.217871e-01 0.677910
   105   0       5017       2252  9.000  22.000 152.5 90.000     5013     2242     5023     2265     10     23      5013      2242      5022      2242      5022      2264      5013      2264      4988      2217      5048      2290 PARcau 9.873100e-02 1.644706e-02 0.884822
   106   1       3662       1382  7.071  19.416  84.5 11.310     3658     1373     3667     1393      9     20      3660      1372      3667      1373      3663      1392      3656      1391      3633      1348      3692      1418 PARcau 9.202677e-04 7.037035e-01 0.295376
   106   0       5016       2258  9.000  22.000 145.5 90.000     5012     2248     5022     2271     10     23      5012      2248      5021      2248      5021      2270      5012      2270      4987      2223      5047      2296 PARcau 3.571007e-03 2.085556e-02 0.975573
   107   1       3661       1385  6.000  18.000  82.5 90.000     3659     1376     3666     1395      7     19      3659      1376      3665      1376      3665      1394      3659      1394      3634      1351      3691      1420 PARcau 7.791671e-04 4.640963e-01 0.535124
   107   0       5016       2264  9.000  22.000 149.0 90.000     5012     2254     5022     2277     10     23      5012      2254      5021      2254      5021      2276      5012      2276      4987      2229      5047      2302 PARcau 1.275153e-01 1.559879e-02 0.856886
   108   1       3661       1387  7.071  20.224  91.5  8.130     3658     1378     3666     1399      8     21      3659      1377      3666      1378      3663      1398      3656      1397      3633      1353      3691      1424 PARcau 1.663725e-03 3.682872e-01 0.630049
   108   0       5015       2270  9.000  22.000 147.5 90.000     5011     2260     5021     2283     10     23      5011      2260      5020      2260      5020      2282      5011      2282      4986      2235      5046      2308 PARcau 1.112165e-02 8.320809e-02 0.905670
   109   1       3660       1391  6.083  19.105  84.0  6.340     3657     1381     3665     1401      8     20      3658      1380      3664      1381      3662      1400      3656      1399      3632      1356      3690      1426 PARcau 2.313047e-03 3.286943e-02 0.964818
   109   0       5014       2276  9.487  22.804 144.5 15.255     5010     2266     5021     2290     11     24      5012      2264      5021      2267      5015      2289      5006      2286      4985      2241      5046      2315 PARcau 1.081755e-02 2.622850e-01 0.726897
   110   1       3660       1393  6.185  20.402  83.5 15.255     3656     1383     3665     1404      9     21      3660      1382      3666      1383      3660      1403      3654      1401      3631      1358      3690      1429 PARcau 2.068199e-03 3.948797e-01 0.603052
   110   0       5013       2282 10.050  22.361 148.5  9.462     5009     2272     5020     2295     11     23      5010      2271      5020      2272      5016      2294      5006      2293      4984      2247      5045      2320 PARcau 6.737560e-03 4.231463e-03 0.989031
   111   1       3659       1396  6.325  18.028  81.5 18.435     3656     1387     3664     1406      8     19      3659      1386      3665      1388      3659      1405      3653      1403      3631      1362      3689      1431 PARcau 2.697802e-03 4.035732e-01 0.593729
   111   0       5013       2288  9.000  21.000 149.5 90.000     5009     2279     5019     2301     10     22      5009      2279      5018      2279      5018      2300      5009      2300      4984      2254      5044      2326 PARcau 9.512312e-03 2.794162e-01 0.711071
   112   1       3659       1398  6.576  18.554  82.0 14.036     3655     1389     3664     1408      9     19      3658      1388      3664      1389      3660      1407      3653      1406      3630      1364      3689      1433 PARcau 6.062228e-05 1.910472e-01 0.808892
   112   0       5012       2294  9.000  22.000 146.0 90.000     5008     2284     5018     2307     10     23      5008      2284      5017      2284      5017      2306      5008      2306      4983      2259      5043      2332 PARcau 3.946447e-03 4.548068e-02 0.950573
   113   1       3658       1400  6.671  19.039  87.5 14.036     3654     1391     3664     1411     10     20      3657      1390      3664      1392      3659      1410      3653      1409      3629      1366      3689      1436 PARcau 1.009841e-03 5.108666e-01 0.488124
   113   0       5011       2300  9.000  22.000 147.0 90.000     5008     2290     5018     2313     10     23      5008      2290      5017      2290      5017      2312      5008      2312      4983      2265      5043      2338 PARcau 1.058336e-03 6.851863e-02 0.930423
   114   1       3657       1403  6.083  18.682  76.0 14.036     3654     1394     3663     1413      9     19      3657      1393      3663      1394      3658      1412      3652      1411      3629      1369      3688      1438 PARcau 3.011035e-04 5.433446e-01 0.456354
   114   0       5011       2306  9.000  23.000 151.5 90.000     5007     2296     5017     2320     10     24      5007      2296      5016      2296      5016      2319      5007      2319      4982      2271      5042      2345 PARcau 1.317060e-02 3.385151e-01 0.648314
   115   1       3656       1406  6.083  18.974  77.5 18.435     3653     1397     3662     1416      9     19      3657      1396      3663      1397      3657      1415      3651      1414      3628      1372      3687      1441 PARcau 5.122422e-03 1.381512e-01 0.856726
   115   0       5010       2312  9.000  22.000 155.0 90.000     5006     2302     5016     2325     10     23      5006      2302      5015      2302      5015      2324      5006      2324      4981      2277      5041      2350 PARcau 9.896799e-03 1.020405e-01 0.888063
   116   1       3656       1408  6.042  18.668  77.5 19.983     3652     1399     3662     1418     10     19      3650      1415      3656      1398      3662      1400      3655      1418      3627      1374      3687      1443 PARcau 5.439318e-03 6.067622e-01 0.387798
   116   0       5009       2318  8.000  21.000 141.0 90.000     5006     2309     5015     2331      9     22      5006      2309      5014      2309      5014      2330      5006      2330      4981      2284      5040      2356 PARcau 2.993642e-04 1.843916e-02 0.981261
   117   1       3654       1411  6.325  18.788  80.5 24.444     3650     1402     3661     1421     11     19      3648      1418      3656      1401      3662      1403      3654      1420      3625      1377      3686      1446 PARcau 2.511292e-04 3.915029e-01 0.608246
   117   0       5008       2325  8.000  23.000 144.0  0.000     5005     2314     5014     2338      9     24      5005      2314      5013      2314      5013      2337      5005      2337      4980      2289      5039      2363 PARcau 1.394001e-04 3.045408e-02 0.969406
   118   1       3654       1413  6.500  18.848  77.5 21.801     3650     1405     3659     1424      9     19      3647      1421      3654      1403      3660      1406      3653      1423      3625      1380      3684      1449 PARcau 6.982803e-03 6.980523e-01 0.294965
   118   0       5007       2331  9.000  22.000 147.5 90.000     5004     2321     5014     2344     10     23      5004      2321      5013      2321      5013      2343      5004      2343      4979      2296      5039      2369 PARcau 2.208511e-03 3.399960e-02 0.963792
   119   1       3653       1416  6.265  18.200  78.0 21.801     3649     1408     3659     1426     10     18      3647      1423      3653      1406      3659      1409      3652      1426      3624      1383      3684      1451 PARcau 7.737636e-04 8.912817e-01 0.107944
   119   0       5007       2336  9.220  22.561 149.5 14.036     5003     2326     5013     2350     10     24      5004      2325      5013      2327      5008      2349      4999      2347      4978      2301      5038      2375 PARcau 1.243376e-02 1.587971e-02 0.971687
   120   1       3652       1418  6.325  18.028  73.5 18.435     3648     1410     3658     1429     10     19      3652      1409      3658      1411      3652      1428      3646      1426      3623      1385      3683      1454 PARcau 7.464567e-04 5.942365e-01 0.405017
   120   0       5006       2342  9.000  22.000 146.5  0.000     5002     2332     5012     2355     10     23      5002      2332      5011      2332      5011      2354      5002      2354      4977      2307      5037      2380 PARcau 2.887462e-03 2.716567e-01 0.725456
   121   1       3651       1421  5.590  18.822  75.0 16.699     3647     1412     3657     1431     10     19      3651      1411      3657      1412      3651      1430      3646      1429      3622      1387      3682      1456 PARcau 3.232901e-02 1.174350e-01 0.850236
   121   0       5005       2348  9.000  22.000 154.0 90.000     5001     2338     5011     2361     10     23      5001      2338      5010      2338      5010      2360      5001      2360      4976      2313      5036      2386 PARcau 1.534528e-02 8.385655e-02 0.900798
   122   1       3650       1423  6.325  18.974  72.5 18.435     3646     1414     3656     1433     10     19      3650      1413      3656      1415      3650      1433      3644      1431      3621      1389      3681      1458 PARcau 4.946657e-03 3.056860e-01 0.689367
   122   0       5004       2353  9.000  22.000 152.0 90.000     5000     2343     5010     2366     10     23      5000      2343      5009      2343      5009      2365      5000      2365      4975      2318      5035      2391 PARcau 6.076567e-04 6.443263e-03 0.992949
   123   1       3649       1426  5.852  18.200  78.0 21.801     3645     1417     3655     1436     10     19      3643      1433      3650      1416      3655      1418      3649      1435      3620      1392      3680      1461 PARcau 1.825212e-03 5.963551e-01 0.401820
   123   0       5003       2360  9.055  22.204 150.0  7.125     4999     2350     5010     2373     11     23      5000      2349      5009      2350      5006      2372      4997      2371      4974      2325      5035      2398 PARcau 4.686920e-03 5.180172e-02 0.943511
   124   1       3648       1429  5.099  18.974  77.0 18.435     3644     1420     3654     1439     10     19      3643      1437      3649      1419      3654      1420      3648      1438      3619      1395      3679      1464 PARcau 2.315242e-03 1.862708e-01 0.811414
   124   0       5003       2365  9.000  22.000 146.0 90.000     4999     2355     5009     2378     10     23      4999      2355      5008      2355      5008      2377      4999      2377      4974      2330      5034      2403 PARcau 1.419845e-03 6.477007e-03 0.992103
   125   1       3648       1431  6.185  19.164  84.5 14.036     3644     1422     3653     1441      9     19      3647      1421      3653      1422      3648      1441      3642      1439      3619      1397      3678      1466 PARcau 3.816973e-04 6.609226e-01 0.338696
   125   0       5002       2371  9.000  22.000 157.0 90.000     4998     2361     5008     2384     10     23      4998      2361      5007      2361      5007      2383      4998      2383      4973      2336      5033      2409 PARcau 4.589570e-04 1.265240e-02 0.986889
   126   1       3647       1434  6.671  19.039  82.0 14.036     3643     1425     3652     1444      9     19      3646      1424      3652      1425      3648      1444      3641      1442      3618      1400      3677      1469 PARcau 2.927731e-04 4.996685e-02 0.949740
   126   0       5001       2377  9.055  22.091 152.5  5.711     4997     2367     5008     2390     11     23      4998      2366      5007      2367      5005      2389      4996      2388      4972      2342      5033      2415 PARcau 8.999655e-02 3.664776e-03 0.906339
   127   1       3646       1436  6.576  18.554  85.5 14.036     3643     1427     3651     1446      8     19      3645      1426      3652      1427      3647      1445      3641      1444      3618      1402      3676      1471 PARcau 1.430292e-04 1.448579e-02 0.985371
   127   0       5000       2383  9.055  22.091 154.0  5.194     4996     2373     5007     2396     11     23      4997      2372      5006      2373      5004      2395      4995      2394      4971      2348      5032      2421 PARcau 1.591824e-03 1.457397e-02 0.983834
   128   1       3646       1438  5.590  17.586  72.0 14.036     3642     1430     3651     1448      9     18      3645      1429      3651      1430      3646      1447      3641      1446      3617      1405      3676      1473 PARcau 1.501248e-03 3.888431e-01 0.609656
   128   0       5000       2389  9.341  22.322 155.5 15.255     4996     2379     5007     2402     11     23      4998      2377      5007      2380      5001      2401      4992      2399      4971      2354      5032      2427 PARcau 1.212221e-03 7.442397e-03 0.991345
   129   1       3645       1441  5.590  19.526  84.5 14.036     3641     1432     3650     1452      9     20      3644      1431      3650      1432      3645      1451      3640      1450      3616      1407      3675      1477 PARcau 1.273426e-03 2.965227e-02 0.969074
   129   0       4999       2395 10.000  22.000 160.5 90.000     4995     2385     5006     2408     11     23      4995      2385      5005      2385      5005      2407      4995      2407      4970      2360      5031      2433 PARcau 4.039159e-02 1.584591e-01 0.801149
   130   1       3645       1444  6.185  16.978  73.0 14.036     3641     1435     3650     1453      9     18      3644      1434      3650      1436      3646      1452      3640      1451      3616      1410      3675      1478 PARcau 2.380012e-04 1.881387e-01 0.811623
   130   0       4999       2401  9.124  22.853 153.0 11.310     4995     2391     5006     2414     11     23      4996      2389      5005      2391      5001      2413      4992      2412      4970      2366      5031      2439 PARcau 4.905414e-03 5.122162e-02 0.943873
   131   1       3644       1447  6.576  19.320  82.0 11.310     3641     1437     3649     1457      8     20      3643      1436      3649      1437      3646      1456      3639      1455      3616      1412      3674      1482 PARcau 6.430991e-03 2.914903e-01 0.702079
   131   0       4998       2406  9.124  23.049 155.5 11.310     4994     2396     5005     2420     11     24      4996      2395      5005      2396      5000      2419      4991      2417      4969      2371      5030      2445 PARcau 3.778713e-04 2.782756e-04 0.999344
   132   1       3644       1449  6.576  18.173  81.5  8.130     3641     1440     3649     1459      8     19      3642      1439      3648      1440      3646      1458      3639      1457      3616      1415      3674      1484 PARcau 1.371898e-03 1.265564e-01 0.872072
   132   0       4998       2413 10.000  22.000 158.0 90.000     4994     2403     5005     2426     11     23      4994      2403      5004      2403      5004      2425      4994      2425      4969      2378      5030      2451 PARcau 4.768896e-03 1.044322e-01 0.890799
   133   1       3643       1451  6.000  18.000  79.0 90.000     3641     1442     3648     1461      7     19      3641      1442      3647      1442      3647      1460      3641      1460      3616      1417      3673      1486 PARcau 1.122514e-03 1.441418e-01 0.854736
   133   0       4998       2418 10.000  22.000 160.0 90.000     4993     2409     5004     2432     11     23      4993      2409      5003      2409      5003      2431      4993      2431      4968      2384      5029      2457 PARcau 3.004391e-03 2.452575e-01 0.751738
   134   1       3643       1454  6.083  18.111  77.5  6.340     3640     1445     3648     1464      8     19      3641      1444      3647      1445      3645      1463      3639      1462      3615      1420      3673      1489 PARcau 4.871492e-04 7.923884e-01 0.207124
   134   0       4997       2425  9.000  21.000 152.0 90.000     4993     2415     5003     2437     10     22      4993      2415      5002      2415      5002      2436      4993      2436      4968      2390      5028      2462 PARcau 4.627200e-03 4.471219e-01 0.548251
   135   1       3643       1458  6.000  19.000  84.5  0.000     3640     1448     3647     1468      7     20      3640      1448      3646      1448      3646      1467      3640      1467      3615      1423      3672      1493 PARcau 6.059509e-04 7.695531e-01 0.229841
   135   0       4997       2431 10.000  22.000 161.5  0.000     4992     2420     5003     2443     11     23      4992      2420      5002      2420      5002      2442      4992      2442      4967      2395      5028      2468 PARcau 2.290667e-02 1.390136e-01 0.838080
   136   1       3643       1460  6.000  19.000  79.0  0.000     3640     1450     3647     1470      7     20      3640      1450      3646      1450      3646      1469      3640      1469      3615      1425      3672      1495 PARcau 1.221843e-04 2.635817e-02 0.973520
   136   0       4996       2436  9.000  22.000 151.5 90.000     4992     2426     5002     2449     10     23      4992      2426      5001      2426      5001      2448      4992      2448      4967      2401      5027      2474 PARcau 4.570769e-04 6.387716e-01 0.360771
   137   1       3643       1462  6.000  18.000  76.0 90.000     3640     1453     3647     1472      7     19      3640      1453      3646      1453      3646      1471      3640      1471      3615      1428      3672      1497 PARcau 3.975712e-04 5.804557e-01 0.419147
   137   0       4996       2442  9.000  21.000 152.0 90.000     4992     2433     5002     2455     10     22      4992      2433      5001      2433      5001      2454      4992      2454      4967      2408      5027      2480 PARcau 1.058018e-02 3.448876e-01 0.644532
   138   1       3643       1465  5.000  19.000  75.0  0.000     3641     1455     3647     1475      6     20      3641      1455      3646      1455      3646      1474      3641      1474      3616      1430      3672      1500 PARcau 1.018739e-02 1.330642e-01 0.856748
   138   0       4995       2448  9.552  22.277 156.5  9.462     4991     2438     5002     2461     11     23      4992      2437      5001      2438      4998      2460      4988      2459      4966      2413      5027      2486 PARcau 7.843764e-03 3.002118e-03 0.989154
   139   1       3643       1468  6.000  19.000  79.5  0.000     3640     1458     3647     1478      7     20      3640      1458      3646      1458      3646      1477      3640      1477      3615      1433      3672      1503 PARcau 1.289823e-03 1.818886e-01 0.816822
   139   0       4994       2454  9.708  22.456 156.0 11.310     4990     2444     5001     2467     11     23      4991      2442      5001      2444      4996      2466      4987      2464      4965      2419      5026      2492 PARcau 3.603151e-03 1.337389e-01 0.862658
   140   1       3643       1470  5.000  18.000  67.5 90.000     3641     1461     3647     1480      6     19      3641      1461      3646      1461      3646      1479      3641      1479      3616      1436      3672      1505 PARcau 3.283030e-04 1.819167e-01 0.817755
   140   0       4994       2460  9.552  22.277 154.0  9.462     4989     2450     5000     2473     11     23      4990      2449      5000      2450      4996      2472      4987      2471      4964      2425      5025      2498 PARcau 2.484330e-04 1.283765e-02 0.986914
   141   1       3643       1473  5.000  18.000  73.0 90.000     3641     1464     3647     1483      6     19      3641      1464      3646      1464      3646      1482      3641      1482      3616      1439      3672      1508 PARcau 7.623254e-04 7.865989e-01 0.212639
   141   0       4993       2466  9.000  22.000 154.5 90.000     4989     2456     4999     2479     10     23      4989      2456      4998      2456      4998      2478      4989      2478      4964      2431      5024      2504 PARcau 1.603182e-04 2.021462e-02 0.979625
   142   1       3643       1475  5.000  19.000  70.5  0.000     3641     1466     3647     1486      6     20      3641      1466      3646      1466      3646      1485      3641      1485      3616      1441      3672      1511 PARcau 2.420008e-03 3.009130e-01 0.696667
   142   0       4992       2472 10.000  22.000 158.5 90.000     4988     2462     4999     2485     11     23      4988      2462      4998      2462      4998      2484      4988      2484      4963      2437      5024      2510 PARcau 5.430595e-03 9.787049e-02 0.896699
   143   1       3643       1479  5.000  19.000  72.5 90.000     3641     1469     3647     1489      6     20      3641      1469      3646      1469      3646      1488      3641      1488      3616      1444      3672      1514 PARcau 7.010990e-05 9.523306e-01 0.047599
   143   0       4991       2478 10.000  22.000 166.0 90.000     4987     2468     4998     2491     11     23      4987      2468      4997      2468      4997      2490      4987      2490      4962      2443      5023      2516 PARcau 1.537958e-03 1.144324e-01 0.884030
   144   1       3643       1482  5.000  19.000  73.5  0.000     3641     1472     3647     1492      6     20      3641      1472      3646      1472      3646      1491      3641      1491      3616      1447      3672      1517 PARcau 1.089894e-04 9.259415e-01 0.073950
   144   0       4990       2484 10.000  21.000 162.5 90.000     4986     2474     4997     2496     11     22      4986      2474      4996      2474      4996      2495      4986      2495      4961      2449      5022      2521 PARcau 3.163545e-03 3.274597e-02 0.964090
   145   1       3643       1484  5.000  19.000  81.5 90.000     3641     1475     3647     1495      6     20      3641      1475      3646      1475      3646      1494      3641      1494      3616      1450      3672      1520 PARcau 2.182451e-04 6.318430e-01 0.367939
   145   0       4990       2489 10.050  22.091 163.0  6.340     4985     2479     4997     2502     12     23      4986      2478      4996      2479      4994      2501      4984      2500      4960      2454      5022      2527 PARcau 1.161670e-03 9.808865e-02 0.900750
   146   1       3643       1487  6.000  19.000  74.5 90.000     3640     1477     3647     1497      7     20      3640      1477      3646      1477      3646      1496      3640      1496      3615      1452      3672      1522 PARcau 1.407059e-04 1.381379e-01 0.861721
   146   0       4989       2495 10.000  22.000 158.5 90.000     4985     2485     4996     2508     11     23      4985      2485      4995      2485      4995      2507      4985      2507      4960      2460      5021      2533 PARcau 7.706877e-03 5.615692e-01 0.430724
   147   1       3643       1490  6.000  18.000  87.0 90.000     3640     1481     3647     1500      7     19      3640      1481      3646      1481      3646      1499      3640      1499      3615      1456      3672      1525 PARcau 3.025462e-05 9.652677e-01 0.034702
   147   0       4988       2501  9.124  21.869 151.5 11.310     4984     2491     4995     2513     11     22      4985      2490      4994      2491      4990      2513      4981      2511      4959      2466      5020      2538 PARcau 6.032778e-03 2.222784e-01 0.771689
   148   1       3642       1492  6.000  19.000  83.5 90.000     3640     1483     3647     1503      7     20      3640      1483      3646      1483      3646      1502      3640      1502      3615      1458      3672      1528 PARcau 1.531812e-04 3.053449e-01 0.694502
   148   0       4987       2506 10.000  22.000 161.0 90.000     4983     2496     4994     2519     11     23      4983      2496      4993      2496      4993      2518      4983      2518      4958      2471      5019      2544 PARcau 1.025937e-03 1.497117e-01 0.849262
   149   1       3642       1495  6.000  19.000  87.0 90.000     3640     1486     3647     1506      7     20      3640      1486      3646      1486      3646      1505      3640      1505      3615      1461      3672      1531 PARcau 5.839507e-04 9.943844e-02 0.899978
   149   0       4986       2512 10.548  22.142 166.0  5.711     4981     2502     4993     2525     12     23      4982      2501      4993      2502      4990      2524      4980      2523      4956      2477      5018      2550 PARcau 4.766198e-03 1.417228e-01 0.853511