 Frame  ID  CentroidX  CentroidY  Width  Length  Area  Angle  Box_TLX  Box_TLY  Box_BRX  Box_BRY  Box_W  Box_H  rBox_TLX  rBox_TLY  rBox_TRX  rBox_TRY  rBox_BRX  rBox_BRY  rBox_BLX  rBox_BLY  lBox_TLX  lBox_TLY  lBox_BRX  lBox_BRY  Label       HOMver       NONpro   PARcau
    21   0       1776       2726 11.045  31.257 278.5 82.875     1761     2720     1793     2733     32     13      1760      2722      1791      2718      1792      2729      1761      2733      1736      2695      1818      2758 PARcau 4.552018e-02 2.397082e-03 0.952083
    21   1       3547       2232 11.000  27.000 252.0 90.000     3542     2219     3554     2247     12     28      3542      2219      3553      2219      3553      2246      3542      2246      3517      2194      3579      2272 PARcau 1.183404e-02 6.715310e-02 0.921013
    22   1       3547       2239 12.000  28.000 263.0 90.000     3542     2226     3555     2255     13     29      3542      2226      3554      2226      3554      2254      3542      2254      3517      2201      3580      2280 PARcau 3.589164e-02 1.465117e-01 0.817597
    22   0       1788       2723 11.769  32.164 278.0 78.690     1773     2717     1805     2731     32     14      1771      2721      1803      2714      1805      2726      1774      2732      1748      2692      1830      2756 PARcau 1.825665e-01 1.452259e-03 0.815981
    23   1       3547       2246 11.000  30.000 276.5 90.000     3542     2231     3554     2262     12     31      3542      2231      3553      2231      3553      2261      3542      2261      3517      2206      3579      2287 PARcau 3.573708e-03 2.957871e-02 0.966848
    23   0       1799       2720 11.281  32.500 272.5 75.964     1784     2714     1816     2729     32     15      1782      2719      1814      2711      1816      2722      1785      2730      1759      2689      1841      2754 PARcau 2.136726e-01 2.841583e-06 0.786325
    24   1       3546       2255 11.000  29.000 274.0 90.000     3541     2241     3553     2271     12     30      3541      2241      3552      2241      3552      2270      3541      2270      3516      2216      3578      2296 PARcau 1.660924e-02 3.025227e-02 0.953138
    24   0       1811       2716 12.500  32.760 299.0 74.055     1796     2709     1828     2725     32     16      1794      2715      1825      2706      1829      2718      1797      2727      1771      2684      1853      2750 PARcau 2.989025e-04 2.416697e-10 0.999701
    24   2       4796        566  9.708  20.500 114.0 77.905     4791      558     4804      580     13     22      4789       559      4799       557      4803       577      4794       579      4766       533      4829       605 PARcau 2.849072e-05 3.295433e-04 0.999642
    25   2       4796        564 10.112  16.771  81.5 80.538     4791      557     4802      575     11     18      4789       558      4799       556      4802       573      4792       574      4766       532      4827       600 PARcau 3.145167e-06 3.325365e-05 0.999964
    25   1       3545       2263 11.000  31.000 285.0 90.000     3540     2248     3552     2280     12     32      3540      2248      3551      2248      3551      2279      3540      2279      3515      2223      3577      2305 PARcau 2.053523e-02 4.807378e-02 0.931391
    25   0       1822       2712 11.402  33.838 302.5 71.565     1807     2705     1840     2721     33     16      1805      2712      1837      2701      1840      2712      1808      2723      1782      2680      1865      2746 PARcau 1.700380e-03 1.124891e-09 0.998300
    26   2       4795        563  9.220  16.492  76.0 77.471     4791      556     4802      575     11     19      4789       557      4798       555      4802       571      4793       573      4766       531      4827       600 PARcau 2.769189e-06 2.670814e-05 0.999971
    26   1       3544       2272 12.000  31.000 286.5 90.000     3539     2257     3552     2289     13     32      3539      2257      3551      2257      3551      2288      3539      2288      3514      2232      3577      2314 PARcau 6.308289e-03 4.285374e-03 0.989406
    26   0       1834       2708 11.885  32.730 291.0 71.565     1819     2702     1851     2717     32     15      1817      2708      1848      2697      1851      2709      1820      2719      1794      2677      1876      2742 PARcau 5.284244e-01 1.551123e-07 0.471575
    27   2       4795        561  8.246  10.198  49.5 75.964     4791      555     4801      567     10     12      4790       556      4798       554      4800       564      4792       566      4766       530      4826       592 PARcau 5.241267e-07 5.557304e-05 0.999944
    27   1       3544       2283 11.000  31.000 286.5 90.000     3539     2268     3551     2300     12     32      3539      2268      3550      2268      3550      2299      3539      2299      3514      2243      3576      2325 PARcau 1.755981e-03 1.727678e-04 0.998071
    27   0       1845       2706 12.369  32.757 296.5 78.690     1830     2699     1863     2714     33     15      1828      2703      1860      2696      1863      2708      1831      2715      1805      2674      1888      2739 PARcau 2.025733e-01 7.414922e-04 0.796685
    28   2       4795        560  7.280  11.180  37.5 78.690     4792      554     4800      567      8     13      4790       555      4797       553      4799       564      4792       566      4767       529      4825       592 PARcau 1.328569e-04 1.784052e-04 0.999689
    28   1       3544       2295 11.000  31.000 289.5 90.000     3539     2280     3551     2312     12     32      3539      2280      3550      2280      3550      2311      3539      2311      3514      2255      3576      2337 PARcau 1.348916e-02 4.427340e-02 0.942237
    28   0       1858       2703 12.000  33.000 299.0 90.000     1842     2698     1876     2711     34     13      1842      2698      1875      2698      1875      2710      1842      2710      1817      2673      1901      2736 PARcau 3.183711e-07 1.010971e-12 1.000000
    29   0       1869       2702 12.000  32.000 295.0 90.000     1854     2696     1887     2709     33     13      1854      2696      1886      2696      1886      2708      1854      2708      1829      2671      1912      2734 PARcau 4.436932e-04 1.509910e-09 0.999556
    29   1       3545       2308 12.000  31.000 285.5 90.000     3539     2293     3552     2325     13     32      3539      2293      3551      2293      3551      2324      3539      2324      3514      2268      3577      2350 PARcau 2.221616e-03 1.288516e-02 0.984893
    29   3       5195        277  9.192  10.607  75.0 45.000     5191      272     5201      284     10     12      5188       277      5196       270      5202       276      5195       284      5166       247      5226       309 PARcau 1.821339e-03 7.748876e-03 0.990430
    30   3       5195        276 10.607  12.021  93.5 45.000     5190      270     5201      284     11     14      5194       268      5202       276      5195       284      5186       275      5165       245      5226       309 PARcau 1.800827e-03 1.646945e-03 0.996552
    30   0       1880       2700 12.369  31.575 256.0 78.690     1866     2694     1898     2708     32     14      1864      2697      1895      2691      1898      2703      1867      2709      1841      2669      1923      2733 PARcau 7.295724e-04 2.514577e-11 0.999270
    30   1       3546       2320 12.000  30.000 279.0 90.000     3540     2306     3553     2337     13     31      3540      2306      3552      2306      3552      2336      3540      2336      3515      2281      3578      2362 PARcau 6.945546e-04 1.542115e-02 0.983884
    31   3       5194        276 12.728  12.728 122.0 45.000     5188      269     5201      284     13     15      5194       267      5203       276      5194       285      5185       276      5163       244      5226       309 PARcau 1.139244e-02 8.839099e-04 0.987724
    31   1       3548       2332 12.540  30.104 282.0 85.236     3542     2318     3556     2349     14     31      3540      2318      3553      2317      3555      2347      3543      2348      3517      2293      3581      2374 PARcau 3.622701e-03 2.884994e-02 0.967527
    31   0       1893       2697  9.618  32.810 242.5 81.870     1878     2692     1911     2704     33     12      1876      2694      1909      2689      1910      2699      1878      2703      1853      2667      1936      2729 PARcau 1.957927e-03 7.037919e-10 0.998042
    32   3       5193        276 12.000  13.000 105.0 90.000     5188      270     5201      284     13     14      5188       270      5200       270      5200       283      5188       283      5163       245      5226       309 PARcau 2.415583e-02 3.372212e-03 0.972472
    32   1       3550       2344 12.042  29.155 282.0 83.660     3544     2330     3558     2360     14     30      3542      2330      3554      2329      3557      2358      3545      2359      3519      2305      3583      2385 PARcau 1.814998e-03 1.209268e-01 0.877258
    32   0       1906       2694 12.093  29.770 250.5 82.875     1892     2689     1922     2702     30     13      1891      2691      1920      2687      1922      2699      1892      2703      1867      2664      1947      2727 PARcau 3.661822e-10 7.635995e-11 1.000000
    33   3       5192        276 12.083  13.000  93.0 68.199     5186      271     5201      284     15     13      5184       273      5196       268      5201       279      5189       284      5161       246      5226       309 PARcau 1.403588e-02 5.313353e-03 0.980651
    33   1       3551       2355 12.042  29.275 276.0 81.870     3545     2341     3559     2371     14     30      3543      2341      3555      2340      3559      2369      3547      2370      3520      2316      3584      2396 PARcau 1.216255e-05 5.719117e-03 0.994269
    33   0       1917       2691 11.543  33.049 306.0 71.565     1902     2684     1935     2701     33     17      1900      2691      1932      2681      1935      2692      1904      2702      1877      2659      1960      2726 PARcau 1.369353e-08 3.273494e-11 1.000000
    34   1       3552       2367 12.000  29.000 280.5 90.000     3546     2353     3559     2383     13     30      3546      2353      3558      2353      3558      2382      3546      2382      3521      2328      3584      2408 PARcau 4.500345e-05 1.766210e-02 0.982293
    34   0       1929       2687 12.021  33.204 315.0 71.565     1914     2680     1947     2697     33     17      1912      2687      1944      2677      1947      2688      1916      2699      1889      2655      1972      2722 PARcau 1.696584e-09 4.935021e-12 1.000000
    35   1       3551       2378 12.000  29.000 278.0 90.000     3546     2364     3559     2394     13     30      3546      2364      3558      2364      3558      2393      3546      2393      3521      2339      3584      2419 PARcau 1.451237e-04 8.590141e-04 0.998996
    35   3       5178        287  6.708  13.416  61.5 26.565     5174      281     5185      294     11     13      5178       279      5184       282      5178       294      5172       291      5149       256      5210       319 PARcau 2.691871e-01 1.745439e-02 0.713359
    35   0       1940       2684 12.021  33.204 311.0 71.565     1925     2677     1957     2693     32     16      1922      2683      1954      2673      1957      2684      1926      2695      1900      2652      1982      2718 PARcau 5.482346e-10 5.102321e-12 1.000000
    36   3       5176        291 12.104  18.507 156.5 51.340     5169      283     5184      300     15     17      5165       292      5180       281      5187       290      5173       302      5144       258      5209       325 PARcau 6.899224e-02 1.021527e-02 0.920792
    36   1       3551       2389 12.000  29.000 269.0 90.000     3545     2375     3558     2405     13     30      3545      2375      3557      2375      3557      2404      3545      2404      3520      2350      3583      2430 PARcau 7.394678e-03 9.231289e-01 0.069476
    36   0       1951       2681 11.769  33.144 296.5 78.690     1936     2675     1969     2689     33     14      1934      2678      1966      2672      1969      2683      1936      2690      1911      2650      1994      2714 PARcau 1.613359e-05 4.517075e-08 0.999984
    37   3       5172        296 11.314  19.799 180.0 45.000     5163      288     5181      305     18     17      5161       299      5175       285      5183       293      5169       307      5138       263      5206       330 PARcau 3.871724e-02 2.372391e-02 0.937559
    37   1       3549       2401 12.000  30.000 280.0  0.000     3544     2386     3557     2417     13     31      3544      2386      3556      2386      3556      2416      3544      2416      3519      2361      3582      2442 PARcau 9.894073e-03 7.569796e-03 0.982536
    37   0       1963       2679 12.000  32.000 282.5 90.000     1948     2674     1981     2687     33     13      1948      2674      1980      2674      1980      2686      1948      2686      1923      2649      2006      2712 PARcau 1.127948e-05 3.435918e-10 0.999989
    38   3       5167        300 11.314  20.518 164.5 45.000     5159      292     5177      309     18     17      5156       303      5171       289      5179       297      5164       311      5134       267      5202       334 PARcau 4.339868e-02 5.431407e-03 0.951170
    38   1       3548       2412 11.000  30.000 273.5 90.000     3543     2398     3555     2429     12     31      3543      2398      3554      2398      3554      2428      3543      2428      3518      2373      3580      2454 PARcau 1.904292e-02 3.368354e-01 0.644122
    38   0       1975       2677 12.000  32.000 294.5 90.000     1960     2672     1993     2685     33     13      1960      2672      1992      2672      1992      2684      1960      2684      1935      2647      2018      2710 PARcau 5.670930e-08 4.020670e-08 1.000000
    39   3       5162        305  9.925  18.507 127.0 50.194     5154      298     5170      313     16     15      5152       307      5166       295      5173       303      5158       314      5129       273      5195       338 PARcau 6.186010e-02 1.122583e-02 0.926914
    39   1       3547       2422 12.000  28.000 268.5 90.000     3542     2408     3555     2437     13     29      3542      2408      3554      2408      3554      2436      3542      2436      3517      2383      3580      2462 PARcau 1.052864e-01 1.194916e-01 0.775222
    39   0       1987       2676 12.000  32.000 286.0 90.000     1972     2671     2005     2684     33     13      1972      2671      2004      2671      2004      2683      1972      2683      1947      2646      2030      2709 PARcau 1.745430e-02 1.174075e-05 0.982534
    40   1       3550       2422 12.659  28.359 274.0 80.538     3544     2409     3558     2437     14     28      3541      2409      3554      2407      3558      2435      3546      2437      3519      2384      3583      2462 PARcau 4.599161e-02 7.411560e-01 0.212852
    40   0       1998       2675 11.543  31.325 276.5 81.870     1984     2670     2016     2683     32     13      1983      2671      2014      2667      2015      2678      1984      2683      1959      2645      2041      2708 PARcau 1.819182e-01 3.492332e-01 0.468849
    41   1       3553       2418 12.207  26.627 249.0 56.310     3545     2407     3563     2432     18     25      3550      2404      3565      2426      3555      2433      3540      2411      3520      2382      3588      2457 PARcau 1.120011e-01 2.313002e-01 0.656699
    41   0       2011       2673 11.102  31.894 276.5 80.538     1996     2667     2028     2681     32     14      1995      2670      2026      2665      2028      2676      1996      2681      1971      2642      2053      2706 PARcau 7.741489e-01 1.692401e-05 0.225834
    42   1       3555       2414 13.000  22.361 229.5 26.565     3545     2406     3566     2424     21     18      3547      2403      3567      2413      3562      2425      3542      2415      3520      2381      3591      2449 PARcau 3.186499e-03 2.144497e-01 0.782364
    42   0       2022       2669 11.769  32.164 279.0 78.690     2007     2663     2039     2678     32     15      2005      2667      2037      2661      2039      2672      2008      2679      1982      2638      2064      2703 PARcau 1.602595e-02 2.127012e-07 0.983974
    42   3       5139        322  8.322  14.009  84.0 36.870     5134      317     5146      330     12     13      5131       326      5139       314      5146       319      5138       330      5109       292      5171       355 PARcau 1.771132e-01 3.690492e-05 0.822850
    43   1       3556       2410 13.000  19.000 190.5 90.000     3547     2404     3567     2418     20     14      3547      2404      3566      2404      3566      2417      3547      2417      3522      2379      3592      2443 PARcau 4.767462e-03 8.622067e-02 0.909012
    43   3       5136        324  9.899  17.692 129.5 45.000     5129      317     5145      332     16     15      5127       327      5139       314      5146       321      5134       334      5104       292      5170       357 PARcau 4.267181e-01 3.172529e-03 0.570109
    43   0       2033       2666 12.649  32.573 292.5 71.565     2018     2659     2050     2675     32     16      2016      2665      2047      2655      2051      2667      2020      2677      1993      2634      2075      2700 PARcau 6.327280e-02 5.027558e-08 0.936727
    44   3       5134        325 10.548  19.007 130.0 56.310     5126      318     5143      332     17     14      5123       326      5139       315      5144       324      5129       335      5101       293      5168       357 PARcau 3.543255e-02 3.095932e-04 0.964258
    44   1       3558       2405 12.777  19.294 189.5 59.036     3549     2397     3567     2415     18     18      3546      2405      3563      2395      3569      2406      3553      2416      3524      2372      3592      2440 PARcau 1.174145e-06 1.446188e-02 0.985537
    44   0       2044       2662 10.920  31.784 274.5 71.565     2030     2655     2061     2671     31     16      2028      2662      2058      2651      2061      2662      2031      2672      2005      2630      2086      2696 PARcau 3.186898e-02 1.610525e-06 0.968129
    45   3       5135        322  8.544  15.811  85.5 71.565     5129      318     5144      329     15     11      5127       321      5142       316      5145       324      5130       329      5104       293      5169       354 PARcau 1.354477e-01 4.382028e-04 0.864114
    45   1       3559       2399 11.885  22.389 203.0 23.199     3552     2389     3568     2411     16     22      3558      2386      3569      2391      3560      2411      3549      2407      3527      2364      3593      2436 PARcau 5.389549e-10 5.000658e-07 1.000000
    45   0       2056       2659 11.402  32.016 278.5 75.964     2041     2652     2073     2667     32     15      2039      2657      2070      2649      2073      2660      2042      2668      2016      2627      2098      2692 PARcau 5.704936e-01 6.289400e-09 0.429506
    46   3       5137        321  8.000  10.000  44.0 90.000     5133      318     5144      327     11      9      5133       318      5143       318      5143       326      5133       326      5108       293      5169       352 PARcau 5.344041e-02 2.361074e-02 0.922949
    46   1       3560       2392 12.000  23.000 213.5 90.000     3554     2381     3567     2405     13     24      3554      2381      3566      2381      3566      2404      3554      2404      3529      2356      3592      2430 PARcau 3.047455e-07 2.313125e-04 0.999768
    46   0       2068       2656 11.281  32.500 271.0 75.964     2053     2651     2086     2664     33     13      2051      2654      2083      2646      2085      2657      2054      2665      2028      2626      2111      2689 PARcau 9.609755e-01 3.206119e-07 0.039024
    47   1       3559       2385 11.000  27.000 239.5 90.000     3554     2372     3566     2400     12     28      3554      2372      3565      2372      3565      2399      3554      2399      3529      2347      3591      2425 PARcau 2.630258e-04 2.007366e-01 0.799000
    47   0       2080       2654 12.000  31.000 284.0 90.000     2065     2649     2097     2662     32     13      2065      2649      2096      2649      2096      2661      2065      2661      2040      2624      2122      2687 PARcau 6.298544e-01 1.247260e-04 0.370021
    48   1       3558       2376 11.000  28.000 241.0 90.000     3553     2362     3565     2391     12     29      3553      2362      3564      2362      3564      2390      3553      2390      3528      2337      3590      2416 PARcau 8.158289e-04 5.326779e-01 0.466506
    48   3       5142        310  6.801   8.322  34.0 33.690     5139      307     5148      316      9      9      5142       305      5148       309      5143       316      5138       312      5114       282      5173       341 PARcau 1.050839e-03 4.956796e-03 0.993992
    48   0       2092       2653 12.000  31.000 281.0 90.000     2077     2648     2109     2661     32     13      2077      2648      2108      2648      2108      2660      2077      2660      2052      2623      2134      2686 PARcau 5.990563e-02 6.614114e-02 0.873953
    49   3       5145        307  7.433  14.534  74.5 50.194     5140      302     5152      314     12     12      5137       309      5148       300      5153       305      5142       315      5115       277      5177       339 PARcau 4.967412e-03 1.504460e-02 0.979988
    49   1       3556       2367 12.000  28.000 242.5 90.000     3551     2353     3564     2382     13     29      3551      2353      3563      2353      3563      2381      3551      2381      3526      2328      3589      2407 PARcau 2.365650e-04 1.376065e-01 0.862157
    49   0       2103       2652 12.000  30.000 275.0 90.000     2089     2647     2120     2660     31     13      2089      2647      2119      2647      2119      2659      2089      2659      2064      2622      2145      2685 PARcau 8.274176e-02 2.353896e-02 0.893719
    50   3       5149        302  7.778  16.263  71.0 45.000     5144      297     5158      311     14     14      5142       305      5153       294      5159       299      5147       311      5119       272      5183       336 PARcau 3.087203e-03 7.936888e-03 0.988976
    50   1       3553       2357 11.180  29.428 234.5 80.538     3548     2344     3561     2373     13     29      3546      2344      3557      2342      3562      2371      3551      2373      3523      2319      3586      2398 PARcau 3.079502e-04 1.170746e-02 0.987985
    50   0       2115       2650 12.042  29.155 263.5 83.660     2101     2645     2131     2658     30     13      2100      2646      2129      2643      2130      2655      2101      2658      2076      2620      2156      2683 PARcau 8.260425e-03 2.547610e-03 0.989192
    51   3       5155        297  7.071  15.556  72.0 45.000     5149      292     5162      305     13     13      5147       300      5158       289      5163       294      5152       305      5124       267      5187       330 PARcau 1.944882e-02 1.733665e-02 0.963215
    51   1       3551       2349 11.102  28.657 234.5 82.875     3545     2335     3559     2364     14     29      3544      2335      3555      2333      3558      2362      3547      2363      3520      2310      3584      2389 PARcau 4.064678e-02 9.329244e-02 0.866061
    51   0       2126       2648 12.166  30.414 271.0 80.538     2112     2642     2142     2656     30     14      2110      2645      2140      2640      2142      2652      2112      2657      2087      2617      2167      2681 PARcau 5.421130e-02 2.069385e-02 0.925095
    52   3       5162        292 11.180  11.180  69.0  8.130     5156      287     5169      299     13     12      5157       285      5168       287      5166       298      5155       296      5131       262      5194       324 PARcau 6.269772e-02 1.612073e-02 0.921182
    52   1       3548       2339 11.281  28.377 213.5 75.964     3542     2326     3556     2354     14     28      3539      2326      3550      2324      3557      2351      3546      2354      3517      2301      3581      2379 PARcau 1.232951e-01 3.473022e-02 0.841975
    52   0       2137       2644 12.176  31.197 275.5 68.199     2123     2638     2154     2653     31     15      2121      2644      2150      2633      2154      2644      2125      2656      2098      2613      2179      2678 PARcau 1.163556e-01 1.688731e-03 0.881956
    53   3       5168        287  9.899  15.556  68.5 45.000     5163      283     5178      296     15     13      5161       291      5172       280      5179       287      5168       298      5138       258      5203       321 PARcau 4.384937e-02 2.744660e-03 0.953406
    53   1       3545       2330 11.543  28.935 223.0 71.565     3539     2316     3553     2345     14     29      3535      2317      3546      2314      3555      2341      3544      2345      3514      2291      3578      2370 PARcau 1.822745e-02 1.160420e-03 0.980612
    53   2       4787        575  4.950   7.778  27.5 45.000     4783      572     4791      580      8      8      4782       576      4788       571      4791       574      4786       580      4758       547      4816       605 PARcau 4.289242e-03 1.740276e-03 0.993971
    53   0       2148       2640 11.543  32.098 274.0 71.565     2134     2634     2165     2649     31     15      2132      2640      2162      2630      2166      2641      2135      2651      2109      2609      2190      2674 PARcau 1.123411e-02 4.801918e-05 0.988718
    54   2       4787        576  5.657   8.602  30.0 53.130     4783      572     4791      582      8     10      4781       576      4788       571      4792       575      4785       580      4758       547      4816       607 PARcau 1.250316e-03 6.992714e-04 0.998050
    54   3       5175        284  9.899  16.279  84.0 45.000     5169      278     5184      293     15     15      5167       287      5178       275      5185       282      5174       294      5144       253      5209       318 PARcau 3.943530e-02 5.457418e-03 0.955107
    54   1       3541       2320 11.236  28.970 226.5 68.199     3534     2307     3550     2335     16     28      3541      2304      3552      2331      3541      2335      3531      2308      3509      2282      3575      2360 PARcau 3.016623e-02 9.531443e-04 0.968881
    54   0       2160       2637 12.176  31.468 270.5 71.565     2146     2630     2176     2646     30     16      2143      2636      2173      2626      2177      2638      2147      2647      2121      2605      2201      2671 PARcau 3.242730e-02 6.359131e-06 0.967566
    55   3       5181        279  7.211  13.601  52.5 33.690     5175      274     5188      286     13     12      5174       282      5182       271      5188       275      5180       286      5150       249      5213       311 PARcau 1.815300e-02 3.684503e-03 0.978162
    55   1       3538       2313 11.402  26.249 214.5 71.565     3532     2301     3547     2327     15     26      3529      2302      3540      2299      3548      2324      3537      2327      3507      2276      3572      2352 PARcau 1.604854e-02 9.208591e-02 0.891866
    55   0       2171       2634 11.885  30.923 270.0 75.964     2157     2628     2188     2642     31     14      2155      2631      2185      2624      2188      2635      2158      2643      2132      2603      2213      2667 PARcau 7.206932e-02 3.054054e-09 0.927931
    56   1       3539       2312 12.258  25.005 223.5 78.690     3533     2301     3547     2326     14     25      3531      2301      3543      2299      3548      2323      3536      2326      3508      2276      3572      2351 PARcau 7.853269e-02 4.674388e-02 0.874723
    56   3       5187        274  8.139   9.708  29.0 78.690     5183      270     5194      280     11     10      5182       271      5191       269      5193       277      5183       279      5158       245      5219       305 PARcau 6.128090e-03 2.206607e-03 0.991665
    56   0       2183       2631 12.000  31.000 283.5 90.000     2168     2626     2200     2639     32     13      2168      2626      2199      2626      2199      2638      2168      2638      2143      2601      2225      2664 PARcau 6.351133e-01 2.094991e-06 0.364885
    57   1       3543       2314 11.885  23.901 200.5 15.945     3538     2303     3552     2328     14     25      3541      2301      3552      2304      3546      2327      3534      2324      3513      2278      3577      2353 PARcau 7.953865e-03 2.447288e-02 0.967573
    57   0       2195       2629 12.000  31.000 285.5 90.000     2180     2624     2212     2637     32     13      2180      2624      2211      2624      2211      2636      2180      2636      2155      2599      2237      2662 PARcau 8.505763e-02 4.378743e-05 0.914899
    58   1       3547       2317 11.314  26.173 217.0 45.000     3538     2307     3558     2330     20     23      3534      2323      3552      2304      3560      2312      3542      2331      3513      2282      3583      2355 PARcau 1.681484e-03 2.899717e-03 0.995419
    58   0       2206       2628 12.000  30.000 280.5 90.000     2192     2623     2223     2636     31     13      2192      2623      2222      2623      2222      2635      2192      2635      2167      2598      2248      2661 PARcau 9.148384e-01 2.846049e-05 0.085133
    59   1       3552       2317 10.548  27.354 212.0 59.036     3540     2309     3566     2328     26     19      3537      2320      3561      2306      3566      2315      3543      2329      3515      2284      3591      2353 PARcau 1.687161e-04 9.026815e-06 0.999822
    59   0       2218       2627 11.000  31.000 277.0 90.000     2203     2622     2235     2634     32     12      2203      2622      2234      2622      2234      2633      2203      2633      2178      2597      2260      2659 PARcau 7.121185e-01 5.805504e-05 0.287823
    60   1       3560       2317 11.402  29.833 230.0 75.964     3545     2311     3575     2325     30     14      3543      2315      3572      2308      3575      2319      3546      2326      3520      2286      3600      2350 PARcau 1.952043e-01 1.259982e-03 0.803536
    60   0       2229       2625 11.543  30.104 274.0 84.806     2215     2620     2246     2633     31     13      2214      2621      2244      2619      2245      2630      2215      2633      2190      2595      2271      2658 PARcau 6.828193e-02 3.366738e-03 0.928351
    61   1       3567       2317 11.000  28.000 238.0 90.000     3553     2312     3582     2324     29     12      3553      2312      3581      2312      3581      2323      3553      2323      3528      2287      3607      2349 PARcau 2.719678e-01 2.318554e-04 0.727800
    61   0       2240       2623 12.000  30.000 270.5 90.000     2226     2618     2257     2631     31     13      2226      2618      2256      2618      2256      2630      2226      2630      2201      2593      2282      2656 PARcau 4.811607e-02 2.628738e-04 0.951621
    62   1       3574       2318 11.000  28.000 244.0 90.000     3561     2313     3590     2325     29     12      3561      2313      3589      2313      3589      2324      3561      2324      3536      2288      3615      2350 PARcau 6.330441e-01 5.797751e-03 0.361158
    62   0       2251       2621 12.258  31.085 278.5 78.690     2237     2614     2268     2629     31     15      2235      2618      2266      2612      2268      2624      2238      2630      2212      2589      2293      2654 PARcau 3.380650e-02 4.821444e-04 0.965711
    63   1       3583       2319 10.000  29.000 245.0 90.000     3569     2314     3599     2325     30     11      3569      2314      3598      2314      3598      2324      3569      2324      3544      2289      3624      2350 PARcau 4.266371e-01 3.673190e-02 0.536631
    63   0       2262       2617 11.281  31.293 277.5 75.964     2248     2610     2279     2626     31     16      2246      2615      2277      2608      2279      2619      2249      2626      2223      2585      2304      2651 PARcau 1.662871e-01 4.980317e-06 0.833708
    64   1       3593       2319 11.000  29.000 254.5 90.000     3579     2314     3609     2326     30     12      3579      2314      3608      2314      3608      2325      3579      2325      3554      2289      3634      2351 PARcau 2.426275e-01 2.870004e-01 0.470372
    64   0       2274       2613 11.543  31.149 274.5 71.565     2260     2606     2290     2622     30     16      2258      2613      2287      2603      2291      2614      2261      2624      2235      2581      2315      2647 PARcau 4.683916e-03 5.300334e-06 0.995311
    65   1       3602       2320 11.000  29.000 243.5 90.000     3589     2315     3619     2327     30     12      3589      2315      3618      2315      3618      2326      3589      2326      3564      2290      3644      2352 PARcau 2.675921e-01 1.137972e-01 0.618611
    65   0       2285       2610 11.281  32.500 275.0 75.964     2271     2604     2303     2618     32     14      2269      2608      2300      2600      2303      2611      2271      2619      2246      2579      2328      2643 PARcau 7.949687e-03 6.314110e-06 0.992044
    66   1       3613       2320 11.000  30.000 256.0 90.000     3599     2315     3630     2327     31     12      3599      2315      3629      2315      3629      2326      3599      2326      3574      2290      3655      2352 PARcau 6.248925e-03 1.985251e-02 0.973899
    66   0       2297       2607 11.180  31.401 263.0 80.538     2283     2601     2314     2615     31     14      2281      2604      2312      2599      2314      2610      2283      2615      2258      2576      2339      2640 PARcau 9.167865e-02 4.713967e-06 0.908317
    67   1       3624       2320 11.543  29.210 255.5  6.340     3610     2315     3640     2328     30     13      3610      2313      3639      2316      3638      2328      3609      2324      3585      2290      3665      2353 PARcau 7.696989e-03 4.727190e-02 0.945031
    67   0       2309       2605 11.543  31.197 274.0 83.660     2294     2600     2326     2613     32     13      2293      2601      2324      2597      2325      2609      2294      2612      2269      2575      2351      2638 PARcau 4.773497e-03 1.222850e-04 0.995104
    68   1       3634       2320 11.000  29.000 251.5 90.000     3620     2315     3650     2327     30     12      3620      2315      3649      2315      3649      2326      3620      2326      3595      2290      3675      2352 PARcau 6.783576e-03 1.202395e-01 0.872977
    68   0       2321       2604 11.000  31.000 264.0 90.000     2306     2599     2338     2611     32     12      2306      2599      2337      2599      2337      2610      2306      2610      2281      2574      2363      2636 PARcau 6.980277e-01 5.307583e-06 0.301967
    69   1       3644       2320 11.000  29.000 255.0 90.000     3630     2315     3660     2327     30     12      3630      2315      3659      2315      3659      2326      3630      2326      3605      2290      3685      2352 PARcau 4.389587e-01 1.286006e-03 0.559755
    69   0       2333       2603 10.000  31.000 255.5 90.000     2318     2598     2350     2609     32     11      2318      2598      2349      2598      2349      2608      2318      2608      2293      2573      2375      2634 PARcau 5.572771e-01 5.264111e-04 0.442196
    70   0       2344       2601 11.045  30.265 257.5 82.875     2330     2596     2361     2609     31     13      2329      2598      2359      2594      2360      2605      2330      2609      2305      2571      2386      2634 PARcau 3.990495e-02 3.462718e-04 0.959749
    70   1       3655       2320 11.000  29.000 254.5 90.000     3641     2315     3671     2327     30     12      3641      2315      3670      2315      3670      2326      3641      2326      3616      2290      3696      2352 PARcau 2.424218e-01 3.406230e-03 0.754172
    71   0       2355       2599 11.102  30.761 264.0 81.870     2341     2594     2372     2607     31     13      2340      2596      2370      2592      2372      2603      2341      2607      2316      2569      2397      2632 PARcau 5.366931e-02 5.182229e-04 0.945812
    71   1       3666       2319 11.000  29.000 254.0 90.000     3652     2314     3682     2326     30     12      3652      2314      3681      2314      3681      2325      3652      2325      3627      2289      3707      2351 PARcau 3.197211e-01 6.405334e-03 0.673874
    72   1       3677       2318 11.000  29.000 255.0 90.000     3663     2313     3693     2325     30     12      3663      2313      3692      2313      3692      2324      3663      2324      3638      2288      3718      2350 PARcau 6.299534e-03 1.680640e-03 0.992020
    72   0       2367       2596 12.021  30.992 267.5 71.565     2353     2590     2384     2604     31     14      2351      2595      2381      2586      2384      2597      2355      2607      2328      2565      2409      2629 PARcau 1.868782e-01 3.472859e-05 0.813087
    73   0       2378       2592 11.543  31.149 270.0 71.565     2364     2586     2394     2601     30     15      2362      2592      2391      2582      2395      2593      2365      2603      2339      2561      2419      2626 PARcau 4.775172e-06 2.503325e-06 0.999993
    73   1       3688       2317 11.000  29.000 250.0 90.000     3674     2312     3704     2324     30     12      3674      2312      3703      2312      3703      2323      3674      2323      3649      2287      3729      2349 PARcau 9.822719e-02 2.134817e-02 0.880425
    74   0       2389       2589 10.440  31.623 256.5 71.565     2375     2583     2406     2597     31     14      2373      2589      2403      2579      2406      2589      2376      2599      2350      2558      2431      2622 PARcau 1.101556e-02 8.267183e-07 0.988984
    74   1       3700       2315 11.000  29.000 257.5 90.000     3686     2310     3716     2322     30     12      3686      2310      3715      2310      3715      2321      3686      2321      3661      2285      3741      2347 PARcau 1.154633e-01 7.166222e-05 0.884465
    75   0       2401       2586 11.885  30.696 258.5 78.690     2387     2581     2418     2594     31     13      2385      2583      2415      2577      2418      2588      2388      2595      2362      2556      2443      2619 PARcau 4.931492e-01 1.607680e-04 0.506690
    75   1       3711       2314 11.000  30.000 252.0 90.000     3697     2309     3728     2321     31     12      3697      2309      3727      2309      3727      2320      3697      2320      3672      2284      3753      2346 PARcau 1.545559e-01 1.730076e-05 0.845427
    76   0       2413       2585 11.543  31.325 266.5 81.870     2399     2579     2431     2592     32     13      2398      2581      2429      2576      2430      2588      2399      2592      2374      2554      2456      2617 PARcau 4.054495e-01 3.622172e-03 0.590928
    76   1       3723       2312 10.000  30.000 245.0 90.000     3709     2308     3740     2319     31     11      3709      2308      3739      2308      3739      2318      3709      2318      3684      2283      3765      2344 PARcau 2.493137e-01 5.070143e-03 0.745616
    77   0       2426       2584 11.000  31.000 268.5 90.000     2411     2579     2443     2591     32     12      2411      2579      2442      2579      2442      2590      2411      2590      2386      2554      2468      2616 PARcau 3.074561e-01 2.039977e-03 0.690504
    77   1       3735       2312 11.000  30.000 252.0 90.000     3721     2307     3752     2319     31     12      3721      2307      3751      2307      3751      2318      3721      2318      3696      2282      3777      2344 PARcau 8.073902e-01 3.113375e-05 0.192579
    77   2       4769        591  5.385   9.487  25.5 71.565     4765      589     4775      596     10      7      4763       590      4772       587      4774       592      4765       595      4740       564      4800       621 PARcau 2.357455e-01 2.738480e-06 0.764252
    78   2       4767        592  7.000  11.000  40.0 90.000     4762      589     4774      597     12      8      4762       589      4773       589      4773       596      4762       596      4737       564      4799       622 PARcau 4.945232e-02 1.630201e-05 0.950531
    78   0       2438       2583 10.000  30.000 250.5 90.000     2424     2579     2455     2590     31     11      2424      2579      2454      2579      2454      2589      2424      2589      2399      2554      2480      2615 PARcau 1.518523e-01 2.488541e-03 0.845659
    78   1       3747       2312 10.000  29.000 238.5 90.000     3734     2307     3764     2318     30     11      3734      2307      3763      2307      3763      2317      3734      2317      3709      2282      3789      2343 PARcau 1.617561e-02 5.370140e-05 0.983771
    79   2       4766        592  7.159  12.855  51.5 75.964     4761      589     4774      597     13      8      4760       590      4772       587      4774       594      4761       597      4736       564      4799       622 PARcau 1.035591e-03 1.011831e-04 0.998863
    79   0       2449       2583 11.000  29.000 248.0 90.000     2436     2578     2466     2590     30     12      2436      2578      2465      2578      2465      2589      2436      2589      2411      2553      2491      2615 PARcau 7.228026e-01 2.216827e-04 0.276976
    79   1       3759       2312 11.000  30.000 253.5 90.000     3745     2307     3776     2319     31     12      3745      2307      3775      2307      3775      2318      3745      2318      3720      2282      3801      2344 PARcau 7.180898e-02 6.263897e-02 0.865552
    80   2       4764        592  7.071  11.180  55.0 81.870     4759      589     4771      598     12      9      4758       590      4769       588      4770       595      4759       597      4734       564      4796       623 PARcau 1.453036e-01 4.205152e-06 0.854692
    80   0       2461       2581 11.000  29.000 247.0 90.000     2447     2576     2477     2588     30     12      2447      2576      2476      2576      2476      2587      2447      2587      2422      2551      2502      2613 PARcau 8.797066e-01 1.212399e-05 0.120281
    80   1       3771       2313 11.000  29.000 244.5 90.000     3757     2308     3787     2320     30     12      3757      2308      3786      2308      3786      2319      3757      2319      3732      2283      3812      2345 PARcau 4.976798e-01 5.932794e-02 0.442992
    81   2       4763        592  6.325  14.866  62.0 71.565     4757      589     4771      598     14      9      4755       592      4769       587      4771       593      4757       598      4732       564      4796       623 PARcau 2.311093e-03 4.247123e-05 0.997646
    81   0       2472       2578 11.281  30.319 257.0 75.964     2458     2572     2488     2586     30     14      2456      2576      2486      2569      2488      2580      2459      2587      2433      2547      2513      2611 PARcau 1.538386e-02 6.007026e-06 0.984610
    81   1       3782       2313 11.000  29.000 250.0 90.000     3768     2308     3798     2320     30     12      3768      2308      3797      2308      3797      2319      3768      2319      3743      2283      3823      2345 PARcau 2.145188e-01 5.323534e-04 0.784949
    82   2       4762        593  7.000  15.000  65.0 90.000     4755      590     4771      598     16      8      4755       590      4770       590      4770       597      4755       597      4730       565      4796       623 PARcau 1.247217e-03 8.357860e-05 0.998669
    82   0       2482       2574 11.281  31.532 267.5 75.964     2468     2568     2499     2583     31     15      2466      2573      2497      2565      2499      2576      2469      2584      2443      2543      2524      2608 PARcau 3.565260e-02 2.644181e-06 0.964345
    82   1       3793       2313 11.000  28.000 250.5 90.000     3779     2308     3808     2320     29     12      3779      2308      3807      2308      3807      2319      3779      2319      3754      2283      3833      2345 PARcau 7.364743e-01 2.059605e-03 0.261466
    83   2       4761        593  7.000  13.000  57.5 90.000     4754      590     4768      598     14      8      4754       590      4767       590      4767       597      4754       597      4729       565      4793       623 PARcau 2.950434e-03 2.271378e-04 0.996822
    83   1       3803       2312 11.000  28.000 247.0 90.000     3790     2307     3819     2319     29     12      3790      2307      3818      2307      3818      2318      3790      2318      3765      2282      3844      2344 PARcau 2.458479e-01 7.058730e-02 0.683565
    83   0       2494       2571 11.705  30.676 257.5 71.565     2480     2565     2511     2579     31     14      2478      2570      2507      2560      2511      2571      2482      2581      2455      2540      2536      2604 PARcau 5.434533e-01 3.859278e-06 0.456543
    84   2       4760        592  5.590  14.221  47.5 78.690     4753      590     4768      597     15      7      4752       591      4766       589      4767       594      4753       597      4728       565      4793       622 PARcau 4.777592e-04 2.794658e-07 0.999522
    84   1       3814       2311 11.000  28.000 239.0 90.000     3801     2306     3830     2318     29     12      3801      2306      3829      2306      3829      2317      3801      2317      3776      2281      3855      2343 PARcau 6.131680e-02 2.424335e-04 0.938441
    84   0       2506       2568 10.920  30.923 251.5 75.964     2491     2562     2522     2575     31     13      2489      2566      2519      2559      2522      2569      2492      2577      2466      2537      2547      2600 PARcau 4.332453e-02 8.362708e-05 0.956592
    85   2       4758        593  6.042   8.276  28.0 63.435     4753      590     4764      597     11      7      4753       592      4760       589      4763       594      4755       598      4728       565      4789       622 PARcau 1.901985e-02 2.891088e-04 0.980691
    85   1       3825       2309 11.000  28.000 247.0 90.000     3812     2304     3841     2316     29     12      3812      2304      3840      2304      3840      2315      3812      2315      3787      2279      3866      2341 PARcau 1.463587e-01 1.565382e-05 0.853626
    85   0       2517       2566 11.000  29.000 248.0 90.000     2504     2561     2534     2573     30     12      2504      2561      2533      2561      2533      2572      2504      2572      2479      2536      2559      2598 PARcau 3.945101e-02 3.769837e-05 0.960511
    86   0       2529       2565 10.000  30.000 249.0 90.000     2515     2561     2546     2572     31     11      2515      2561      2545      2561      2545      2571      2515      2571      2490      2536      2571      2597 PARcau 2.606630e-01 5.668617e-03 0.733668
    86   1       3837       2307 11.045  27.295 243.5 81.870     3824     2302     3852     2315     28     13      3823      2304      3850      2300      3851      2311      3824      2315      3799      2277      3877      2340 PARcau 5.633555e-03 4.019836e-04 0.993964
    87   0       2541       2565 11.000  30.000 247.0 90.000     2527     2560     2558     2572     31     12      2527      2560      2557      2560      2557      2571      2527      2571      2502      2535      2583      2597 PARcau 1.604716e-01 9.299703e-03 0.830229
    87   1       3848       2306 11.000  29.000 249.0 90.000     3834     2301     3864     2313     30     12      3834      2301      3863      2301      3863      2312      3834      2312      3809      2276      3889      2338 PARcau 1.136515e-02 2.353302e-04 0.988400
    88   0       2553       2564 11.000  29.000 243.0 90.000     2539     2559     2569     2571     30     12      2539      2559      2568      2559      2568      2570      2539      2570      2514      2534      2594      2596 PARcau 6.048423e-02 7.015453e-03 0.932500
    88   1       3859       2305 11.000  30.000 261.0 90.000     3845     2300     3876     2312     31     12      3845      2300      3875      2300      3875      2311      3845      2311      3820      2275      3901      2337 PARcau 1.572929e-01 4.034067e-02 0.802366
    89   0       2563       2562 11.102  28.779 245.0 81.870     2550     2557     2579     2570     29     13      2549      2559      2577      2555      2579      2566      2550      2570      2525      2532      2604      2595 PARcau 1.349748e-02 2.160859e-04 0.986286
    89   1       3871       2304 11.000  30.000 256.0 90.000     3857     2299     3888     2311     31     12      3857      2299      3887      2299      3887      2310      3857      2310      3832      2274      3913      2336 PARcau 3.325124e-01 1.226939e-02 0.655218
    90   2       4759        601  7.000   7.000  32.0 90.000     4756      598     4764      606      8      8      4756       598      4763       598      4763       605      4756       605      4731       573      4789       631 PARcau 2.100824e-04 1.149110e-04 0.999675
    90   0       2574       2559 11.281  29.125 253.5 78.690     2560     2553     2589     2567     29     14      2558      2557      2587      2551      2589      2562      2561      2568      2535      2528      2614      2592 PARcau 7.040238e-02 4.083752e-06 0.929594
    90   1       3883       2304 11.000  30.000 256.5 90.000     3869     2299     3900     2311     31     12      3869      2299      3899      2299      3899      2310      3869      2310      3844      2274      3925      2336 PARcau 9.482802e-03 2.036424e-03 0.988481
    91   2       4759        603  8.062  13.038  64.0 30.964     4754      598     4765      609     11     11      4759       595      4766       599      4759       610      4752       606      4729       573      4790       634 PARcau 8.017496e-06 3.158882e-04 0.999676
    91   0       2584       2556 11.236  29.568 253.5 71.565     2571     2549     2600     2564     29     15      2569      2555      2597      2546      2601      2556      2573      2566      2546      2524      2625      2589 PARcau 1.503310e-02 1.170548e-04 0.984850
    91   1       3894       2305 11.000  29.000 257.5 90.000     3880     2300     3910     2312     30     12      3880      2300      3909      2300      3909      2311      3880      2311      3855      2275      3935      2337 PARcau 1.160147e-01 4.763346e-03 0.879222
    92   2       4759        604  7.211  12.806  71.0 36.870     4754      599     4765      611     11     12      4752       607      4760       597      4766       601      4758       611      4729       574      4790       636 PARcau 3.080623e-04 9.629001e-04 0.998729
    92   0       2596       2552 11.402  29.833 254.5 75.964     2582     2546     2612     2560     30     14      2580      2550      2609      2543      2612      2554      2583      2561      2557      2521      2637      2585 PARcau 3.231077e-03 2.935219e-05 0.996740
    92   1       3905       2306 11.000  28.000 248.0 90.000     3892     2301     3921     2313     29     12      3892      2301      3920      2301      3920      2312      3892      2312      3867      2276      3946      2338 PARcau 9.765608e-03 1.501136e-02 0.975223
    93   2       4759        604  7.906  13.509  72.5 36.870     4754      599     4765      612     11     13      4751       607      4760       597      4766       601      4758       612      4729       574      4790       637 PARcau 1.140886e-03 1.534601e-03 0.997324
    93   0       2607       2549 10.920  29.954 249.5 75.964     2593     2543     2623     2557     30     14      2591      2547      2620      2540      2623      2550      2594      2558      2568      2518      2648      2582 PARcau 4.548876e-02 1.076291e-06 0.954510
    93   1       3916       2306 11.000  27.000 245.5 90.000     3903     2301     3931     2313     28     12      3903      2301      3930      2301      3930      2312      3903      2312      3878      2276      3956      2338 PARcau 4.707410e-01 5.345263e-03 0.523914
    94   2       4759        605  8.602  12.806  72.5 36.870     4754      599     4765      612     11     13      4751       607      4759       597      4766       602      4758       612      4729       574      4790       637 PARcau 2.354922e-04 2.305661e-04 0.999534
    94   1       3926       2305 12.000  28.000 247.5 90.000     3913     2300     3942     2313     29     13      3913      2300      3941      2300      3941      2312      3913      2312      3888      2275      3967      2338 PARcau 2.490098e-01 6.141706e-04 0.750376
    94   0       2618       2547 11.000  30.000 254.0 90.000     2604     2542     2635     2554     31     12      2604      2542      2634      2542      2634      2553      2604      2553      2579      2517      2660      2579 PARcau 1.704808e-01 4.430698e-05 0.829475
    95   2       4758        605  7.826  12.971  66.5 26.565     4754      599     4765      612     11     13      4758       597      4765       601      4759       612      4752       609      4729       574      4790       637 PARcau 5.105734e-03 1.742429e-02 0.977470
    95   1       3937       2304 11.000  28.000 247.5 90.000     3924     2299     3953     2311     29     12      3924      2299      3952      2299      3952      2310      3924      2310      3899      2274      3978      2336 PARcau 5.157319e-01 6.439302e-04 0.483624
    95   0       2630       2545 11.000  30.000 248.0  0.000     2616     2540     2647     2552     31     12      2616      2540      2646      2540      2646      2551      2616      2551      2591      2515      2672      2577 PARcau 5.427340e-02 1.952499e-04 0.945531
    96   2       4759        605  7.211  13.601  52.5 33.690     4754      600     4765      613     11     13      4752       609      4760       598      4766       602      4758       613      4729       575      4790       638 PARcau 4.808289e-03 3.872407e-03 0.991319
    96   0       2641       2545 11.000  29.000 243.0 90.000     2628     2540     2658     2552     30     12      2628      2540      2657      2540      2657      2551      2628      2551      2603      2515      2683      2577 PARcau 6.974106e-01 5.254874e-04 0.302064
    96   1       3948       2302 11.000  27.000 244.5 90.000     3935     2297     3963     2309     28     12      3935      2297      3962      2297      3962      2308      3935      2308      3910      2272      3988      2334 PARcau 3.564532e-02 2.159153e-03 0.962196
    97   2       4758        607  6.364  10.607  27.5 45.000     4754      602     4763      614      9     12      4752       608      4760       600      4764       605      4757       612      4729       577      4788       639 PARcau 4.875151e-04 7.788326e-05 0.999435
    97   0       2653       2544 11.000  29.000 253.5 90.000     2639     2539     2669     2551     30     12      2639      2539      2668      2539      2668      2550      2639      2550      2614      2514      2694      2576 PARcau 6.667650e-01 2.534467e-03 0.330701
    97   1       3960       2300 11.000  29.000 245.5 90.000     3946     2295     3976     2307     30     12      3946      2295      3975      2295      3975      2306      3946      2306      3921      2270      4001      2332 PARcau 9.989226e-04 3.047184e-04 0.998696
    98   0       2663       2543 11.000  28.000 242.0 90.000     2650     2538     2679     2550     29     12      2650      2538      2678      2538      2678      2549      2650      2549      2625      2513      2704      2575 PARcau 1.385740e-02 2.353137e-06 0.986140
    98   1       3973       2298 11.000  30.000 245.5 90.000     3958     2293     3989     2305     31     12      3958      2293      3988      2293      3988      2304      3958      2304      3933      2268      4014      2330 PARcau 8.286558e-03 8.368855e-06 0.991705
    99   0       2674       2540 12.000  27.000 246.5 90.000     2661     2535     2689     2548     28     13      2661      2535      2688      2535      2688      2547      2661      2547      2636      2510      2714      2573 PARcau 1.110467e-02 1.894088e-04 0.988706
    99   1       3986       2297 11.000  29.000 246.0 90.000     3972     2292     4002     2304     30     12      3972      2292      4001      2292      4001      2303      3972      2303      3947      2267      4027      2329 PARcau 2.627712e-01 4.220948e-02 0.695019
   100   0       2684       2537 12.369  28.862 255.0 75.964     2671     2531     2700     2546     29     15      2669      2535      2697      2528      2700      2540      2672      2547      2646      2506      2725      2571 PARcau 1.403613e-03 2.680893e-07 0.998596
   100   1       3997       2298 11.000  31.000 265.5 90.000     3982     2293     4014     2305     32     12      3982      2293      4013      2293      4013      2304      3982      2304      3957      2268      4039      2330 PARcau 2.448899e-01 1.332524e-02 0.741785
   101   0       2695       2534 11.281  28.377 243.0 75.964     2682     2527     2710     2542     28     15      2680      2532      2708      2525      2710      2536      2683      2543      2657      2502      2735      2567 PARcau 1.857462e-04 1.905054e-07 0.999814
   101   1       4009       2300 11.180  30.594 265.0 12.529     3994     2295     4026     2308     32     13      3995      2292      4025      2298      4023      2309      3993      2303      3969      2270      4051      2333 PARcau 5.892714e-03 3.534211e-04 0.993754
   102   0       2706       2530 11.543  28.935 245.0 71.565     2693     2524     2722     2539     29     15      2691      2529      2718      2520      2722      2531      2694      2540      2668      2499      2747      2564 PARcau 4.549190e-02 1.319943e-05 0.954495
   102   1       4020       2303 11.597  31.977 271.5  9.462     4005     2297     4037     2310     32     13      4005      2294      4036      2300      4035      2311      4003      2306      3980      2272      4062      2335 PARcau 5.031123e-04 1.032438e-06 0.999496
   103   0       2716       2527 10.920  29.954 251.0 75.964     2703     2521     2733     2535     30     14      2701      2525      2730      2518      2733      2528      2704      2536      2678      2496      2758      2560 PARcau 9.882841e-03 6.560800e-06 0.990111
   103   1       4030       2304 11.000  30.000 264.0 90.000     4016     2299     4047     2311     31     12      4016      2299      4046      2299      4046      2310      4016      2310      3991      2274      4072      2336 PARcau 3.138029e-03 1.119070e-04 0.996750
   104   1       4040       2305 11.000  31.000 271.0 90.000     4026     2300     4058     2312     32     12      4026      2300      4057      2300      4057      2311      4026      2311      4001      2275      4083      2337 PARcau 8.746453e-02 3.366217e-01 0.575914
   104   0       2727       2524 11.402  29.833 247.5 75.964     2713     2519     2743     2532     30     13      2711      2522      2740      2515      2743      2526      2714      2533      2688      2494      2768      2557 PARcau 2.982238e-03 1.512748e-05 0.997003
   105   0       2737       2523 11.000  29.000 239.5 90.000     2724     2518     2754     2530     30     12      2724      2518      2753      2518      2753      2529      2724      2529      2699      2493      2779      2555 PARcau 9.557353e-02 5.196276e-03 0.899230
   105   1       4050       2304 11.000  31.000 272.0 90.000     4035     2299     4067     2311     32     12      4035      2299      4066      2299      4066      2310      4035      2310      4010      2274      4092      2336 PARcau 1.011223e-02 6.585248e-03 0.983303
   106   1       4058       2303 11.000  31.000 263.5 90.000     4043     2299     4075     2311     32     12      4043      2299      4074      2299      4074      2310      4043      2310      4018      2274      4100      2336 PARcau 4.422516e-02 1.327357e-03 0.954447
   106   0       2748       2521 11.000  29.000 236.5 90.000     2734     2516     2764     2528     30     12      2734      2516      2763      2516      2763      2527      2734      2527      2709      2491      2789      2553 PARcau 5.983603e-01 5.241856e-05 0.401587
   107   1       4066       2302 11.543  30.104 264.0 85.914     4051     2297     4082     2310     31     13      4050      2298      4080      2296      4081      2307      4051      2310      4026      2272      4107      2335 PARcau 8.401744e-03 5.034442e-04 0.991095
   107   0       2758       2520 11.000  28.000 239.5 90.000     2745     2515     2774     2527     29     12      2745      2515      2773      2515      2773      2526      2745      2526      2720      2490      2799      2552 PARcau 1.052757e-02 5.028186e-04 0.988970
   108   1       4074       2301 11.597  30.830 262.0 81.870     4060     2296     4091     2309     31     13      4059      2298      4089      2293      4091      2305      4060      2309      4035      2271      4116      2334 PARcau 7.984371e-02 1.349909e-03 0.918806
   108   0       2767       2519 11.000  28.000 239.0 90.000     2754     2514     2783     2526     29     12      2754      2514      2782      2514      2782      2525      2754      2525      2729      2489      2808      2551 PARcau 6.920221e-02 3.231187e-02 0.898486
   108   2       4752        625  6.042  11.853  37.5 26.565     4748      619     4757      631      9     12      4753       618      4759       621      4753       631      4748       629      4723       594      4782       656 PARcau 1.360343e-01 9.760604e-03 0.854205
   109   2       4752        626  5.657  12.042  42.0 45.000     4748      621     4757      632      9     11      4746       628      4755       620      4759       624      4750       632      4723       596      4782       657 PARcau 2.478708e-02 6.179375e-04 0.974595
   109   0       2777       2517 11.000  27.000 231.0 90.000     2764     2512     2792     2524     28     12      2764      2512      2791      2512      2791      2523      2764      2523      2739      2487      2817      2549 PARcau 1.839533e-03 6.991701e-06 0.998154
   109   1       4084       2299 11.597  30.700 270.0 82.875     4069     2294     4100     2307     31     13      4068      2296      4098      2292      4100      2304      4069      2307      4044      2269      4125      2332 PARcau 2.202956e-02 3.460777e-04 0.977624
   110   2       4752        627  5.657  14.142  44.5 45.000     4746      621     4757      634     11     13      4745       630      4755       620      4759       624      4749       634      4721       596      4782       659 PARcau 5.950660e-04 7.923937e-04 0.998613
   110   1       4092       2298 12.093  30.647 275.0 83.660     4078     2292     4109     2306     31     14      4077      2294      4107      2291      4109      2303      4078      2306      4053      2267      4134      2331 PARcau 1.014091e-03 1.994079e-05 0.998966
   110   0       2787       2515 11.180  28.284 234.5 80.538     2774     2510     2802     2523     28     13      2772      2512      2800      2508      2802      2519      2774      2523      2749      2485      2827      2548 PARcau 9.128854e-03 1.418805e-04 0.990729
   111   2       4750        629  5.657  15.556  67.5 45.000     4744      623     4757      637     13     14      4743       633      4754       622      4758       626      4747       637      4719       598      4782       662 PARcau 1.814215e-01 2.034915e-04 0.818375
   111   0       2796       2512 11.769  28.258 238.5 75.964     2783     2506     2811     2520     28     14      2781      2510      2809      2504      2811      2515      2784      2522      2758      2481      2836      2545 PARcau 1.284125e-02 7.582342e-06 0.987151
   111   1       4102       2296 11.597  30.830 270.0 81.870     4087     2291     4118     2304     31     13      4086      2293      4116      2289      4118      2300      4087      2305      4062      2266      4143      2329 PARcau 1.626545e-03 7.047127e-06 0.998366
   112   2       4748        631  7.211  18.028  70.0 33.690     4743      623     4757      638     14     15      4741       635      4751       620      4757       624      4747       639      4718       598      4782       663 PARcau 4.584203e-03 1.601781e-03 0.993814
   112   1       4109       2295 11.402  30.806 271.5 77.471     4095     2288     4126     2303     31     15      4093      2293      4123      2286      4126      2297      4096      2304      4070      2263      4151      2328 PARcau 1.114773e-02 1.396778e-05 0.988838
   112   0       2806       2509 11.402  28.460 241.5 71.565     2793     2502     2821     2517     28     15      2791      2508      2818      2499      2821      2510      2794      2519      2768      2477      2846      2542 PARcau 1.031549e-01 9.114973e-06 0.896836
   113   2       4748        632  7.211  16.401  64.5 35.538     4742      625     4756      639     14     14      4741       635      4751       622      4757       626      4747       639      4717       600      4781       664 PARcau 6.216323e-04 3.346713e-04 0.999044
   113   1       4117       2292 11.885  30.923 272.0 75.964     4103     2286     4133     2301     30     15      4101      2291      4131      2283      4134      2295      4104      2302      4078      2261      4158      2326 PARcau 1.182932e-01 1.783393e-03 0.879923
   113   0       2815       2505 11.705  28.460 238.0 71.565     2803     2498     2830     2514     27     16      2800      2504      2827      2495      2831      2506      2804      2515      2778      2473      2855      2539 PARcau 3.228830e-04 3.287860e-06 0.999674
   114   2       4747        633  7.778  13.435  67.0 45.000     4741      627     4753      640     12     13      4740       634      4749       625      4755       630      4745       640      4716       602      4778       665 PARcau 2.697192e-04 2.393802e-04 0.999491
   114   1       4123       2290 11.180  30.463 273.5 66.801     4109     2282     4139     2299     30     17      4107      2291      4135      2279      4140      2289      4112      2301      4084      2257      4164      2324 PARcau 1.348652e-03 2.554771e-06 0.998649
   114   0       2825       2500 11.180  29.069 247.5 63.435     2812     2493     2840     2510     28     17      2810      2502      2836      2489      2841      2499      2815      2512      2787      2468      2865      2535 PARcau 3.867768e-05 4.951254e-07 0.999961
   115   2       4746        633  7.906  13.730  61.5 56.310     4741      627     4753      640     12     13      4739       633      4750       626      4755       632      4743       640      4716       602      4778       665 PARcau 6.812752e-04 7.314137e-05 0.999246
   115   1       4129       2287 11.705  31.385 277.0 68.199     4115     2279     4145     2297     30     18      4113      2288      4142      2276      4146      2287      4117      2299      4090      2254      4170      2322 PARcau 4.616566e-03 8.081627e-07 0.995383
   115   0       2835       2496 11.180  28.178 247.0 63.435     2822     2489     2850     2505     28     16      2820      2498      2845      2485      2850      2495      2825      2508      2797      2464      2875      2530 PARcau 9.505003e-04 2.029406e-06 0.999047
   116   2       4746        634  7.071  14.142  44.0 45.000     4741      627     4753      640     12     13      4740       636      4750       626      4755       631      4745       641      4716       602      4778       665 PARcau 1.314075e-01 4.759031e-03 0.863834
   116   1       4135       2285 11.853  29.741 268.0 63.435     4122     2277     4151     2295     29     18      4120      2287      4146      2273      4152      2284      4125      2297      4097      2252      4176      2320 PARcau 3.856523e-04 4.958617e-06 0.999609
   116   0       2845       2493 10.595  28.935 242.0 71.565     2832     2486     2860     2501     28     15      2829      2492      2857      2483      2860      2493      2833      2502      2807      2461      2885      2526 PARcau 3.029368e-03 1.919056e-05 0.996951
   117   2       4746        634  6.042  10.512  32.0 63.435     4742      630     4752      640     10     10      4740       634      4749       629      4752       635      4742       639      4717       605      4777       665 PARcau 7.045412e-02 4.656121e-04 0.929080
   117   1       4141       2282 12.349  29.538 274.0 56.310     4128     2273     4156     2292     28     19      4126      2285      4151      2268      4157      2279      4133      2295      4103      2248      4181      2317 PARcau 1.185377e-01 1.358274e-04 0.881326
   117   0       2855       2489 11.543  28.935 239.5 71.565     2842     2483     2870     2498     28     15      2839      2488      2867      2479      2870      2490      2843      2499      2817      2458      2895      2523 PARcau 8.163344e-04 7.356342e-07 0.999183
   117   4       2887       2754  4.000  10.000  27.5 90.000     2883     2753     2894     2758     11      5      2883      2753      2893      2753      2893      2757      2883      2757      2858      2728      2919      2783 PARcau 5.311756e-05 1.556217e-04 0.999791
   118   1       4146       2279 12.093  29.770 271.5 60.945     4133     2270     4160     2289     27     19      4130      2281      4156      2267      4162      2277      4136      2292      4108      2245      4185      2314 PARcau 1.033785e-04 5.892020e-06 0.999891
   118   0       2865       2486 11.402  28.862 245.0 75.964     2852     2481     2881     2494     29     13      2850      2484      2878      2477      2881      2488      2853      2495      2827      2456      2906      2519 PARcau 6.560889e-01 1.411313e-06 0.343910
   119   1       4149       2276 12.349  30.373 275.5 57.529     4136     2267     4164     2287     28     20      4134      2280      4159      2263      4166      2274      4140      2290      4111      2242      4189      2312 PARcau 1.745479e-02 1.493166e-06 0.982544
   119   0       2876       2484 11.180  30.414 245.5 80.538     2862     2479     2892     2492     30     13      2860      2481      2890      2476      2892      2487      2862      2492      2837      2454      2917      2517 PARcau 6.457143e-02 1.749126e-05 0.935411
   120   1       4152       2275 12.104  29.908 272.0 52.125     4139     2265     4167     2285     28     20      4137      2279      4161      2261      4168      2270      4145      2289      4114      2240      4192      2310 PARcau 8.874271e-04 4.547894e-05 0.999067
   120   0       2887       2482 11.000  28.000 229.5 90.000     2874     2477     2903     2489     29     12      2874      2477      2902      2477      2902      2488      2874      2488      2849      2452      2928      2514 PARcau 1.048988e-01 4.663128e-04 0.894635
   121   1       4155       2273 12.042  30.480 277.5 49.399     4143     2262     4169     2284     26     22      4140      2278      4163      2258      4171      2267      4148      2287      4118      2237      4194      2309 PARcau 5.415658e-04 2.188175e-05 0.999437
   121   0       2898       2480 11.000  29.000 238.5 90.000     2884     2475     2914     2487     30     12      2884      2475      2913      2475      2913      2486      2884      2486      2859      2450      2939      2512 PARcau 3.800995e-01 5.456595e-05 0.619846
   122   1       4159       2269 12.728  29.698 265.5 45.000     4147     2258     4171     2282     24     24      4144      2276      4165      2255      4174      2264      4153      2285      4122      2233      4196      2307 PARcau 2.284708e-03 8.813857e-04 0.996834
   122   0       2908       2478 11.000  27.000 229.0 90.000     2895     2473     2923     2485     28     12      2895      2473      2922      2473      2922      2484      2895      2484      2870      2448      2948      2510 PARcau 1.669578e-01 1.890505e-02 0.814137
   123   1       4162       2265 11.402  30.806 269.0 36.870     4152     2253     4174     2278     22     25      4149      2274      4167      2249      4176      2256      4158      2281      4127      2228      4199      2303 PARcau 7.577321e-02 3.334525e-03 0.920892
   123   0       2917       2475 11.281  28.147 236.0 78.690     2904     2470     2932     2483     28     13      2902      2473      2930      2467      2932      2478      2905      2484      2879      2445      2957      2508 PARcau 1.251665e-03 1.612515e-05 0.998732
   123   2       4753        639  5.657   6.403  27.5 45.000     4750      636     4757      644      7      8      4753       635      4757       639      4753       644      4749       640      4725       611      4782       669 PARcau 1.071957e-03 1.284805e-02 0.986080
   124   2       4753        639  6.000   7.000  29.5 90.000     4750      636     4757      644      7      8      4750       636      4756       636      4756       643      4750       643      4725       611      4782       669 PARcau 2.155341e-02 6.141043e-02 0.917036
   124   1       4166       2260 11.402  30.000 271.5 36.870     4156     2248     4177     2274     21     26      4153      2269      4171      2245      4180      2252      4162      2276      4131      2223      4202      2299 PARcau 1.730667e-04 1.393379e-04 0.999688
   124   0       2926       2473 11.281  28.377 238.0 75.964     2913     2466     2941     2481     28     15      2911      2471      2939      2464      2941      2475      2914      2482      2888      2441      2966      2506 PARcau 7.972241e-04 1.421856e-05 0.999189
   125   2       4753        639  6.000   7.000  30.0 90.000     4750      636     4757      644      7      8      4750       636      4756       636      4756       643      4750       643      4725       611      4782       669 PARcau 7.187753e-03 5.625052e-02 0.936562
   125   1       4170       2256 12.420  28.745 273.5 39.806     4159     2244     4181     2269     22     25      4156      2263      4175      2241      4184      2249      4166      2271      4134      2219      4206      2294 PARcau 2.213764e-04 4.142726e-05 0.999737
   125   0       2935       2469 11.705  28.460 242.0 71.565     2922     2462     2950     2477     28     15      2920      2468      2947      2459      2951      2470      2924      2479      2897      2437      2975      2502 PARcau 6.654124e-02 1.702445e-05 0.933442
   126   1       4174       2250 12.349  30.373 282.0 33.690     4164     2238     4186     2264     22     26      4161      2260      4178      2234      4188      2241      4172      2266      4139      2213      4211      2289 PARcau 6.513970e-05 4.022680e-04 0.999533
   126   0       2945       2465 11.068  29.095 246.0 71.565     2932     2458     2960     2474     28     16      2930      2465      2957      2455      2961      2466      2933      2475      2907      2433      2985      2499 PARcau 5.157886e-05 1.061519e-06 0.999947
   127   1       4180       2244 12.777  29.585 277.5 30.964     4170     2231     4191     2257     21     26      4167      2253      4182      2227      4193      2234      4178      2259      4145      2206      4216      2282 PARcau 2.233932e-04 2.568653e-05 0.999751
   127   0       2955       2461 11.885  29.618 246.5 68.199     2942     2454     2970     2470     28     16      2939      2461      2967      2450      2971      2461      2944      2472      2917      2429      2995      2495 PARcau 4.759316e-06 2.308734e-07 0.999995
   128   0       2965       2457 10.770  29.155 237.5 68.199     2952     2450     2980     2465     28     15      2950      2457      2977      2446      2981      2456      2954      2467      2927      2425      3005      2490 PARcau 7.812846e-04 9.679901e-07 0.999218
   128   1       4186       2235 11.662  30.529 271.0 32.005     4176     2223     4197     2249     21     26      4173      2245      4189      2219      4199      2225      4183      2251      4151      2198      4222      2274 PARcau 2.789645e-03 1.377934e-03 0.995833
   129   0       2975       2453 10.770  30.083 251.5 68.199     2962     2446     2991     2462     29     16      2959      2453      2987      2442      2991      2452      2963      2463      2937      2421      3016      2487 PARcau 1.120827e-01 2.192768e-06 0.887915
   129   1       4192       2226 12.500  29.004 270.5 36.870     4183     2213     4203     2240     20     27      4179      2233      4196      2210      4206      2217      4189      2241      4158      2188      4228      2265 PARcau 2.446499e-03 1.796175e-03 0.995757
   130   0       2986       2449 10.920  29.568 244.5 71.565     2973     2443     3002     2458     29     15      2971      2448      2999      2439      3002      2449      2974      2459      2948      2418      3027      2483 PARcau 2.432073e-02 2.497096e-06 0.975677
   130   1       4198       2215 12.207  30.232 270.0 33.690     4189     2203     4209     2230     20     27      4185      2224      4202      2199      4212      2206      4195      2231      4164      2178      4234      2255 PARcau 4.216406e-06 4.983713e-05 0.999946
   131   0       2997       2446 11.769  30.008 242.0 78.690     2983     2441     3013     2454     30     13      2981      2443      3010      2438      3013      2449      2983      2455      2958      2416      3038      2479 PARcau 1.489022e-03 7.386128e-06 0.998504
   131   1       4205       2205 11.853  29.741 268.5 26.565     4196     2192     4215     2219     19     27      4193      2215      4206      2188      4217      2194      4203      2220      4171      2167      4240      2244 PARcau 2.895630e-04 1.683368e-03 0.998027
   132   0       3008       2444 11.102  29.770 242.5 81.870     2994     2439     3024     2452     30     13      2992      2440      3022      2436      3023      2447      2994      2451      2969      2414      3049      2477 PARcau 7.201721e-03 1.083969e-05 0.992787
   132   1       4211       2194 12.093  30.270 270.5 30.964     4202     2182     4222     2209     20     27      4198      2204      4213      2178      4224      2184      4208      2210      4177      2157      4247      2234 PARcau 4.207205e-05 2.695495e-04 0.999688
   133   0       3019       2442 11.000  29.000 239.5 90.000     3006     2437     3036     2449     30     12      3006      2437      3035      2437      3035      2448      3006      2448      2981      2412      3061      2474 PARcau 2.192567e-02 2.285002e-04 0.977846
   133   1       4218       2184 12.500  29.602 278.0 36.870     4209     2171     4229     2198     20     27      4204      2191      4222      2168      4232      2175      4214      2199      4184      2146      4254      2223 PARcau 1.244845e-03 3.155811e-03 0.995599
   134   0       3031       2440 11.000  29.000 235.0 90.000     3017     2435     3047     2447     30     12      3017      2435      3046      2435      3046      2446      3017      2446      2992      2410      3072      2472 PARcau 1.292388e-01 5.295463e-03 0.865466
   134   1       4225       2173 12.619  29.954 274.5 33.690     4216     2161     4236     2187     20     26      4212      2182      4228      2157      4239      2164      4222      2189      4191      2136      4261      2212 PARcau 2.184533e-06 1.846728e-06 0.999996
   135   0       3041       2438 11.402  28.636 234.0 78.690     3028     2432     3057     2445     29     13      3026      2435      3054      2429      3057      2440      3029      2446      3003      2407      3082      2470 PARcau 1.303237e-02 1.401953e-02 0.972948
   135   1       4232       2163 11.662  30.232 281.0 33.690     4223     2151     4244     2177     21     26      4219      2172      4236      2147      4246      2153      4229      2178      4198      2126      4269      2202 PARcau 1.490332e-04 4.953531e-05 0.999801
   136   0       3052       2435 10.440  28.460 231.0 71.565     3039     2429     3067     2443     28     14      3037      2434      3064      2425      3067      2435      3040      2444      3014      2404      3092      2468 PARcau 9.782927e-04 7.071900e-04 0.998314
   136   1       4240       2153 11.511  29.538 275.0 33.690     4230     2141     4252     2167     22     26      4227      2161      4244      2137      4253      2143      4237      2168      4205      2116      4277      2192 PARcau 1.815176e-03 2.775604e-04 0.997907
   137   0       3062       2431 11.543  28.935 236.0 71.565     3050     2424     3078     2439     28     15      3048      2430      3075      2421      3079      2432      3051      2441      3025      2399      3103      2464 PARcau 3.490426e-03 1.171696e-03 0.995338
   137   1       4247       2142 12.806  30.610 280.5 38.660     4238     2129     4259     2156     21     27      4233      2150      4252      2126      4262      2134      4243      2158      4213      2104      4284      2181 PARcau 4.455977e-05 3.506411e-04 0.999605
   137   5       2212         90 11.000  11.000  93.0 90.000     2207       85     2219       97     12     12      2207        85      2218        85      2218        96      2207        96      2182        60      2244       122 PARcau 7.075188e-02 1.839610e-01 0.745287
   138   5       2215         93 10.296  17.493 126.5 59.036     2210       86     2223      102     13     16      2215        83      2224        98      2215       103      2206        88      2185        61      2248       127 PARcau 1.941101e-01 5.133756e-03 0.800756
   138   0       3072       2427 11.885  29.618 250.0 68.199     3059     2420     3088     2436     29     16      3057      2427      3084      2416      3089      2427      3061      2438      3034      2395      3113      2461 PARcau 1.125299e-04 7.924423e-02 0.920643
   138   1       4254       2131 11.662  31.064 281.0 33.690     4245     2118     4265     2145     20     27      4241      2141      4258      2115      4268      2121      4251      2147      4220      2093      4290      2170 PARcau 2.467637e-04 1.823613e-05 0.999735
   138   6       3926        127  9.000  17.000 111.5 90.000     3917      123     3935      133     18     10      3917       123      3934       123      3934       132      3917       132      3892        98      3960       158 PARcau 4.768082e-02 4.517682e-02 0.907142
   139   6       3932        128 11.000  22.000 196.5 90.000     3922      123     3945      135     23     12      3922       123      3944       123      3944       134      3922       134      3897        98      3970       160 PARcau 1.191694e-01 2.735579e-02 0.853475
   139   5       2219         98 10.062  17.443 130.5 63.435     2213       90     2226      107     13     17      2210        92      2219        88      2227       103      2218       108      2188        65      2251       132 PARcau 2.088087e-03 2.932239e-04 0.997619
   139   0       3083       2423 11.180  29.069 236.0 63.435     3070     2416     3098     2432     28     16      3068      2424      3094      2411      3099      2421      3073      2434      3045      2391      3123      2457 PARcau 1.164511e-04 7.965286e-03 0.991918
   139   1       4261       2120 12.207  30.232 274.0 33.690     4252     2107     4271     2134     19     27      4248      2129      4265      2104      4275      2111      4258      2136      4227      2082      4296      2159 PARcau 8.721329e-03 8.670994e-03 0.982608
   140   5       2222        103  8.944  17.889 129.5 63.435     2217       95     2229      113     12     18      2222        93      2230       109      2222       113      2214        97      2192        70      2254       138 PARcau 1.211635e-01 1.735337e-02 0.861483
   140   0       3094       2419 11.180  29.069 232.0 63.435     3081     2412     3110     2427     29     15      3079      2420      3105      2407      3110      2417      3084      2430      3056      2387      3135      2452 PARcau 3.000221e-04 1.252435e-03 0.998448
   140   6       3941        129 12.000  27.000 262.5 90.000     3928      124     3956      137     28     13      3928       124      3955       124      3955       136      3928       136      3903        99      3981       162 PARcau 1.401180e-01 1.131762e-01 0.746706
   140   1       4267       2108 11.511  29.538 258.5 33.690     4258     2096     4278     2122     20     26      4254      2117      4271      2093      4280      2099      4264      2124      4233      2071      4303      2147 PARcau 2.319859e-02 1.957373e-02 0.957228
   141   5       2225        108  8.944  17.000 115.5 63.435     2220      101     2232      118     12     17      2225        99      2233       114      2225       118      2217       103      2195        76      2257       143 PARcau 5.587844e-03 1.617325e-04 0.994250
   141   0       3105       2415 10.595  29.887 238.0 71.565     3092     2409     3122     2423     30     14      3090      2414      3118      2405      3122      2415      3093      2424      3067      2384      3147      2448 PARcau 2.952768e-05 5.587926e-04 0.999412
   141   6       3949        130 14.000  26.000 291.0 90.000     3937      124     3964      139     27     15      3937       124      3963       124      3963       138      3937       138      3912        99      3989       164 PARcau 2.788152e-02 2.787599e-02 0.944243
   141   1       4274       2096 12.530  29.069 258.0 26.565     4265     2084     4284     2110     19     26      4262      2106      4275      2080      4286      2086      4273      2112      4240      2059      4309      2135 PARcau 1.510781e-04 6.417466e-04 0.999207
   142   5       2228        114  8.544  15.811 105.0 71.565     2223      107     2234      123     11     16      2221       108      2229       105      2234       120      2226       123      2198        82      2259       148 PARcau 3.533049e-02 6.681997e-03 0.957987
   142   0       3116       2412 10.595  28.935 230.0 71.565     3103     2406     3132     2420     29     14      3101      2411      3128      2402      3132      2412      3104      2421      3078      2381      3157      2445 PARcau 5.865183e-06 2.330843e-04 0.999761
   142   1       4278       2088 11.853  27.505 250.0 26.565     4270     2076     4289     2101     19     25      4267      2097      4280      2073      4290      2078      4278      2103      4245      2051      4314      2126 PARcau 5.833142e-05 2.652575e-05 0.999915
   142   6       3957        132 15.000  25.000 294.0 90.000     3946      125     3972      141     26     16      3946       125      3971       125      3971       140      3946       140      3921       100      3997       166 PARcau 7.131830e-04 5.530940e-04 0.998734
   143   5       2231        120  7.159  16.771  91.5 63.435     2227      113     2237      129     10     16      2231       111      2238       126      2232       129      2224       114      2202        88      2262       154 PARcau 4.238323e-01 1.114625e-02 0.565021
   143   0       3127       2409 11.402  28.862 235.5 75.964     3114     2404     3143     2417     29     13      3112      2407      3140      2400      3143      2411      3115      2418      3089      2379      3168      2442 PARcau 7.445287e-03 1.758248e-04 0.992379
   143   1       4284       2080 12.806  28.601 265.0 36.870     4274     2069     4295     2094     21     25      4270      2088      4287      2065      4297      2073      4280      2096      4249      2044      4320      2119 PARcau 3.416920e-03 5.092278e-03 0.991491
   143   6       3965        134 16.000  23.000 279.5 90.000     3955      127     3979      144     24     17      3955       127      3978       127      3978       143      3955       143      3930       102      4004       169 PARcau 1.554978e-03 9.167826e-03 0.989277
   144   1       4289       2075 12.021  27.577 253.0 45.000     4280     2065     4302     2087     22     22      4276      2081      4295      2061      4304      2070      4284      2089      4255      2040      4327      2112 PARcau 5.717954e-05 2.829462e-05 0.999915
   144   0       3138       2407 11.180  29.428 241.0 78.690     3125     2402     3154     2415     29     13      3123      2404      3152      2399      3154      2410      3125      2415      3100      2377      3179      2440 PARcau 6.072603e-03 1.089316e-05 0.993917
   144   5       2235        127  7.616  15.811  90.5 71.565     2231      120     2241      136     10     16      2229       121      2236       118      2241       133      2234       136      2206        95      2266       161 PARcau 2.640244e-02 1.103248e-02 0.962565
   144   6       3973        138 16.000  23.000 287.5 90.000     3963      130     3987      147     24     17      3963       130      3986       130      3986       146      3963       146      3938       105      4012       172 PARcau 2.843756e-04 4.762403e-06 0.999711
   145   1       4297       2069 12.021  28.991 273.0 45.000     4286     2059     4310     2081     24     22      4283      2075      4303      2054      4312      2063      4291      2083      4261      2034      4335      2106 PARcau 2.465036e-07 2.642741e-08 1.000000
   145   0       3149       2405 11.180  29.428 235.0 80.538     3136     2400     3165     2412     29     12      3134      2402      3163      2397      3165      2408      3136      2413      3111      2375      3190      2437 PARcau 1.839340e-01 6.761453e-04 0.815390
   145   5       2238        133  9.000  14.000  96.5 90.000     2234      126     2244      141     10     15      2234       126      2243       126      2243       140      2234       140      2209       101      2269       166 PARcau 3.374995e-03 4.775603e-04 0.996147
   145   6       3981        142 17.000  22.000 286.0 90.000     3971      134     3994      152     23     18      3971       134      3993       134      3993       151      3971       151      3946       109      4019       177 PARcau 1.617241e-03 4.429777e-04 0.997940
   146   0       3160       2403 11.402  27.893 232.5 75.964     3147     2397     3175     2411     28     14      3145      2401      3172      2394      3175      2405      3148      2412      3122      2372      3200      2436 PARcau 3.683852e-02 1.481905e-04 0.963013
   146   5       2242        139  7.159  16.771  94.5 63.435     2237      132     2248      148     11     16      2241       130      2249       145      2242       148      2235       133      2212       107      2273       173 PARcau 4.404439e-05 1.797834e-05 0.999938
   146   1       4306       2061 11.800  28.901 264.0 53.130     4295     2052     4319     2074     24     22      4291      2065      4314      2048      4321      2057      4298      2075      4270      2027      4344      2099 PARcau 8.884545e-04 3.466449e-05 0.999077
   146   6       3989        147 15.556  22.627 280.5 45.000     3979      138     4002      156     23     18      3986       133      4002       149      3991       160      3975       144      3954       113      4027       181 PARcau 4.258389e-04 1.515825e-05 0.999559
   147   0       3169       2400 11.281  28.377 236.0 75.964     3156     2394     3184     2408     28     14      3154      2398      3182      2391      3184      2402      3157      2409      3131      2369      3209      2433 PARcau 6.097209e-04 4.214099e-07 0.999390
   147   1       4314       2055 12.500  29.449 273.5 50.194     4303     2045     4328     2067     25     22      4299      2059      4322      2040      4329      2050      4307      2069      4278      2020      4353      2092 PARcau 1.429286e-01 4.935005e-03 0.852136
   147   5       2246        145  7.616  17.000  92.5 63.435     2241      138     2252      154     11     16      2245       136      2253       151      2246       154      2238       139      2216       113      2277       179 PARcau 6.239672e-06 5.368642e-06 0.999988
   147   6       3996        152 15.652  22.361 273.0 26.565     3986      143     4009      161     23     18      3990       140      4010       150      4003       164      3983       154      3961       118      4034       186 PARcau 7.432744e-03 2.197402e-03 0.990370
   148   0       3179       2396 11.543  27.681 237.0 71.565     3167     2390     3194     2405     27     15      3165      2395      3191      2387      3195      2398      3168      2406      3142      2365      3219      2430 PARcau 1.513230e-05 5.547716e-07 0.999984
   148   1       4322       2049 12.420  29.517 271.5 51.340     4311     2040     4336     2060     25     20      4307      2053      4330      2035      4338      2044      4315      2063      4286      2015      4361      2085 PARcau 1.307711e-02 5.786500e-05 0.986865
   148   5       2250        151  7.616  15.652  82.5 63.435     2245      145     2256      160     11     15      2250       143      2257       157      2250       160      2243       146      2220       120      2281       185 PARcau 2.599085e-03 3.148067e-04 0.997086
   148   6       4004        156 15.042  22.677 245.5 14.036     3995      148     4017      165     22     17      3996       146      4018       152      4014       166      3992       161      3970       123      4042       190 PARcau 7.419828e-04 1.415433e-05 0.999244
   149   1       4327       2044 12.728  29.698 289.0 45.000     4316     2034     4341     2056     25     22      4312      2050      4333      2029      4342      2038      4321      2059      4291      2009      4366      2081 PARcau 1.155546e-03 2.790034e-06 0.998842
   149   0       3189       2392 11.853  28.399 240.0 63.435     3176     2385     3204     2401     28     16      3174      2393      3200      2381      3205      2391      3180      2404      3151      2360      3229      2426 PARcau 5.302305e-06 1.054441e-08 0.999995
   149   5       2253        156  6.103  12.619  59.5 56.310     2250      151     2259      163      9     12      2252       149      2259       160      2254       163      2247       153      2225       126      2284       188 PARcau 5.916992e-06 6.401749e-06 0.999988
   149   6       4014        161 13.416  22.361 227.0 26.565     4004      154     4027      169     23     15      4007       151      4027       161      4021       173      4001       163      3979       129      4052       194 PARcau 9.994146e-03 3.002608e-04 0.989706