 Frame  ID  CentroidX  CentroidY  Width  Length  Area  Angle  Box_TLX  Box_TLY  Box_BRX  Box_BRY  Box_W  Box_H  rBox_TLX  rBox_TLY  rBox_TRX  rBox_TRY  rBox_BRX  rBox_BRY  rBox_BLX  rBox_BLY  lBox_TLX  lBox_TLY  lBox_BRX  lBox_BRY  Label       HOMver       NONpro   PARcau
    21   0        313       2442 11.314  15.556 125.5 45.000      307     2436      321     2450     14     14       304      2443       315      2432       323      2440       312      2451       282      2411       346      2475 PARcau 4.364120e-06 3.336184e-08 0.999996
    21   1       2630       1903  9.394  26.196 190.0 66.801     2623     1892     2638     1917     15     25      2629      1889      2639      1913      2631      1917      2620      1893      2598      1867      2663      1942 PARcau 1.341623e-04 2.223196e-05 0.999844
    21   2       4998       1714  7.616  13.000  63.5 68.199     4992     1711     5006     1720     14      9      4990      1713      5002      1708      5005      1715      4993      1720      4967      1686      5031      1745 PARcau 3.014369e-04 9.125742e-01 0.087124
    22   0        312       2443 10.000  13.601  94.0 53.130      307     2438      320     2451     13     13       304      2442       315      2434       321      2442       310      2450       282      2413       345      2476 PARcau 7.216334e-06 9.758635e-08 0.999993
    22   2       5003       1712  7.071  14.142  59.5 82.875     4995     1709     5010     1718     15      9      4994      1710      5008      1708      5009      1715      4995      1717      4970      1684      5035      1743 PARcau 1.128941e-02 5.157228e-02 0.937138
    22   1       2634       1916  9.657  25.773 191.5 71.565     2628     1905     2642     1930     14     25      2626      1906      2635      1902      2643      1927      2634      1930      2603      1880      2667      1955 PARcau 1.345521e-05 1.796656e-04 0.999807
    23   0        311       2444  9.899   9.899  68.5 45.000      307     2440      318     2451     11     11       312      2437       319      2444       312      2451       305      2444       282      2415       343      2476 PARcau 1.325705e-03 1.998731e-06 0.998672
    23   2       5006       1710  8.000  13.000  76.0 90.000     5000     1707     5014     1716     14      9      5000      1707      5013      1707      5013      1715      5000      1715      4975      1682      5039      1741 PARcau 3.268329e-03 1.319786e-03 0.995412
    23   1       2639       1929 10.595  26.462 196.0 68.199     2633     1918     2647     1943     14     25      2639      1915      2649      1940      2639      1943      2629      1919      2608      1893      2672      1968 PARcau 2.977806e-05 2.083019e-05 0.999949
    24   2       5008       1709  7.000  14.000  71.0 90.000     5001     1706     5016     1714     15      8      5001      1706      5015      1706      5015      1713      5001      1713      4976      1681      5041      1739 PARcau 4.138300e-04 5.344927e-04 0.999052
    24   1       2644       1941  9.849  25.495 186.0 63.435     2638     1930     2652     1955     14     25      2643      1928      2654      1951      2645      1955      2634      1932      2613      1905      2677      1980 PARcau 1.093204e-03 1.594898e-03 0.997312
    25   2       5007       1710  7.000  12.000  55.0 90.000     5002     1707     5015     1715     13      8      5002      1707      5014      1707      5014      1714      5002      1714      4977      1682      5040      1740 PARcau 2.025837e-05 1.605426e-04 0.999819
    25   1       2650       1953 10.296  25.495 188.0 63.435     2644     1942     2658     1966     14     24      2649      1939      2660      1962      2651      1967      2640      1944      2619      1917      2683      1991 PARcau 3.443483e-04 2.518686e-03 0.997137
    25   3       2162       1183  0.707  15.116  31.0 33.690     2158     1177     2168     1191     10     14      2156      1188      2168      1178      2165      1175      2160      1190      2133      1152      2193      1216 PARcau 1.395705e-03 1.993899e-03 0.996610
    26   3       2163       1180  4.717  16.225  31.0 33.690     2159     1174     2170     1188     11     14      2157      1186      2166      1172      2170      1175      2161      1188      2134      1149      2195      1213 PARcau 3.445181e-04 1.000772e-03 0.998655
    26   1       2656       1965 10.062  25.045 189.5 63.435     2649     1954     2665     1978     16     24      2655      1952      2666      1974      2657      1979      2646      1956      2624      1929      2690      2003 PARcau 9.422732e-05 1.310703e-04 0.999775
    27   3       2165       1178  5.000  17.205  42.5 36.870     2160     1172     2171     1187     11     15      2158      1184      2168      1170      2172      1173      2162      1187      2135      1147      2196      1212 PARcau 2.910285e-04 8.848253e-06 0.999700
    27   1       2662       1977  9.394  25.715 185.5 63.435     2656     1966     2671     1991     15     25      2661      1964      2672      1987      2664      1991      2652      1968      2631      1941      2696      2016 PARcau 4.629331e-05 8.575149e-05 0.999868
    28   3       2167       1176  4.610  15.532  28.0 33.690     2161     1172     2172     1185     11     13      2160      1183      2168      1170      2172      1173      2163      1186      2136      1147      2197      1210 PARcau 1.326937e-03 2.529674e-05 0.998648
    28   2       5004       1722  7.000   9.000  48.0 90.000     5001     1718     5009     1728      8     10      5001      1718      5008      1718      5008      1727      5001      1727      4976      1693      5034      1753 PARcau 2.515962e-04 3.084849e-02 0.968900
    28   1       2667       1989 10.062  27.281 198.0 63.435     2661     1978     2676     2004     15     26      2666      1975      2678      2000      2669      2004      2657      1980      2636      1953      2701      2029 PARcau 9.158541e-04 3.205574e-05 0.999052
    29   3       2167       1175  4.610   9.708  26.5 36.870     2164     1172     2172     1180      8      8      2163      1178      2168      1170      2172      1173      2166      1181      2139      1147      2197      1205 PARcau 8.758779e-05 4.119750e-07 0.999912
    29   2       5004       1727  8.000  13.000  76.5 90.000     5000     1721     5009     1735      9     14      5000      1721      5008      1721      5008      1734      5000      1734      4975      1696      5034      1760 PARcau 2.126582e-05 2.127872e-03 0.997851
    29   1       2672       2002 10.512  26.163 198.0 63.435     2666     1991     2680     2016     14     25      2671      1989      2682      2012      2673      2017      2661      1993      2641      1966      2705      2041 PARcau 1.255970e-03 4.019825e-05 0.998704
    30   2       5004       1733  8.000  13.000  87.0 90.000     5000     1727     5009     1741      9     14      5000      1727      5008      1727      5008      1740      5000      1740      4975      1702      5034      1766 PARcau 8.454649e-06 1.110813e-03 0.998881
    30   1       2676       2014  9.487  25.298 197.0 71.565     2670     2003     2684     2028     14     25      2668      2004      2677      2001      2685      2025      2676      2028      2645      1978      2709      2053 PARcau 5.809203e-05 3.565432e-05 0.999906
    31   2       5003       1736  9.000  13.000  94.0 90.000     4999     1730     5009     1744     10     14      4999      1730      5008      1730      5008      1743      4999      1743      4974      1705      5034      1769 PARcau 2.110665e-04 1.014253e-03 0.998775
    31   1       2682       2027  9.962  26.405 188.5 71.565     2676     2015     2690     2041     14     26      2673      2016      2682      2013      2691      2038      2681      2041      2651      1990      2715      2066 PARcau 1.430671e-05 1.515751e-05 0.999971
    32   2       5002       1737  8.000  15.000  91.0 90.000     4999     1730     5008     1746      9     16      4999      1730      5007      1730      5007      1745      4999      1745      4974      1705      5033      1771 PARcau 5.019696e-05 8.029346e-04 0.999147
    32   1       2688       2042  9.657  27.391 193.5 68.199     2682     2030     2697     2056     15     26      2688      2027      2698      2053      2689      2056      2679      2031      2657      2005      2722      2081 PARcau 5.357091e-06 8.712067e-06 0.999986
    33   2       5002       1738  8.382  17.241  94.0 18.435     4998     1730     5008     1748     10     18      5000      1729      5008      1731      5003      1748      4995      1745      4973      1705      5033      1773 PARcau 8.964828e-05 2.455591e-03 0.997455
    33   3       2173       1160  4.272  16.286  40.0 18.435     2170     1154     2178     1170      8     16      2169      1168      2174      1153      2178      1154      2173      1170      2145      1129      2203      1195 PARcau 1.448930e-03 2.810080e-04 0.998270
    33   1       2695       2057  9.487  26.571 189.0 71.565     2689     2045     2703     2071     14     26      2695      2043      2704      2068      2695      2071      2686      2046      2664      2020      2728      2096 PARcau 1.142566e-04 2.197406e-05 0.999864
    34   2       5001       1740  7.280  15.524  75.0 14.036     4998     1734     5007     1750      9     16      5000      1732      5007      1734      5003      1749      4996      1747      4973      1709      5032      1775 PARcau 2.986729e-06 3.362746e-05 0.999963
    34   3       2174       1158  5.025  17.529  48.0  5.194     2171     1150     2178     1168      7     18      2172      1149      2177      1150      2176      1167      2171      1167      2146      1125      2203      1193 PARcau 6.408920e-04 1.903579e-04 0.999169
    34   1       2700       2072  9.341  26.725 185.5 71.565     2695     2060     2708     2086     13     26      2692      2060      2701      2058      2709      2083      2700      2086      2670      2035      2733      2111 PARcau 7.897638e-04 3.642351e-04 0.998846
    35   3       2174       1155  5.099  17.263  51.0  9.462     2172     1147     2179     1165      7     18      2173      1146      2178      1147      2175      1164      2170      1163      2147      1122      2204      1190 PARcau 1.193384e-03 1.177048e-03 0.997630
    35   2       5000       1745  6.708  16.553  60.5 26.565     4996     1737     5007     1753     11     16      4994      1750      5001      1735      5007      1738      5000      1753      4971      1712      5032      1778 PARcau 3.272803e-05 1.223072e-03 0.998744
    35   1       2705       2085  9.487  26.249 188.0 71.565     2699     2073     2712     2099     13     26      2696      2074      2705      2071      2713      2096      2704      2099      2674      2048      2737      2124 PARcau 6.927343e-02 5.549625e-04 0.930172
    36   2       5000       1747  6.325  17.464  53.0 23.199     4995     1739     5006     1755     11     16      4993      1753      5000      1737      5006      1739      4999      1755      4970      1714      5031      1780 PARcau 4.063537e-05 7.139045e-04 0.999246
    36   3       2175       1152  5.590  13.238  39.0  9.462     2172     1145     2179     1159      7     14      2173      1144      2179      1145      2176      1158      2171      1157      2147      1120      2204      1184 PARcau 1.357169e-03 3.378322e-01 0.660811
    36   1       2707       2097  9.487  26.249 187.5 71.565     2702     2085     2714     2111     12     26      2699      2086      2708      2083      2716      2108      2707      2111      2677      2060      2739      2136 PARcau 4.452262e-04 1.014836e-03 0.998540
    37   2       4998       1750  6.708  16.125  60.5 26.565     4994     1742     5006     1757     12     15      4992      1754      5000      1740      5006      1743      4998      1757      4969      1717      5031      1782 PARcau 1.454644e-05 1.540526e-04 0.999831
    37   3       2176       1148  4.610  17.586  48.5 15.945     2173     1141     2181     1159      8     18      2176      1140      2180      1141      2176      1158      2171      1157      2148      1116      2206      1184 PARcau 1.893981e-04 8.253300e-04 0.998985
    37   1       2710       2110  9.220  25.495 183.0 78.690     2705     2098     2717     2123     12     25      2703      2098      2712      2096      2717      2121      2708      2123      2680      2073      2742      2148 PARcau 7.446831e-04 7.942953e-04 0.998461
    38   3       2177       1144  5.701  18.069  59.0 14.036     2174     1136     2182     1154      8     18      2177      1135      2182      1136      2178      1154      2172      1152      2149      1111      2207      1179 PARcau 4.689939e-04 6.297146e-03 0.993234
    38   2       4996       1754  6.801  14.534  53.0 39.806     4992     1746     5003     1760     11     14      4989      1756      4999      1745      5004      1749      4995      1760      4967      1721      5028      1785 PARcau 1.206684e-06 1.265485e-05 0.999986
    38   1       2713       2122 10.000  25.000 187.0 90.000     2708     2110     2719     2136     11     26      2708      2110      2718      2110      2718      2135      2708      2135      2683      2085      2744      2161 PARcau 1.626154e-04 1.574407e-04 0.999680
    39   2       4994       1755  6.364  14.849  73.5 45.000     4988     1750     5002     1762     14     12      4987      1758      4998      1747      5002      1752      4992      1762      4963      1725      5027      1787 PARcau 2.484892e-06 2.778041e-06 0.999995
    39   3       2178       1140  6.083  18.248  75.0  9.462     2175     1132     2183     1151      8     19      2176      1131      2182      1132      2179      1150      2173      1149      2150      1107      2208      1176 PARcau 1.165161e-02 3.059559e-02 0.957753
    39   1       2716       2134  9.962  25.831 187.0 75.964     2711     2122     2723     2148     12     26      2708      2123      2718      2120      2724      2145      2715      2148      2686      2097      2748      2173 PARcau 3.333410e-03 5.485071e-04 0.996118
    40   2       4992       1757  7.071  16.971  81.0 45.000     4985     1751     5001     1764     16     13      4984      1760      4996      1748      5001      1753      4989      1765      4960      1726      5026      1789 PARcau 8.716895e-07 2.276726e-06 0.999997
    40   3       2179       1136  7.071  18.439  73.0 12.529     2175     1128     2184     1147      9     19      2177      1127      2184      1128      2180      1146      2173      1145      2150      1103      2209      1172 PARcau 2.986313e-02 7.697313e-02 0.893164
    40   1       2720       2146  9.823  24.382 184.5 74.055     2714     2135     2727     2159     13     24      2712      2136      2721      2133      2728      2157      2718      2159      2689      2110      2752      2184 PARcau 1.451082e-04 1.248152e-04 0.999730
    41   2       4990       1758  7.826  17.443  85.5 63.435     4982     1753     5000     1764     18     11      4981      1759      4996      1751      5000      1758      4984      1766      4957      1728      5025      1789 PARcau 9.447810e-06 1.785832e-05 0.999973
    41   3       2180       1131  6.671  19.039  87.5 14.036     2176     1122     2185     1141      9     19      2179      1121      2185      1122      2181      1141      2174      1139      2151      1097      2210      1166 PARcau 1.293570e-05 1.026489e-05 0.999977
    41   1       2724       2158 10.440  25.298 186.5 71.565     2718     2147     2732     2172     14     25      2715      2148      2725      2145      2733      2169      2723      2172      2693      2122      2757      2197 PARcau 2.446196e-04 7.160719e-05 0.999684
    42   2       4988       1759  7.616  18.385  82.5 66.801     4981     1754     4999     1765     18     11      4979      1759      4996      1752      4999      1759      4982      1766      4956      1729      5024      1790 PARcau 4.358191e-05 4.394878e-05 0.999913
    42   3       2181       1126  6.083  18.439  77.5 12.529     2177     1118     2186     1137      9     19      2180      1117      2186      1118      2182      1136      2176      1135      2152      1093      2211      1162 PARcau 5.639808e-04 2.486995e-04 0.999187
    42   1       2728       2170  9.014  26.405 185.0 71.565     2722     2158     2735     2184     13     26      2728      2156      2736      2181      2728      2184      2719      2159      2697      2133      2760      2209 PARcau 8.859505e-03 5.875124e-03 0.985265
    43   2       4986       1759  7.071  18.439  81.0 78.690     4978     1755     4997     1764     19      9      4977      1758      4995      1754      4996      1761      4978      1765      4953      1730      5022      1789 PARcau 3.387895e-04 3.516339e-03 0.996145
    43   3       2182       1122  6.083  18.248  76.0  8.130     2179     1113     2187     1132      8     19      2180      1112      2186      1113      2183      1131      2177      1130      2154      1088      2212      1157 PARcau 3.535140e-03 2.869242e-04 0.996178
    43   1       2731       2182  9.708  25.831 180.0 75.964     2726     2171     2738     2196     12     25      2723      2171      2733      2169      2739      2194      2730      2196      2701      2146      2763      2221 PARcau 3.497227e-03 4.453632e-05 0.996458
    44   2       4983       1759  7.566  17.183  77.0 81.870     4975     1756     4993     1765     18      9      4974      1757      4991      1754      4992      1762      4975      1764      4950      1731      5018      1790 PARcau 2.520823e-06 5.721811e-05 0.999940
    44   3       2183       1116  6.083  17.263  69.0 11.310     2180     1108     2188     1126      8     18      2182      1107      2188      1108      2185      1125      2179      1124      2155      1083      2213      1151 PARcau 1.145681e-04 6.507835e-04 0.999235
    44   1       2735       2194 10.595  25.773 188.5 71.565     2729     2183     2742     2209     13     26      2726      2184      2736      2181      2744      2205      2734      2209      2704      2158      2767      2234 PARcau 2.352325e-02 2.150158e-04 0.976262
    45   2       4979       1760  7.000  17.000  84.0 90.000     4971     1757     4989     1765     18      8      4971      1757      4988      1757      4988      1764      4971      1764      4946      1732      5014      1790 PARcau 4.417458e-05 8.180572e-05 0.999874
    45   3       2185       1111  6.576  17.357  81.0 11.310     2181     1103     2190     1121      9     18      2183      1102      2190      1103      2186      1120      2180      1119      2156      1078      2215      1146 PARcau 2.423181e-02 1.030375e-02 0.965464
    45   1       2738       2205  9.487  24.352 175.5 71.565     2733     2194     2746     2218     13     24      2730      2195      2739      2192      2747      2215      2738      2218      2708      2169      2771      2243 PARcau 1.210405e-02 2.909931e-03 0.984986
    46   2       4976       1759  7.000  17.000  74.5  0.000     4969     1756     4987     1764     18      8      4969      1756      4986      1756      4986      1763      4969      1763      4944      1731      5012      1789 PARcau 9.591363e-04 3.033723e-03 0.996007
    46   3       2186       1106  6.083  17.464  68.5 14.036     2183     1098     2191     1116      8     18      2185      1097      2191      1098      2187      1115      2181      1114      2158      1073      2216      1141 PARcau 3.787937e-06 4.317714e-04 0.999564
    46   1       2743       2214  9.657  25.164 183.5 68.199     2737     2203     2751     2227     14     24      2743      2201      2752      2224      2743      2228      2734      2204      2712      2178      2776      2252 PARcau 5.478614e-04 3.390657e-05 0.999418
    47   2       4973       1759  7.000  17.000  73.5  0.000     4966     1756     4984     1764     18      8      4966      1756      4983      1756      4983      1763      4966      1763      4941      1731      5009      1789 PARcau 1.686773e-04 1.302209e-04 0.999701
    47   3       2187       1101  6.671  17.103  72.0 14.036     2184     1093     2192     1110      8     17      2187      1092      2193      1093      2189      1110      2182      1108      2159      1068      2217      1135 PARcau 1.494164e-02 1.130179e-02 0.973757
    47   1       2748       2225  9.962  26.405 188.5 71.565     2742     2213     2756     2238     14     25      2739      2214      2748      2211      2757      2236      2747      2239      2717      2188      2781      2263 PARcau 5.083838e-03 7.324159e-05 0.994843
    48   2       4972       1759  7.000  15.000  68.0 90.000     4965     1756     4981     1764     16      8      4965      1756      4980      1756      4980      1763      4965      1763      4940      1731      5006      1789 PARcau 1.583561e-03 3.025129e-03 0.995391
    48   3       2189       1096  6.325  18.028  71.0 18.435     2186     1088     2194     1106      8     18      2189      1086      2195      1088      2189      1105      2183      1103      2161      1063      2219      1131 PARcau 9.658131e-04 1.912944e-04 0.998843
    48   1       2753       2236  9.962  26.405 186.5 71.565     2747     2224     2761     2249     14     25      2744      2225      2753      2222      2762      2247      2752      2250      2722      2199      2786      2274 PARcau 1.182041e-04 5.452207e-05 0.999827
    49   2       4971       1759  6.325  15.811  65.5 71.565     4963     1756     4980     1764     17      8      4962      1759      4977      1754      4979      1760      4964      1765      4938      1731      5005      1789 PARcau 1.239729e-02 3.604912e-04 0.987242
    49   3       2190       1092  7.071  15.297  65.5 11.310     2187     1085     2195     1101      8     16      2188      1084      2195      1085      2192      1100      2185      1099      2162      1060      2220      1126 PARcau 1.240504e-03 2.006375e-03 0.996753
    49   1       2758       2247  9.618  25.269 185.0 63.435     2752     2235     2766     2260     14     25      2756      2233      2768      2256      2759      2260      2748      2238      2727      2210      2791      2285 PARcau 3.556949e-05 3.284730e-04 0.999636
    50   2       4970       1760  7.071  16.125  53.5 81.870     4963     1757     4980     1765     17      8      4962      1757      4978      1755      4979      1762      4963      1764      4938      1732      5005      1790 PARcau 1.298958e-04 3.722467e-04 0.999498
    50   3       2192       1087  5.385  16.763  57.0 18.435     2189     1078     2196     1096      7     18      2192      1077      2197      1079      2192      1095      2187      1093      2164      1053      2221      1121 PARcau 1.088209e-03 5.424332e-05 0.998857
    50   1       2762       2258  8.544  25.298 179.5 71.565     2756     2247     2770     2272     14     25      2762      2245      2770      2269      2762      2272      2754      2248      2731      2222      2795      2297 PARcau 5.755437e-05 3.323753e-05 0.999909
    51   2       4968       1761  5.590  11.281  33.0 78.690     4963     1758     4975     1765     12      7      4962      1759      4973      1757      4974      1762      4963      1765      4938      1733      5000      1790 PARcau 3.745488e-04 2.335718e-03 0.997290
    51   3       2193       1082  6.185  17.241  64.5 16.699     2189     1074     2198     1091      9     17      2193      1073      2199      1074      2194      1091      2188      1089      2164      1049      2223      1116 PARcau 2.159885e-04 2.284295e-05 0.999761
    51   1       2766       2270  9.618  25.269 172.5 63.435     2760     2259     2773     2284     13     25      2765      2257      2776      2279      2768      2284      2756      2261      2735      2234      2798      2309 PARcau 7.310819e-02 5.104889e-03 0.921787
    52   3       2194       1078  5.099  17.720  62.0 15.945     2190     1070     2199     1088      9     18      2194      1069      2199      1070      2194      1087      2189      1086      2165      1045      2224      1113 PARcau 3.413195e-03 2.250311e-04 0.996362
    52   1       2770       2283  9.487  24.352 174.5 71.565     2764     2272     2777     2296     13     24      2761      2273      2770      2270      2778      2293      2769      2296      2739      2247      2802      2321 PARcau 4.445796e-02 5.320367e-03 0.950222
    53   3       2194       1076  5.000  17.000  62.0 90.000     2192     1068     2198     1086      6     18      2192      1068      2197      1068      2197      1085      2192      1085      2167      1043      2223      1111 PARcau 2.549034e-03 1.546162e-02 0.981989
    53   2       4961       1762  7.071  13.153  32.0  9.462     4956     1759     4970     1767     14      8      4956      1757      4969      1759      4968      1766      4955      1764      4931      1734      4995      1792 PARcau 1.607896e-04 3.507459e-03 0.996332
    53   1       2773       2294 10.308  25.224 177.0 75.964     2768     2283     2781     2308     13     25      2765      2283      2775      2281      2781      2305      2771      2308      2743      2258      2806      2333 PARcau 5.589306e-05 1.658156e-05 0.999928
    54   3       2194       1075  5.000  15.000  54.5 90.000     2192     1068     2198     1084      6     16      2192      1068      2197      1068      2197      1083      2192      1083      2167      1043      2223      1109 PARcau 1.450131e-02 5.958241e-03 0.979540
    54   2       4960       1764  5.590  14.221  35.0 11.310     4954     1761     4969     1768     15      7      4954      1760      4968      1762      4967      1768      4953      1765      4929      1736      4994      1793 PARcau 9.708703e-05 5.324694e-04 0.999371
    54   1       2777       2306  9.487  26.571 183.5 71.565     2771     2294     2784     2320     13     26      2777      2292      2786      2317      2777      2320      2768      2295      2746      2269      2809      2345 PARcau 3.029034e-04 2.124628e-05 0.999676
    55   3       2193       1074  7.071  16.125  64.0  7.125     2190     1067     2198     1084      8     17      2191      1066      2198      1067      2196      1083      2189      1082      2165      1042      2223      1109 PARcau 2.855906e-02 4.379931e-02 0.927642
    55   2       4957       1764  6.325  14.560  57.0 15.945     4952     1761     4967     1769     15      8      4952      1759      4966      1763      4964      1769      4950      1765      4927      1736      4992      1794 PARcau 4.273786e-04 4.097784e-04 0.999163
    55   1       2782       2317  9.487  25.298 187.0 71.565     2776     2306     2789     2331     13     25      2773      2307      2782      2304      2790      2328      2781      2331      2751      2281      2814      2356 PARcau 2.401680e-04 7.339386e-05 0.999686
    56   3       2192       1073  7.000  15.000  50.5 90.000     2189     1067     2197     1083      8     16      2189      1067      2196      1067      2196      1082      2189      1082      2164      1042      2222      1108 PARcau 5.062770e-02 2.610092e-01 0.688363
    56   2       4955       1763  6.083  16.279  57.5 11.310     4948     1760     4965     1768     17      8      4948      1759      4964      1762      4963      1768      4947      1765      4923      1735      4990      1793 PARcau 3.550359e-05 8.704700e-04 0.999094
    56   1       2786       2328  9.657  23.880 175.5 71.565     2781     2318     2794     2341     13     23      2778      2319      2787      2316      2795      2338      2786      2342      2756      2293      2819      2366 PARcau 8.312547e-05 7.065914e-06 0.999910
    57   3       2192       1072  6.000  13.000  44.0  0.000     2190     1067     2197     1081      7     14      2190      1067      2196      1067      2196      1080      2190      1080      2165      1042      2222      1106 PARcau 3.056191e-01 7.512469e-02 0.619256
    57   2       4952       1763  6.325  14.560  69.5 15.945     4946     1759     4961     1768     15      9      4946      1758      4960      1762      4958      1768      4944      1764      4921      1734      4986      1793 PARcau 4.174319e-06 1.377594e-04 0.999858
    57   1       2791       2339  9.657  24.824 178.5 71.565     2785     2328     2799     2352     14     24      2783      2329      2792      2326      2800      2349      2791      2353      2760      2303      2824      2377 PARcau 4.889309e-05 1.459458e-06 0.999950
    58   2       4950       1762  6.500  14.773  58.5 23.962     4945     1758     4960     1768     15     10      4946      1756      4959      1762      4957      1768      4943      1762      4920      1733      4985      1793 PARcau 2.124169e-05 3.547625e-04 0.999624
    58   3       2192       1072  6.000  11.000  44.5  0.000     2190     1066     2197     1078      7     12      2190      1066      2196      1066      2196      1077      2190      1077      2165      1041      2222      1103 PARcau 9.094185e-03 2.035543e-01 0.787351
    58   1       2795       2350  9.487  25.298 183.0 71.565     2790     2339     2803     2364     13     25      2787      2340      2796      2337      2804      2361      2795      2364      2765      2314      2828      2389 PARcau 3.457448e-03 4.432040e-04 0.996099
    59   2       4949       1761  6.801  13.901  45.0 38.660     4944     1756     4959     1767     15     11      4947      1754      4958      1763      4954      1768      4943      1760      4919      1731      4984      1792 PARcau 2.499530e-05 3.164103e-04 0.999659
    59   1       2798       2361  9.341  25.224 176.0 75.964     2793     2350     2805     2375     12     25      2791      2350      2800      2348      2806      2372      2797      2375      2768      2325      2830      2400 PARcau 4.073177e-03 5.003552e-04 0.995426
    60   2       4948       1760  6.403  11.314  38.5 45.000     4944     1756     4954     1765     10      9      4946      1754      4954      1762      4949      1766      4941      1758      4919      1731      4979      1790 PARcau 5.102954e-07 1.958637e-06 0.999997
    60   1       2801       2373  9.341  25.224 171.0 75.964     2796     2362     2808     2387     12     25      2793      2363      2802      2360      2808      2385      2799      2387      2771      2337      2833      2412 PARcau 4.715690e-04 7.001414e-04 0.998828
    61   2       4944       1758  5.701  14.916  40.5 38.660     4940     1754     4953     1765     13     11      4942      1752      4953      1761      4950      1766      4938      1756      4915      1729      4978      1790 PARcau 2.669351e-06 1.821843e-04 0.999815
    61   1       2803       2385  9.341  25.224 178.5 75.964     2798     2374     2810     2399     12     25      2796      2374      2805      2372      2811      2396      2802      2399      2773      2349      2835      2424 PARcau 5.526504e-04 7.149154e-05 0.999376
    62   2       4941       1756  6.801  14.705  45.5 33.690     4937     1752     4951     1764     14     12      4939      1750      4951      1759      4947      1764      4935      1756      4912      1727      4976      1789 PARcau 8.756263e-06 2.685601e-04 0.999723
    62   1       2806       2397  9.487  25.710 185.5 75.964     2801     2385     2813     2411     12     26      2799      2386      2808      2383      2814      2408      2805      2411      2776      2360      2838      2436 PARcau 1.509653e-03 7.902377e-05 0.998411
    63   2       4939       1754  7.071  12.728  60.0 45.000     4935     1750     4946     1760     11     10      4937      1747      4946      1756      4941      1761      4932      1752      4910      1725      4971      1785 PARcau 6.530956e-05 5.052169e-04 0.999429
    63   1       2810       2408 10.440  24.739 179.0 75.964     2805     2397     2817     2422     12     25      2802      2398      2812      2395      2818      2419      2808      2422      2780      2372      2842      2447 PARcau 4.837121e-04 8.191528e-03 0.991325
    64   2       4937       1752  7.071  15.556  65.5 45.000     4933     1747     4946     1760     13     13      4935      1745      4946      1756      4941      1761      4930      1750      4908      1722      4971      1785 PARcau 4.722929e-07 5.322214e-05 0.999946
    64   1       2814       2419  9.487  24.352 176.5 71.565     2809     2408     2821     2432     12     24      2805      2409      2814      2406      2822      2429      2813      2432      2784      2383      2846      2457 PARcau 1.291000e-03 5.112553e-04 0.998198
    65   2       4936       1750  6.364  14.849  74.5 45.000     4931     1744     4943     1758     12     14      4933      1743      4943      1753      4939      1758      4928      1747      4906      1719      4968      1783 PARcau 2.287443e-07 1.459148e-04 0.999854
    65   1       2818       2429  9.014  24.885 168.0 68.199     2813     2419     2825     2443     12     24      2818      2417      2828      2440      2819      2443      2810      2420      2788      2394      2850      2468 PARcau 6.392120e-05 8.262879e-05 0.999853
    66   2       4934       1748  6.403  15.556  61.5 45.000     4930     1742     4942     1756     12     14      4931      1741      4942      1752      4938      1757      4927      1746      4905      1717      4967      1781 PARcau 1.882808e-05 9.246606e-04 0.999057
    66   1       2823       2441  9.487  25.298 165.5 71.565     2817     2430     2830     2455     13     25      2814      2431      2823      2428      2831      2452      2822      2455      2792      2405      2855      2480 PARcau 4.919186e-02 8.680186e-03 0.942128
    67   2       4932       1745  6.801  17.500  75.5 53.130     4927     1739     4940     1754     13     15      4930      1737      4941      1751      4935      1755      4925      1741      4902      1714      4965      1779 PARcau 9.404074e-06 2.662374e-04 0.999724
    67   1       2827       2452  9.487  25.632 184.5 68.199     2821     2441     2834     2466     13     25      2827      2439      2836      2463      2827      2466      2818      2442      2796      2416      2859      2491 PARcau 5.139088e-04 1.051646e-04 0.999381
    68   2       4932       1744  6.265  16.378  54.0 60.945     4927     1737     4939     1753     12     16      4930      1736      4939      1750      4933      1753      4925      1739      4902      1712      4964      1778 PARcau 1.416341e-05 1.616087e-04 0.999824
    68   1       2831       2464  9.487  25.298 172.0 71.565     2826     2453     2839     2478     13     25      2823      2454      2832      2451      2840      2475      2831      2478      2801      2428      2864      2503 PARcau 1.355725e-03 8.898934e-05 0.998555
    69   2       4930       1739  6.325  11.402  52.5 71.565     4927     1734     4935     1746      8     12      4925      1735      4931      1733      4934      1744      4928      1746      4902      1709      4960      1771 PARcau 7.229883e-06 1.012838e-04 0.999892
    69   1       2835       2477  9.487  26.249 182.0 71.565     2830     2465     2842     2491     12     26      2827      2466      2836      2463      2844      2488      2835      2491      2805      2440      2867      2516 PARcau 2.500647e-04 4.422586e-04 0.999308
    70   2       4929       1736  6.671  14.916  55.0 75.964     4926     1730     4935     1746      9     16      4925      1731      4931      1729      4935      1744      4928      1745      4901      1705      4960      1771 PARcau 4.924392e-06 7.914551e-05 0.999916
    70   1       2839       2488  9.487  25.298 183.0 71.565     2833     2477     2846     2502     13     25      2831      2478      2840      2475      2848      2499      2839      2502      2808      2452      2871      2527 PARcau 3.421424e-02 8.919405e-04 0.964894
    71   2       4929       1734  6.000  15.000  53.0 90.000     4927     1729     4934     1745      7     16      4927      1729      4933      1729      4933      1744      4927      1744      4902      1704      4959      1770 PARcau 1.142551e-04 1.068293e-03 0.998817
    71   1       2843       2500  9.487  25.298 187.0 71.565     2838     2489     2851     2514     13     25      2835      2490      2844      2487      2852      2511      2843      2514      2813      2464      2876      2539 PARcau 2.000112e-03 8.550643e-03 0.989449
    72   2       4929       1733  6.000  17.000  56.0 90.000     4927     1727     4934     1745      7     18      4927      1727      4933      1727      4933      1744      4927      1744      4902      1702      4959      1770 PARcau 4.351003e-05 1.842354e-03 0.998114
    72   1       2848       2514 10.198  26.476 199.0 78.690     2842     2502     2855     2528     13     26      2840      2502      2850      2500      2855      2526      2845      2528      2817      2477      2880      2553 PARcau 7.082029e-03 2.399431e-03 0.990519
    73   2       4930       1731  6.000  14.000  42.0  0.000     4927     1725     4934     1740      7     15      4927      1725      4933      1725      4933      1739      4927      1739      4902      1700      4959      1765 PARcau 3.294212e-05 2.366527e-04 0.999730
    73   1       2852       2527  9.823  26.315 189.0 75.964     2847     2515     2859     2541     12     26      2844      2516      2853      2513      2860      2539      2850      2541      2822      2490      2884      2566 PARcau 1.994928e-02 4.864710e-03 0.975186
    74   2       4929       1728  7.000  11.000  57.0 90.000     4926     1723     4934     1735      8     12      4926      1723      4933      1723      4933      1734      4926      1734      4901      1698      4959      1760 PARcau 5.942519e-05 1.039961e-03 0.998901
    74   1       2855       2539  9.708  25.831 187.5 75.964     2850     2528     2863     2553     13     25      2847      2528      2857      2526      2863      2551      2854      2553      2825      2503      2888      2578 PARcau 1.094433e-04 3.345736e-05 0.999857
    75   2       4929       1726  7.071  14.318  55.5 78.690     4926     1720     4934     1735      8     15      4924      1720      4931      1719      4934      1733      4927      1734      4901      1695      4959      1760 PARcau 1.359887e-05 1.835872e-03 0.998151
    75   1       2859       2551  9.487  25.298 182.0 71.565     2853     2540     2866     2565     13     25      2850      2541      2859      2538      2867      2562      2858      2565      2828      2515      2891      2590 PARcau 8.909551e-05 3.746469e-05 0.999873
    76   2       4929       1724  6.576  15.075  50.5 84.289     4926     1717     4934     1733      8     16      4925      1717      4931      1716      4933      1731      4926      1732      4901      1692      4959      1758 PARcau 2.946850e-06 1.880859e-04 0.999809
    76   1       2863       2563  9.487  26.249 185.5 71.565     2857     2551     2870     2577     13     26      2854      2552      2863      2549      2871      2574      2862      2577      2832      2526      2895      2602 PARcau 1.454056e-03 5.805683e-05 0.998488
    77   2       4929       1718  6.083  13.153  61.0  8.130     4926     1712     4934     1726      8     14      4927      1711      4933      1712      4931      1725      4925      1724      4901      1687      4959      1751 PARcau 4.148425e-05 4.512540e-03 0.995446
    77   1       2866       2574  9.487  25.298 182.0 71.565     2860     2563     2874     2588     14     25      2858      2564      2867      2561      2875      2585      2866      2588      2835      2538      2899      2613 PARcau 6.444522e-03 1.247599e-02 0.981079
    78   2       4930       1714  8.500  16.771  83.0 26.565     4926     1708     4936     1725     10     17      4929      1706      4937      1710      4929      1725      4922      1721      4901      1683      4961      1750 PARcau 6.352445e-06 2.012532e-05 0.999974
    78   1       2870       2585  9.487  25.298 188.5 71.565     2864     2574     2877     2599     13     25      2862      2575      2871      2572      2879      2596      2870      2599      2839      2549      2902      2624 PARcau 1.268869e-02 3.412509e-04 0.986970
    79   2       4931       1712  7.826  17.443  99.0 26.565     4926     1705     4938     1722     12     17      4923      1718      4931      1703      4938      1706      4930      1722      4901      1680      4963      1747 PARcau 1.969660e-05 1.151292e-05 0.999969
    79   1       2873       2596  9.487  26.249 184.0 71.565     2868     2585     2880     2611     12     26      2865      2586      2874      2583      2882      2608      2873      2611      2843      2560      2905      2636 PARcau 4.842685e-05 1.659500e-04 0.999786
    80   2       4932       1710  7.906  16.447  91.0 18.435     4927     1703     4939     1718     12     15      4931      1701      4938      1703      4933      1719      4925      1716      4902      1678      4964      1743 PARcau 5.801782e-05 7.291330e-04 0.999213
    80   1       2877       2608 10.198  25.495 186.0 78.690     2872     2596     2884     2622     12     26      2869      2597      2879      2595      2884      2620      2874      2622      2847      2571      2909      2647 PARcau 1.848921e-04 5.338403e-04 0.999281
    81   2       4934       1706  7.159  18.118 101.0 26.565     4929     1699     4941     1716     12     17      4926      1713      4935      1697      4941      1700      4933      1716      4904      1674      4966      1741 PARcau 1.089506e-05 2.011349e-05 0.999969
    81   1       2880       2619  9.220  24.739 174.0 75.964     2875     2608     2887     2632     12     24      2873      2608      2882      2606      2888      2630      2879      2632      2850      2583      2912      2657 PARcau 1.076245e-03 9.641679e-04 0.997960
    82   2       4935       1704  7.632  19.474 100.5 29.055     4929     1697     4943     1715     14     18      4927      1711      4937      1694      4943      1698      4934      1715      4904      1672      4968      1740 PARcau 4.302048e-04 3.899071e-04 0.999180
    82   1       2884       2630  9.124  25.005 170.5 78.690     2879     2619     2891     2644     12     25      2877      2619      2886      2618      2891      2642      2882      2644      2854      2594      2916      2669 PARcau 8.114182e-06 5.280926e-06 0.999987
    83   2       4937       1702  7.211  19.416  94.5 33.690     4931     1695     4944     1712     13     17      4928      1708      4939      1692      4945      1696      4934      1712      4906      1670      4969      1737 PARcau 3.636315e-06 1.202370e-04 0.999876
    83   3       2207       1072  5.220   9.014  29.0 18.435     2203     1070     2213     1076     10      6      2204      1068      2212      1071      2211      1076      2202      1073      2178      1045      2238      1101 PARcau 8.241291e-03 1.754275e-04 0.991583
    83   1       2888       2643  9.487  25.298 183.5 71.565     2883     2631     2896     2656     13     25      2880      2632      2889      2629      2897      2653      2888      2656      2858      2606      2921      2681 PARcau 9.546325e-04 1.325171e-04 0.998913
    84   3       2207       1072  5.000   9.000  26.0 90.000     2203     1070     2213     1076     10      6      2203      1070      2212      1070      2212      1075      2203      1075      2178      1045      2238      1101 PARcau 9.869631e-05 6.080501e-06 0.999895
    84   2       4938       1699  7.211  19.416  74.5 33.690     4932     1693     4946     1711     14     18      4929      1707      4940      1691      4946      1695      4935      1711      4907      1668      4971      1736 PARcau 8.954591e-06 4.994318e-05 0.999941
    84   1       2892       2654 10.308  26.196 194.5 75.964     2886     2642     2899     2668     13     26      2884      2643      2894      2640      2900      2666      2890      2668      2861      2617      2924      2693 PARcau 5.017110e-01 2.452431e-03 0.495837
    85   2       4939       1698  6.946  16.225  59.5 33.690     4934     1692     4946     1708     12     16      4931      1704      4940      1691      4946      1694      4937      1708      4909      1667      4971      1733 PARcau 3.805966e-05 5.753007e-05 0.999904
    85   1       2895       2665 10.440  27.514 214.5 71.565     2889     2653     2903     2680     14     27      2886      2654      2896      2651      2905      2677      2895      2680      2864      2628      2928      2705 PARcau 2.586638e-03 7.593599e-04 0.996654
    85   0        306       2387  7.810   9.899  56.5 45.000      302     2383      312     2393     10     10       305      2381       312      2388       306      2393       299      2386       277      2358       337      2418 PARcau 2.294701e-04 2.504706e-05 0.999745
    86   2       4940       1697  6.265  15.435  50.5 26.565     4935     1690     4947     1705     12     15      4934      1702      4941      1688      4946      1691      4940      1705      4910      1665      4972      1730 PARcau 6.702709e-05 4.145825e-04 0.999518
    86   0        307       2388 12.000  13.000 120.5 90.000      302     2382      315     2396     13     14       302      2382       314      2382       314      2395       302      2395       277      2357       340      2421 PARcau 1.601149e-03 1.258598e-06 0.998398
    86   1       2900       2678 10.440  28.460 217.5 71.565     2893     2665     2907     2693     14     28      2890      2666      2900      2663      2909      2690      2899      2693      2868      2640      2932      2718 PARcau 4.963803e-02 1.904996e-03 0.948457
    87   2       4942       1693  5.831  16.643  53.5 33.690     4937     1688     4949     1702     12     14      4934      1699      4943      1685      4948      1688      4939      1702      4912      1663      4974      1727 PARcau 5.799910e-06 4.224786e-05 0.999952
    87   0        309       2390 11.180  20.125 172.0 26.565      302     2382      320     2399     18     17       303      2380       321      2389       316      2399       298      2390       277      2357       345      2424 PARcau 5.637429e-05 3.514488e-07 0.999943
    87   1       2904       2693  9.341  30.319 215.5 75.964     2898     2679     2911     2709     13     30      2896      2680      2905      2677      2912      2707      2903      2709      2873      2654      2936      2734 PARcau 8.618352e-04 2.509138e-04 0.998887
    88   2       4943       1691  5.657  14.142  54.0 45.000     4938     1686     4951     1698     13     12      4937      1694      4947      1684      4951      1688      4941      1698      4913      1661      4976      1723 PARcau 1.730812e-04 2.939758e-04 0.999533
    88   0        311       2390 11.662  22.361 185.5 26.565      302     2382      323     2399     21     17       304      2380       324      2390       318      2400       298      2390       277      2357       348      2424 PARcau 2.752994e-05 1.927416e-08 0.999972
    88   1       2909       2707 10.595  27.987 209.0 71.565     2903     2695     2917     2722     14     27      2899      2696      2909      2693      2918      2719      2908      2723      2878      2670      2942      2747 PARcau 2.682207e-03 9.765173e-05 0.997220
    89   0        311       2388 11.180  22.204 183.0  9.462      302     2382      324     2396     22     14       302      2381       324      2384       322      2395       300      2392       277      2357       349      2421 PARcau 9.539390e-07 4.425716e-10 0.999999
    89   2       4946       1688  6.946  16.560  74.0 61.390     4939     1684     4955     1696     16     12      4937      1689      4951      1681      4955      1687      4940      1695      4914      1659      4980      1721 PARcau 9.296447e-06 4.207370e-05 0.999949
    89   1       2913       2722 10.198  28.862 219.0 75.964     2908     2709     2921     2737     13     28      2905      2709      2915      2707      2922      2735      2912      2737      2883      2684      2946      2762 PARcau 1.001970e-01 1.756831e-03 0.898046
    90   0        313       2387  9.552  23.135 175.5  6.340      302     2382      326     2394     24     12       302      2381       325      2384       324      2393       301      2391       277      2357       351      2419 PARcau 1.668810e-05 6.208041e-09 0.999983
    90   2       4950       1686  7.616  15.811  75.0 71.565     4942     1682     4958     1693     16     11      4940      1685      4955      1680      4958      1687      4943      1692      4917      1657      4983      1718 PARcau 2.286166e-06 1.359386e-07 0.999998
    90   1       2917       2736 10.595  28.935 218.0 71.565     2912     2723     2925     2752     13     29      2908      2724      2918      2721      2927      2748      2917      2752      2887      2698      2950      2777 PARcau 3.730717e-01 1.220908e-03 0.625707
    91   2       4951       1685  7.616  17.889  87.5 63.435     4943     1681     4960     1692     17     11      4941      1686      4957      1678      4960      1685      4944      1693      4918      1656      4985      1717 PARcau 1.504341e-07 3.415664e-05 0.999966
    91   0        318       2387  9.000  23.000 173.0 90.000      307     2383      331     2393     24     10       307      2383       330      2383       330      2392       307      2392       282      2358       356      2418 PARcau 6.794448e-07 6.959232e-10 0.999999
    91   1       2920       2750 10.198  28.443 218.5 78.690     2915     2737     2927     2766     12     29      2913      2737      2923      2735      2928      2763      2918      2765      2890      2712      2952      2791 PARcau 3.512181e-02 6.630112e-03 0.958248
    92   2       4953       1684  6.708  19.235  87.0 63.435     4944     1680     4963     1691     19     11      4943      1686      4960      1677      4963      1683      4946      1692      4919      1655      4988      1716 PARcau 1.161506e-05 1.459417e-04 0.999842
    92   0        324       2386 10.000  22.000 168.0 90.000      314     2382      337     2393     23     11       314      2382       336      2382       336      2392       314      2392       289      2357       362      2418 PARcau 9.146160e-03 6.344105e-06 0.990847
    92   1       2924       2764 10.198  29.614 219.0 78.690     2918     2751     2931     2780     13     29      2916      2751      2926      2749      2932      2778      2922      2780      2893      2726      2956      2805 PARcau 8.860067e-04 2.848644e-04 0.998829
    93   2       4955       1683  7.826  18.337  86.5 63.435     4947     1679     4965     1689     18     10      4945      1684      4961      1676      4965      1683      4948      1691      4922      1654      4990      1714 PARcau 2.092122e-05 6.354268e-04 0.999344
    93   0        330       2385  9.000  22.000 160.5 90.000      320     2381      343     2391     23     10       320      2381       342      2381       342      2390       320      2390       295      2356       368      2416 PARcau 1.187082e-04 4.496993e-06 0.999877
    93   1       2928       2777 10.440  28.460 217.0 71.565     2922     2764     2935     2792     13     28      2918      2765      2928      2762      2937      2789      2927      2792      2897      2739      2960      2817 PARcau 8.497430e-03 8.791721e-04 0.990623
    94   2       4957       1682  7.159  19.007  86.0 63.435     4949     1678     4968     1688     19     10      4947      1683      4964      1675      4967      1681      4950      1690      4924      1653      4993      1713 PARcau 1.061019e-06 5.544845e-06 0.999993
    94   0        335       2385  9.000  22.000 154.5 90.000      324     2380      347     2390     23     10       324      2380       346      2380       346      2389       324      2389       299      2355       372      2415 PARcau 3.230922e-05 3.223451e-06 0.999964
    94   1       2933       2790 10.440  28.460 220.0 71.565     2927     2777     2941     2805     14     28      2923      2778      2933      2775      2942      2802      2932      2805      2902      2752      2966      2830 PARcau 2.117790e-01 2.778519e-03 0.785442
    95   2       4961       1680  6.576  18.554  79.0 75.964     4952     1677     4971     1687     19     10      4951      1680      4969      1675      4970      1682      4952      1686      4927      1652      4996      1712 PARcau 2.629483e-03 2.589986e-03 0.994780
    95   0        339       2385  9.055  21.095 148.0  6.340      329     2380      351     2391     22     11       329      2379       350      2381       349      2390       328      2388       304      2355       376      2416 PARcau 1.674223e-02 2.022940e-04 0.983055
    95   1       2937       2803 10.794  29.470 225.0 75.964     2931     2790     2945     2819     14     29      2928      2791      2938      2788      2946      2817      2935      2819      2906      2765      2970      2844 PARcau 9.286119e-03 7.371388e-04 0.989977
    96   0        343       2385  8.631  21.966 142.5 11.310      333     2381      355     2392     22     11       333      2379       355      2383       353      2392       332      2387       308      2356       380      2417 PARcau 1.329225e-03 6.433878e-06 0.998664
    96   2       4965       1678  7.433  18.500  81.5 71.565     4956     1675     4974     1685     18     10      4954      1678      4971      1672      4974      1679      4956      1685      4931      1650      4999      1710 PARcau 1.216060e-03 2.503972e-03 0.996280
    96   1       2941       2817 10.595  30.203 231.5 71.565     2935     2803     2948     2833     13     30      2941      2801      2951      2829      2941      2833      2931      2804      2910      2778      2973      2858 PARcau 1.508591e-01 2.955261e-03 0.846186
    97   2       4968       1677  7.566  18.554  92.0 75.964     4959     1674     4978     1683     19      9      4958      1676      4976      1671      4977      1679      4959      1683      4934      1649      5003      1708 PARcau 4.685952e-05 2.932965e-03 0.997020
    97   0        348       2386  8.544  21.541 141.0 21.801      338     2381      359     2393     21     12       339      2378       359      2386       356      2394       336      2386       313      2356       384      2418 PARcau 1.945595e-03 1.135458e-06 0.998053
    97   1       2944       2830 11.402  28.862 232.5 75.964     2938     2816     2951     2845     13     29      2935      2817      2946      2814      2953      2842      2942      2845      2913      2791      2976      2870 PARcau 2.507036e-02 3.167364e-03 0.971762
    97   3       2185       1085  4.031  11.102  28.0 36.870     2182     1080     2191     1091      9     11      2181      1088      2187      1079      2191      1081      2184      1090      2157      1055      2216      1116 PARcau 4.222422e-04 1.285842e-05 0.999565
    98   3       2185       1086  4.472  11.180  31.0 26.565     2183     1082     2190     1093      7     11      2181      1091      2186      1081      2190      1083      2185      1093      2158      1057      2215      1118 PARcau 4.231972e-04 3.534105e-04 0.999223
    98   2       4972       1676  7.000  19.000  93.5 90.000     4963     1673     4983     1681     20      8      4963      1673      4982      1673      4982      1680      4963      1680      4938      1648      5008      1706 PARcau 6.661627e-05 3.796788e-03 0.996137
    98   0        352       2388  8.500  21.243 133.5 26.565      343     2382      363     2395     20     13       345      2379       364      2389       360      2396       341      2387       318      2357       388      2420 PARcau 1.258725e-03 2.479039e-04 0.998493
    98   1       2947       2843 11.402  29.833 247.5 75.964     2941     2829     2955     2859     14     30      2938      2830      2949      2827      2956      2856      2945      2859      2916      2804      2980      2884 PARcau 7.119904e-02 1.290193e-01 0.799782
    99   2       4975       1675  7.071  18.111  91.0 83.660     4966     1672     4985     1681     19      9      4965      1673      4983      1671      4984      1678      4966      1680      4941      1647      5010      1706 PARcau 3.089614e-06 2.637823e-05 0.999971
    99   3       2184       1089  5.408  12.777  36.5 29.745     2181     1084     2189     1097      8     13      2178      1094      2184      1083      2189      1086      2182      1097      2156      1059      2214      1122 PARcau 2.771934e-07 1.159281e-06 0.999999
    99   0        356       2390  8.322  21.523 134.0 30.964      347     2384      367     2398     20     14       349      2381       368      2392       363      2399       345      2388       322      2359       392      2423 PARcau 6.109793e-01 3.090716e-04 0.388712
    99   1       2951       2855 10.794  29.470 235.5 75.964     2945     2842     2959     2871     14     29      2942      2843      2952      2840      2960      2869      2949      2871      2920      2817      2984      2896 PARcau 3.725695e-03 8.935850e-01 0.102689
   100   2       4979       1675  7.000  18.000  82.5 90.000     4970     1672     4989     1680     19      8      4970      1672      4988      1672      4988      1679      4970      1679      4945      1647      5014      1705 PARcau 2.495926e-05 7.615122e-03 0.992360
   100   3       2182       1093  4.123  15.232  34.5 23.199     2179     1087     2187     1102      8     15      2177      1100      2183      1086      2187      1087      2181      1101      2154      1062      2212      1127 PARcau 2.456770e-04 6.560843e-04 0.999098
   100   0        360       2392  8.602  20.248 121.0 33.690      352     2386      370     2400     18     14       354      2383       371      2394       366      2401       349      2390       327      2361       395      2425 PARcau 3.527491e-03 9.008275e-04 0.995572
   100   1       2956       2868 10.770  30.083 248.5 69.444     2949     2854     2964     2884     15     30      2955      2852      2966      2880      2956      2884      2945      2856      2924      2829      2989      2909 PARcau 2.811281e-02 6.168131e-02 0.910206
   101   3       2181       1097  4.743  15.182  42.5 18.435     2178     1090     2186     1105      8     15      2181      1089      2186      1090      2181      1105      2177      1103      2153      1065      2211      1130 PARcau 3.264412e-02 2.310138e-04 0.967125
   101   0        364       2394  8.602  20.248 114.5 33.690      356     2388      374     2402     18     14       358      2385       375      2396       370      2403       353      2392       331      2363       399      2427 PARcau 2.139423e-03 4.124150e-04 0.997448
   101   2       4985       1676  6.576  18.173  90.5  8.130     4976     1673     4995     1681     19      8      4976      1671      4994      1674      4993      1680      4975      1678      4951      1648      5020      1706 PARcau 3.286284e-05 1.737567e-03 0.998230
   101   1       2960       2880 10.770  27.857 229.0 69.444     2954     2867     2968     2895     14     28      2960      2865      2970      2891      2960      2895      2950      2869      2929      2842      2993      2920 PARcau 5.862666e-03 6.555079e-04 0.993482
   102   3       2180       1100  6.576  15.207  52.0  9.462     2177     1094     2185     1110      8     16      2178      1093      2185      1094      2182      1109      2176      1108      2152      1069      2210      1135 PARcau 5.499558e-04 2.111236e-02 0.978338
   102   0        366       2396  8.201  20.304 108.0 36.870      358     2389      376     2405     18     16       361      2386       377      2399       372      2405       356      2393       333      2364       401      2430 PARcau 1.501323e-04 3.619376e-05 0.999814
   102   2       4990       1677  7.071  18.439  93.0 14.036     4981     1673     5000     1682     19      9      4981      1671      4999      1675      4998      1682      4980      1678      4956      1648      5025      1707 PARcau 3.717310e-05 6.831442e-04 0.999280
   102   1       2964       2891 10.735  25.715 195.0 63.435     2958     2879     2971     2905     13     26      2963      2877      2975      2900      2965      2905      2954      2882      2933      2854      2996      2930 PARcau 4.239365e-05 1.391268e-05 0.999944
   103   0        369       2397  7.810  19.799 111.0 45.000      361     2390      378     2406     17     16       365      2388       379      2402       373      2407       359      2393       336      2365       403      2431 PARcau 5.785201e-04 2.582812e-03 0.996839
   103   3       2180       1104  5.000  16.000  57.0 90.000     2178     1097     2184     1114      6     17      2178      1097      2183      1097      2183      1113      2178      1113      2153      1072      2209      1139 PARcau 6.089720e-05 3.193095e-04 0.999620
   103   2       4993       1677  7.649  17.847 101.0 11.310     4984     1673     5003     1683     19     10      4985      1672      5002      1675      5001      1683      4983      1679      4959      1648      5028      1708 PARcau 7.992882e-05 9.382233e-04 0.998982
   103   1       2968       2906  9.014  27.354 174.5 71.565     2963     2893     2975     2920     12     27      2968      2891      2976      2917      2968      2920      2959      2894      2938      2868      3000      2945 PARcau 1.280752e-02 4.394151e-03 0.982798
   104   2       4995       1677  8.000  15.000  81.0 90.000     4987     1674     5003     1683     16      9      4987      1674      5002      1674      5002      1682      4987      1682      4962      1649      5028      1708 PARcau 8.532112e-06 2.288779e-05 0.999969
   104   0        372       2399  7.778  19.092  94.5 45.000      364     2393      380     2408     16     15       368      2389       381      2403       376      2408       362      2395       339      2368       405      2433 PARcau 2.952156e-03 7.710470e-04 0.996277
   104   3       2180       1109  5.000  14.000  45.5 90.000     2178     1102     2184     1117      6     15      2178      1102      2183      1102      2183      1116      2178      1116      2153      1077      2209      1142 PARcau 2.547296e-04 8.574560e-02 0.914000
   104   1       2971       2918 10.794  26.315 210.0 75.964     2965     2907     2979     2933     14     26      2963      2907      2973      2905      2980      2930      2969      2933      2940      2882      3004      2958 PARcau 5.678631e-01 5.926584e-03 0.426210
   105   2       4999       1679  7.382  16.325  87.5 26.565     4992     1675     5007     1686     15     11      4993      1672      5008      1680      5004      1686      4990      1679      4967      1650      5032      1711 PARcau 3.316476e-05 2.724841e-04 0.999694
   105   0        375       2402  6.801  20.524  97.0 56.310      369     2394      382     2412     13     18       371      2391       383      2408       377      2412       366      2395       344      2369       407      2437 PARcau 3.725342e-03 2.960073e-03 0.993315
   105   3       2181       1113  5.000  14.000  54.0 90.000     2179     1106     2185     1121      6     15      2179      1106      2184      1106      2184      1120      2179      1120      2154      1081      2210      1146 PARcau 7.343748e-05 2.300090e-03 0.997626
   105   1       2974       2929 11.402  28.862 242.5 75.964     2968     2916     2982     2945     14     29      2965      2917      2976      2914      2983      2942      2972      2945      2943      2891      3007      2970 PARcau 3.561855e-04 1.284796e-03 0.998359
   106   2       5001       1680  6.946  15.692  67.5 30.964     4994     1676     5010     1687     16     11      4996      1673      5009      1681      5006      1687      4992      1679      4969      1651      5035      1712 PARcau 6.671394e-06 2.650715e-04 0.999728
   106   3       2181       1115  5.099  16.492  58.5 74.055     2179     1108     2186     1125      7     17      2177      1108      2182      1107      2186      1123      2181      1124      2154      1083      2211      1150 PARcau 3.257144e-06 7.393128e-06 0.999989
   106   0        377       2407  8.544  19.698  98.0 66.038      372     2398      384     2417     12     19       377      2396       385      2414       377      2417       369      2399       347      2373       409      2442 PARcau 2.749886e-01 2.289168e-04 0.724783
   106   1       2977       2941 11.180  28.636 239.5 78.690     2971     2928     2986     2956     15     28      2969      2928      2980      2926      2986      2954      2975      2956      2946      2903      3011      2981 PARcau 4.164417e-02 3.181630e-04 0.958038
   107   2       5003       1681  7.906  16.508  67.5 33.690     4995     1677     5011     1688     16     11      4997      1673      5011      1682      5006      1689      4993      1679      4970      1652      5036      1713 PARcau 1.345883e-07 1.966713e-06 0.999998
   107   3       2183       1118  5.852  16.919  64.0 71.565     2179     1111     2188     1128      9     17      2183      1109      2188      1125      2183      1127      2177      1111      2154      1086      2213      1153 PARcau 1.127969e-04 2.967434e-03 0.996920
   107   0        378       2411  7.280  20.616 104.5 75.964      374     2401      384     2421     10     20       372      2401       379      2399       384      2419       377      2421       349      2376       409      2446 PARcau 5.498480e-02 6.032508e-04 0.944412
   107   1       2981       2952 11.543  30.203 273.0 71.565     2975     2938     2990     2968     15     30      2971      2940      2982      2936      2992      2965      2981      2968      2950      2913      3015      2993 PARcau 6.514781e-01 2.364817e-02 0.324874
   108   2       5004       1683  6.042  15.890  49.0 23.199     4998     1678     5012     1689     14     11      4998      1676      5012      1683      5010      1688      4995      1682      4973      1653      5037      1714 PARcau 1.458377e-05 3.725268e-05 0.999948
   108   3       2183       1120  5.701  13.946  48.0 74.055     2180     1114     2188     1128      8     14      2179      1114      2184      1112      2188      1126      2182      1127      2155      1089      2213      1153 PARcau 7.448047e-03 4.728136e-01 0.519738
   108   0        379       2414  8.139  20.887 109.5 78.690      375     2404      385     2425     10     21       373      2404       381      2402       385      2423       377      2424       350      2379       410      2450 PARcau 8.911172e-03 4.441844e-04 0.990645
   108   1       2985       2960 11.402  24.739 234.0 75.964     2979     2948     2993     2973     14     25      2976      2949      2987      2946      2993      2970      2982      2973      2954      2923      3018      2998 PARcau 1.409138e-02 7.617319e-03 0.978291
   108   4       5074        301  8.000  14.000  93.0 90.000     5067      298     5082      307     15      9      5067       298      5081       298      5081       306      5067       306      5042       273      5107       332 PARcau 6.232473e-02 1.149061e-02 0.926185
   109   3       2183       1121  6.083  14.318  44.5 75.964     2180     1114     2188     1129      8     15      2179      1114      2185      1113      2188      1127      2182      1128      2155      1089      2213      1154 PARcau 1.258249e-04 5.700195e-03 0.994174
   109   0        380       2417  8.062  20.396 109.5 78.690      376     2408      385     2429      9     21       374      2408       382      2407       386      2427       378      2428       351      2383       410      2454 PARcau 6.667248e-02 3.494689e-04 0.932978
   109   4       5077        302 11.000  18.000 149.0 90.000     5068      297     5087      309     19     12      5068       297      5086       297      5086       308      5068       308      5043       272      5112       334 PARcau 2.821701e-01 5.554731e-03 0.712275
   109   2       5006       1684  5.385   9.487  29.0 18.435     5002     1681     5012     1689     10      8      5003      1680      5012      1683      5010      1688      5001      1685      4977      1656      5037      1714 PARcau 4.623801e-05 1.023689e-04 0.999851
   109   1       2987       2965 11.000  13.000 112.5 90.000     2982     2959     2994     2973     12     14      2982      2959      2993      2959      2993      2972      2982      2972      2957      2934      3019      2998 PARcau 4.457278e-05 2.514463e-06 0.999953
   110   4       5077        301  8.559  17.357 113.0 78.690     5069      297     5087      307     18     10      5068       298      5085       295      5086       303      5069       307      5044       272      5112       332 PARcau 2.884940e-03 2.944889e-04 0.996821
   110   0        380       2421  7.071  20.100 107.0 82.875      377     2412      386     2433      9     21       376      2412       383      2411       385      2431       378      2432       352      2387       411      2458 PARcau 9.720718e-04 1.750704e-03 0.997277
   111   0        380       2426  8.000  21.000 110.5 90.000      377     2416      386     2438      9     22       377      2416       385      2416       385      2437       377      2437       352      2391       411      2463 PARcau 4.190679e-02 1.481619e-02 0.943277
   112   0        381       2430  8.000  20.000 110.5 90.000      377     2420      386     2441      9     21       377      2420       385      2420       385      2440       377      2440       352      2395       411      2466 PARcau 2.439270e-02 7.406271e-03 0.968201
   112   2       5015       1691  6.708  13.416  37.5 26.565     5010     1687     5022     1696     12      9      5010      1685      5022      1691      5019      1697      5007      1691      4985      1662      5047      1721 PARcau 8.715751e-06 4.992861e-05 0.999941
   113   2       5017       1692  6.265  12.298  52.5 26.565     5012     1688     5024     1698     12     10      5013      1687      5024      1692      5021      1698      5010      1692      4987      1663      5049      1723 PARcau 1.478251e-06 6.488016e-05 0.999934
   113   0        380       2436  7.566  20.156 113.5  7.125      377     2426      386     2447      9     21       378      2425       386      2426       383      2446       376      2445       352      2401       411      2472 PARcau 2.472711e-03 1.514864e-03 0.996012
   114   2       5020       1694  6.519  14.577  51.5 32.005     5014     1689     5027     1701     13     12      5015      1688      5028      1695      5024      1701      5012      1693      4989      1664      5052      1726 PARcau 4.435890e-06 4.642467e-05 0.999949
   114   0        380       2442  7.071  21.587 122.0 14.036      375     2432      386     2454     11     22       379      2431       386      2432       381      2453       374      2452       350      2407       411      2479 PARcau 3.434246e-04 3.600505e-04 0.999297
   115   0        378       2446  8.382  20.718 119.0 19.983      373     2437      385     2457     12     20       378      2435       386      2438       379      2457       371      2455       348      2412       410      2482 PARcau 7.165486e-06 8.188641e-05 0.999911
   115   2       5024       1699  6.403  14.213  57.5 51.340     5019     1694     5030     1706     11     12      5022      1691      5031      1702      5026      1706      5017      1695      4994      1669      5055      1731 PARcau 7.108241e-05 1.348595e-03 0.998580
   116   0        377       2450  7.616  19.313 119.0 21.801      371     2441      384     2461     13     20       377      2440       384      2443       377      2461       370      2458       346      2416       409      2486 PARcau 1.195539e-05 3.979450e-06 0.999984
   116   2       5027       1704  6.103  14.841  65.0 56.310     5023     1698     5034     1711     11     13      5026      1695      5034      1708      5029      1711      5021      1699      4998      1673      5059      1736 PARcau 1.384941e-04 5.231212e-04 0.999338
   117   0        375       2456  7.826  20.573 120.5 26.565      369     2447      382     2467     13     20       367      2464       376      2445       383      2449       374      2467       344      2422       407      2492 PARcau 3.667796e-08 4.676832e-09 1.000000
   117   2       5031       1709  7.810  15.556  85.5 45.000     5026     1703     5037     1717     11     14      5028      1701      5039      1712      5033      1717      5022      1706      5001      1678      5062      1742 PARcau 9.340667e-06 2.499201e-05 0.999966
   118   0        373       2460  7.826  21.030 123.0 26.565      367     2451      381     2470     14     19       365      2467       375      2449       382      2452       372      2471       342      2426       406      2495 PARcau 1.171710e-08 4.207170e-08 1.000000
   118   2       5033       1712  7.106  14.916  71.5 51.340     5029     1706     5039     1720     10     14      5031      1704      5040      1716      5035      1720      5025      1709      5004      1681      5064      1745 PARcau 6.955677e-06 6.438053e-05 0.999929
   119   0        371       2464  7.632  20.524 131.0 33.690      364     2455      379     2474     15     19       362      2470       373      2453       380      2457       368      2474       339      2430       404      2499 PARcau 4.128295e-07 3.462029e-08 1.000000
   119   2       5036       1717  6.708  14.318  77.0 63.435     5031     1711     5042     1725     11     14      5036      1709      5042      1722      5036      1725      5030      1712      5006      1686      5067      1750 PARcau 2.171086e-05 6.300886e-04 0.999348
   120   0        368       2468  8.485  21.213 132.5 45.000      361     2459      377     2478     16     19       358      2472       373      2457       379      2463       364      2478       336      2434       402      2503 PARcau 2.343659e-06 1.156373e-07 0.999997
   120   2       5037       1722  6.519  14.577  61.5 60.255     5034     1716     5043     1730      9     14      5037      1714      5044      1726      5039      1730      5031      1717      5009      1691      5068      1755 PARcau 1.238623e-05 1.227434e-04 0.999865
   121   0        365       2472  7.810  21.401 134.0 37.875      358     2464      374     2482     16     18       356      2478       369      2461       375      2466       362      2483       333      2439       399      2507 PARcau 1.504273e-06 1.604402e-06 0.999997
   121   2       5039       1727  7.071  13.342  63.0 75.964     5036     1721     5044     1735      8     14      5034      1721      5041      1720      5044      1733      5037      1734      5011      1696      5069      1760 PARcau 3.671581e-07 3.303882e-05 0.999967
   121   3       2175       1085  4.472  13.416  28.5 63.435     2173     1080     2180     1094      7     14      2174      1079      2180      1091      2176      1093      2170      1081      2148      1055      2205      1119 PARcau 2.968316e-05 1.306099e-04 0.999840
   122   3       2174       1082  5.099  14.866  37.5 71.565     2171     1076     2179     1091      8     15      2174      1075      2179      1089      2174      1090      2169      1076      2146      1051      2204      1116 PARcau 5.305007e-04 6.330419e-03 0.993139
   122   0        362       2476  8.485  21.213 136.0 45.000      354     2468      371     2485     17     17       352      2481       367      2466       373      2472       358      2487       329      2443       396      2510 PARcau 1.907990e-06 6.155489e-08 0.999998
   122   2       5040       1734  6.576  14.431  65.5 75.964     5037     1727     5045     1742      8     15      5035      1727      5042      1726      5045      1740      5039      1741      5012      1702      5070      1767 PARcau 2.689381e-05 3.201323e-03 0.996772
   123   3       2173       1081  4.924  14.705  37.5 71.565     2170     1074     2178     1088      8     14      2173      1072      2178      1086      2173      1088      2169      1074      2145      1049      2203      1113 PARcau 1.879990e-04 1.797445e-03 0.998015
   123   0        359       2479  8.485  22.627 148.0 45.000      351     2471      369     2489     18     18       348      2485       364      2469       370      2475       354      2491       326      2446       394      2514 PARcau 8.552362e-06 2.317472e-07 0.999991
   123   2       5041       1740  5.590  13.238  45.5 78.690     5039     1733     5046     1747      7     14      5037      1733      5043      1732      5045      1745      5040      1746      5014      1708      5071      1772 PARcau 9.898731e-05 1.552256e-03 0.998349
   124   3       2171       1076  4.472  13.892  26.5 60.255     2169     1071     2177     1085      8     14      2170      1070      2177      1082      2173      1084      2166      1072      2144      1046      2202      1110 PARcau 7.112824e-05 4.443837e-04 0.999484
   124   0        356       2483  8.602  21.401 142.5 53.130      347     2475      366     2492     19     17       345      2486       362      2473       367      2480       350      2493       322      2450       391      2517 PARcau 1.889970e-06 6.082133e-06 0.999992
   124   2       5042       1746  6.576  13.238  53.5 78.690     5039     1740     5047     1754      8     14      5037      1740      5044      1739      5046      1752      5040      1753      5014      1715      5072      1779 PARcau 1.235657e-05 3.433265e-04 0.999644
   125   3       2170       1074  5.148  15.443  38.0 60.255     2167     1067     2176     1082      9     15      2168      1066      2176      1079      2171      1082      2164      1068      2142      1042      2201      1107 PARcau 6.622681e-04 1.220712e-02 0.987131
   125   0        352       2486  9.014  22.209 146.5 59.036      342     2479      363     2494     21     15       340      2488       359      2476       364      2484       345      2495       317      2454       388      2519 PARcau 1.041389e-08 2.972730e-09 1.000000
   125   2       5042       1751  6.000  13.000  60.5 90.000     5040     1745     5047     1759      7     14      5040      1745      5046      1745      5046      1758      5040      1758      5015      1720      5072      1784 PARcau 8.477424e-06 6.318731e-04 0.999360
   125   4       5112        302  9.899  14.142  98.5 45.000     5106      297     5120      309     14     12      5104       304      5114       294      5121       301      5111       311      5081       272      5145       334 PARcau 5.629633e-02 6.678766e-04 0.943036
   126   3       2168       1070  4.924  12.500  30.5 74.055     2166     1065     2174     1077      8     12      2165      1065      2169      1063      2173      1075      2168      1077      2141      1040      2199      1102 PARcau 5.089051e-04 3.301388e-03 0.996190
   126   4       5114        306 14.000  14.000 149.5 90.000     5107      300     5122      315     15     15      5107       300      5121       300      5121       314      5107       314      5082       275      5147       340 PARcau 3.366103e-02 4.755300e-04 0.965863
   126   2       5044       1755  6.000  15.000  65.0 90.000     5041     1748     5048     1764      7     16      5041      1748      5047      1748      5047      1763      5041      1763      5016      1723      5073      1789 PARcau 8.960182e-06 1.900720e-03 0.998090
   126   0        347       2488  8.062  22.361 144.0 63.435      337     2482      359     2496     22     14       335      2490       355      2480       359      2487       339      2497       312      2457       384      2521 PARcau 1.095952e-06 1.334489e-08 0.999999
   127   3       2167       1066  5.099  13.601  36.5 73.301     2164     1060     2172     1074      8     14      2163      1060      2168      1059      2172      1072      2167      1073      2139      1035      2197      1099 PARcau 5.800381e-05 1.125667e-04 0.999829
   127   4       5115        310 12.000  13.000 119.5 90.000     5109      305     5123      318     14     13      5109       305      5122       305      5122       317      5109       317      5084       280      5148       343 PARcau 4.072193e-03 3.895222e-04 0.995538
   127   2       5044       1759  7.071  15.133  71.5  7.125     5041     1752     5049     1768      8     16      5042      1751      5049      1752      5047      1767      5040      1766      5016      1727      5074      1793 PARcau 8.553217e-07 3.700763e-05 0.999962
   127   0        343       2490  8.544  22.136 148.5 71.565      333     2485      355     2497     22     12       331      2490       352      2483       355      2491       334      2498       308      2460       380      2522 PARcau 1.849498e-07 2.199699e-11 1.000000
   128   2       5044       1762  6.576  14.221  61.0  9.462     5041     1755     5049     1770      8     15      5042      1754      5048      1755      5046      1769      5039      1768      5016      1730      5074      1795 PARcau 1.300225e-06 1.405248e-05 0.999985
   128   3       2165       1061  5.148  14.089  37.5 63.435     2162     1056     2171     1070      9     14      2165      1055      2171      1067      2167      1070      2160      1057      2137      1031      2196      1095 PARcau 5.043994e-05 2.408581e-03 0.997541
   128   0        338       2492  8.062  22.361 147.5 80.538      328     2488      351     2498     23     10       327      2490       349      2486       350      2494       328      2498       303      2463       376      2523 PARcau 4.433976e-05 1.328404e-07 0.999956
   129   2       5043       1765  6.083  13.153  51.5  9.462     5040     1759     5048     1773      8     14      5041      1758      5047      1759      5045      1772      5039      1771      5015      1734      5073      1798 PARcau 8.829888e-06 2.553474e-04 0.999736
   129   3       2163       1058  4.924  16.771  51.0 63.435     2160     1051     2169     1067      9     16      2162      1050      2170      1065      2165      1067      2158      1052      2135      1026      2194      1092 PARcau 5.794215e-05 8.905386e-05 0.999853
   129   0        334       2493  9.000  22.000 153.0 90.000      323     2489      346     2499     23     10       323      2489       345      2489       345      2498       323      2498       298      2464       371      2524 PARcau 2.673137e-05 5.741813e-06 0.999968
   129   4       5115        335 11.314  16.279 145.5 45.000     5109      328     5123      344     14     16      5105       337      5117       326      5125       334      5113       345      5084       303      5148       369 PARcau 3.084010e-01 4.698093e-02 0.644618
   130   3       2162       1056  5.385  13.928  46.0 68.199     2160     1050     2168     1063      8     13      2162      1048      2167      1061      2162      1063      2157      1050      2135      1025      2193      1088 PARcau 2.350393e-06 5.178172e-06 0.999992
   130   2       5042       1768  7.382  16.325  71.0 26.565     5038     1761     5048     1777     10     16      5035      1773      5043      1759      5049      1762      5042      1777      5013      1736      5073      1802 PARcau 5.253574e-05 3.235722e-03 0.996712
   130   0        330       2494  9.000  22.000 158.0 90.000      319     2490      342     2500     23     10       319      2490       341      2490       341      2499       319      2499       294      2465       367      2525 PARcau 2.826736e-04 1.128745e-04 0.999605
   130   4       5113        343 12.777  22.051 210.5 30.964     5106      334     5123      354     17     20      5102       349      5114       331      5125       337      5113       356      5081       309      5148       379 PARcau 3.770105e-03 4.104462e-03 0.992125
   131   3       2161       1052  5.590  14.431  44.5 75.964     2158     1045     2166     1060      8     15      2157      1045      2162      1044      2166      1058      2160      1059      2133      1020      2191      1085 PARcau 2.893118e-06 9.143502e-07 0.999996
   131   2       5040       1772  5.385  13.416  57.5 26.565     5036     1767     5046     1779     10     12      5035      1777      5041      1765      5046      1767      5040      1779      5011      1742      5071      1804 PARcau 1.839414e-06 7.910048e-06 0.999990
   131   0        326       2494  9.000  23.000 164.0 90.000      315     2490      339     2500     24     10       315      2490       338      2490       338      2499       315      2499       290      2465       364      2525 PARcau 2.483967e-03 2.857473e-05 0.997487
   131   4       5110        352 13.000  24.597 226.5 26.565     5102      342     5120      364     18     22      5110       338      5122       343      5111       365      5099       360      5077       317      5145       389 PARcau 4.691102e-02 2.086338e-02 0.932226
   132   2       5039       1774  6.946  14.327  63.0 29.745     5034     1768     5045     1782     11     14      5032      1779      5039      1766      5045      1770      5038      1782      5009      1743      5070      1807 PARcau 1.110347e-05 2.128270e-05 0.999968
   132   3       2160       1049  5.590  11.630  27.5 63.435     2157     1045     2165     1057      8     12      2160      1043      2165      1053      2160      1056      2155      1045      2132      1020      2190      1082 PARcau 4.778501e-04 4.400801e-04 0.999082
   132   0        322       2495  9.000  22.000 164.5 90.000      312     2491      335     2501     23     10       312      2491       334      2491       334      2500       312      2500       287      2466       360      2526 PARcau 2.736720e-03 2.148594e-05 0.997242
   132   4       5107        358 11.314  24.042 217.5 45.000     5098      348     5117      369     19     21      5095       362      5112       345      5120       353      5103       370      5073       323      5142       394 PARcau 1.822781e-02 1.390215e-03 0.980382
   133   3       2159       1047  5.590  12.971  31.0 63.435     2156     1041     2164     1054      8     13      2158      1039      2164      1051      2159      1053      2153      1042      2131      1016      2189      1079 PARcau 1.489504e-02 9.203261e-03 0.975902
   133   2       5038       1776  6.103  14.009  55.0 33.690     5034     1771     5044     1783     10     12      5031      1780      5039      1769      5044      1772      5036      1784      5009      1746      5069      1808 PARcau 4.645387e-05 1.405693e-04 0.999813
   133   0        319       2495 10.000  21.000 164.0 90.000      309     2490      331     2501     22     11       309      2490       330      2490       330      2500       309      2500       284      2465       356      2526 PARcau 2.008905e-05 2.878598e-07 0.999980
   133   4       5105        361 12.042  25.456 226.5 45.000     5096      351     5116      373     20     22      5092       366      5110       348      5119       356      5101       374      5071       326      5141       398 PARcau 9.390047e-02 1.911179e-02 0.886988
   134   4       5103        361 11.336  24.135 188.0 49.399     5093      353     5115      371     22     18      5090       365      5109       349      5116       358      5098       373      5068       328      5140       396 PARcau 3.821200e-02 9.951416e-04 0.960793
   134   2       5036       1779  7.616  13.416  57.5 26.565     5032     1773     5043     1786     11     13      5036      1771      5043      1774      5037      1786      5030      1783      5007      1748      5068      1811 PARcau 3.380114e-05 1.747959e-04 0.999791
   134   0        316       2495 11.000  16.000 127.0 90.000      309     2490      326     2502     17     12       309      2490       325      2490       325      2501       309      2501       284      2465       351      2527 PARcau 5.479046e-05 4.156179e-07 0.999945
   135   2       5035       1780  5.657  12.728  44.5 45.000     5032     1774     5042     1787     10     13      5030      1782      5039      1773      5043      1777      5034      1786      5007      1749      5067      1812 PARcau 4.967350e-04 1.539902e-03 0.997963
   135   4       5101        359 12.258  21.869 199.5 78.690     5092      352     5114      367     22     15      5090       355      5111       351      5114       363      5092       367      5067       327      5139       392 PARcau 1.116958e-01 2.570793e-02 0.862596
   135   0        315       2495 10.308  13.829 102.0 14.036      309     2490      323     2502     14     12       309      2489       323      2492       320      2502       307      2499       284      2465       348      2527 PARcau 5.230903e-04 2.207802e-07 0.999477
   136   2       5034       1781  6.403  10.817  38.0 33.690     5030     1777     5040     1787     10     10      5029      1784      5035      1775      5040      1779      5034      1788      5005      1752      5065      1812 PARcau 9.103856e-05 2.660825e-03 0.997248
   136   0        313       2495  9.899   9.899  66.5 45.000      309     2490      320     2501     11     11       313      2488       320      2495       313      2502       306      2495       284      2465       345      2526 PARcau 5.138557e-03 9.920848e-05 0.994762
   136   4       5098        355 14.318  20.125 189.0 26.565     5090      348     5111      364     21     16      5093       344      5111       353      5105       366      5087       357      5065       323      5136       389 PARcau 2.205393e-02 5.905031e-02 0.918896
   137   4       5095        350 15.524  17.720 180.0 74.745     5088      343     5107      360     19     17      5085       345      5102       340      5106       355      5089       360      5063       318      5132       385 PARcau 4.489835e-02 9.855084e-02 0.856551
   138   4       5093        345 16.000  16.000 201.0 90.000     5086      338     5103      355     17     17      5086       338      5102       338      5102       354      5086       354      5061       313      5128       380 PARcau 3.247911e-02 2.309155e-02 0.944429
   139   4       5091        341 15.556  16.971 194.5 45.000     5084      333     5101      350     17     17      5080       342      5092       330      5103       341      5091       353      5059       308      5126       375 PARcau 9.800185e-02 1.282152e-01 0.773783
   140   4       5089        336 14.000  15.000 162.5 90.000     5082      329     5097      345     15     16      5082       329      5096       329      5096       344      5082       344      5057       304      5122       370 PARcau 1.958982e-01 7.994423e-02 0.724158
   141   4       5085        331 14.000  14.000 148.5 90.000     5079      325     5094      340     15     15      5079       325      5093       325      5093       339      5079       339      5054       300      5119       365 PARcau 4.433482e-02 3.768079e-05 0.955628
   141   0        283       2479  5.000   8.000  32.5 90.000      281     2476      287     2485      6      9       281      2476       286      2476       286      2484       281      2484       256      2451       312      2510 PARcau 1.669668e-06 7.924478e-07 0.999997
   142   0        283       2480  6.000  10.000  41.5 90.000      281     2476      288     2487      7     11       281      2476       287      2476       287      2486       281      2486       256      2451       313      2512 PARcau 1.473702e-05 3.266290e-06 0.999982
   142   4       5082        328 13.000  15.000 146.5 90.000     5075      322     5091      336     16     14      5075       322      5090       322      5090       335      5075       335      5050       297      5116       361 PARcau 4.536042e-02 4.885159e-05 0.954591
   142   2       5024       1799  5.657  11.314  37.0 45.000     5019     1795     5030     1804     11      9      5018      1800      5026      1792      5030      1796      5022      1804      4994      1770      5055      1829 PARcau 1.829253e-04 9.460264e-04 0.998871
   143   0        283       2480  5.000   8.000  37.0 90.000      281     2476      287     2485      6      9       281      2476       286      2476       286      2484       281      2484       256      2451       312      2510 PARcau 9.209541e-06 2.671687e-06 0.999988
   143   4       5078        326 13.435  16.263 162.0 45.000     5071      320     5088      335     17     15      5068       328      5079       316      5089       326      5077       337      5046       295      5113       360 PARcau 8.517604e-02 3.363511e-04 0.914488
   143   2       5020       1802  6.403  15.556  69.0 45.000     5014     1796     5028     1809     14     13      5013      1805      5024      1794      5029      1798      5018      1809      4989      1771      5053      1834 PARcau 2.408603e-07 1.423127e-06 0.999998
   144   2       5016       1805  6.364  14.849  73.0 45.000     5010     1800     5024     1811     14     11      5009      1808      5020      1798      5024      1802      5014      1813      4985      1775      5049      1836 PARcau 4.383502e-06 2.150820e-05 0.999974
   144   4       5072        324 14.000  18.000 192.5 90.000     5064      318     5083      333     19     15      5064       318      5082       318      5082       332      5064       332      5039       293      5108       358 PARcau 3.683717e-01 1.142625e-03 0.630486
   145   2       5013       1808  6.708  17.889  87.5 63.435     5005     1803     5022     1814     17     11      5004      1809      5020      1801      5023      1807      5007      1815      4980      1778      5047      1839 PARcau 2.141888e-06 3.395409e-07 0.999997
   145   4       5066        322 13.416  20.125 195.5 63.435     5057      316     5077      331     20     15      5054       321      5072       312      5078       324      5060       333      5032       291      5102       356 PARcau 6.475221e-02 7.610697e-05 0.935172
   146   2       5008       1810  6.708  17.000  79.0 63.435     5000     1806     5017     1816     17     10      4999      1811      5014      1803      5017      1809      5002      1817      4975      1781      5042      1841 PARcau 5.602244e-06 1.613300e-04 0.999833
   146   4       5061        321  9.000  13.000  86.0 90.000     5055      317     5069      327     14     10      5055       317      5068       317      5068       326      5055       326      5030       292      5094       352 PARcau 6.999869e-02 6.002847e-04 0.929401
   147   2       4999       1812  6.576  18.554  84.0 75.964     4991     1809     5010     1818     19      9      4990      1811      5008      1807      5009      1813      4991      1818      4966      1784      5035      1843 PARcau 1.209129e-05 3.010222e-05 0.999958
   147   4       5046        310  7.000  13.000  74.0 90.000     5040      307     5054      315     14      8      5040       307      5053       307      5053       314      5040       314      5015       282      5079       340 PARcau 2.765133e-04 2.787333e-06 0.999721
   148   2       4989       1815  8.078  17.868 100.5 71.565     4981     1811     4999     1821     18     10      4979      1814      4996      1809      4999      1816      4982      1822      4956      1786      5024      1846 PARcau 3.180430e-06 4.382934e-05 0.999953
   148   4       5038        307 15.000  23.000 252.5 90.000     5028      300     5052      316     24     16      5028       300      5051       300      5051       315      5028       315      5003       275      5077       341 PARcau 4.068520e-02 7.814961e-04 0.958533
   149   4       5031        303 14.221  22.074 227.0 78.690     5020      297     5043      312     23     15      5018       299      5040       294      5042       308      5021       313      4995       272      5068       337 PARcau 3.420243e-02 1.733295e-04 0.965624
   149   2       4981       1818  7.071  18.248  98.5 80.538     4972     1814     4991     1823     19      9      4971      1816      4989      1813      4990      1820      4972      1823      4947      1789      5016      1848 PARcau 1.341106e-05 4.755359e-05 0.999939