 Frame  ID  CentroidX  CentroidY  Width  Length  Area  Angle  Box_TLX  Box_TLY  Box_BRX  Box_BRY  Box_W  Box_H  rBox_TLX  rBox_TLY  rBox_TRX  rBox_TRY  rBox_BRX  rBox_BRY  rBox_BLX  rBox_BLY  lBox_TLX  lBox_TLY  lBox_BRX  lBox_BRY  Label       HOMver       NONpro   PARcau
    21   0        247       2363 14.142  29.698 307.0 45.000      235     2352      260     2377     25     25       242      2349       263      2370       253      2380       232      2359       210      2327       285      2402 PARcau 4.396967e-02 8.271683e-02 0.873314
    21   1       1828        941  8.000  22.000 140.5 90.000     1818      938     1841      947     23      9      1818       938      1840       938      1840       946      1818       946      1793       913      1866       972 PARcau 3.119928e-01 2.023084e-03 0.685984
    22   1       1823        941  8.000  23.000 138.5 90.000     1812      938     1836      947     24      9      1812       938      1835       938      1835       946      1812       946      1787       913      1861       972 PARcau 1.686354e-01 6.452890e-04 0.830719
    22   0        251       2367 13.124  30.104 307.0 40.914      238     2356      264     2381     26     25       244      2352       267      2372       258      2382       236      2362       213      2331       289      2406 PARcau 3.981589e-02 8.125701e-04 0.959372
    23   1       1818        941  7.000  23.000 129.0 90.000     1807      938     1831      946     24      8      1807       938      1830       938      1830       945      1807       945      1782       913      1856       971 PARcau 4.978889e-01 6.903603e-03 0.495207
    23   0        255       2371 14.213  30.610 308.0 38.157      243     2359      268     2385     25     26       248      2356       272      2375       263      2386       239      2367       218      2334       293      2410 PARcau 1.401151e-01 1.748289e-03 0.858137
    24   0        258       2375 13.509  29.908 295.0 39.094      246     2363      271     2388     25     25       251      2360       275      2379       266      2389       243      2371       221      2338       296      2413 PARcau 5.788310e-01 1.053927e-06 0.421168
    24   1       1813        941  8.000  22.000 137.0 90.000     1802      938     1825      947     23      9      1802       938      1824       938      1824       946      1802       946      1777       913      1850       972 PARcau 2.321355e-01 3.703712e-01 0.397493
    25   0        262       2378 14.142  28.284 293.0 45.000      250     2367      275     2392     25     25       257      2364       277      2384       267      2394       247      2374       225      2342       300      2417 PARcau 4.011202e-01 1.849375e-03 0.597031
    25   1       1807        942  8.000  23.000 140.5 90.000     1796      938     1820      947     24      9      1796       938      1819       938      1819       946      1796       946      1771       913      1845       972 PARcau 7.467973e-02 1.006660e-01 0.824654
    26   0        265       2382 13.829  30.154 299.0 40.914      253     2371      278     2396     25     25       259      2367       282      2387       273      2397       250      2378       228      2346       303      2421 PARcau 9.124817e-01 1.252198e-03 0.086266
    26   1       1801        942  8.559  22.142 146.5 84.289     1791      938     1814      948     23     10      1790       939      1812       937      1813       945      1791       948      1766       913      1839       973 PARcau 2.695853e-02 7.268419e-01 0.246200
    27   1       1796        942  8.000  23.000 147.5 90.000     1785      939     1809      948     24      9      1785       939      1808       939      1808       947      1785       947      1760       914      1834       973 PARcau 6.331629e-01 3.248646e-02 0.334351
    27   0        269       2386 12.728  29.698 298.5 45.000      256     2375      282     2400     26     25       263      2372       284      2393       275      2402       254      2381       231      2350       307      2425 PARcau 9.360173e-01 1.087608e-04 0.063874
    28   0        272       2390 13.454  29.698 300.0 45.000      260     2379      285     2404     25     25       267      2376       288      2397       278      2406       257      2385       235      2354       310      2429 PARcau 3.056550e-01 1.322077e-02 0.681124
    28   1       1789        943  8.000  23.000 137.5 90.000     1779      940     1803      949     24      9      1779       940      1802       940      1802       948      1779       948      1754       915      1828       974 PARcau 4.334356e-02 4.142409e-01 0.542415
    28   2       4474        240 16.000  40.000 319.5 90.000     4460      232     4501      249     41     17      4460       232      4500       232      4500       248      4460       248      4435       207      4526       274 PARcau 6.363923e-03 1.317810e-04 0.993504
    29   0        276       2394 13.454  28.425 291.5 39.806      264     2383      289     2408     25     25       270      2380       292      2398       283      2408       261      2390       239      2358       314      2433 PARcau 6.949992e-01 1.096417e-03 0.303904
    29   1       1783        944  8.000  22.000 139.0 90.000     1773      941     1796      950     23      9      1773       941      1795       941      1795       949      1773       949      1748       916      1821       975 PARcau 7.799467e-02 3.204454e-01 0.601560
    30   0        279       2398 12.728  28.284 277.5 45.000      268     2387      292     2411     24     24       274      2384       294      2404       285      2413       265      2393       243      2362       317      2436 PARcau 4.630589e-01 1.193959e-02 0.525001
    30   1       1776        945  9.000  22.000 147.5 90.000     1766      941     1789      951     23     10      1766       941      1788       941      1788       950      1766       950      1741       916      1814       976 PARcau 7.266665e-02 5.330497e-03 0.922003
    31   0        282       2402 14.142  29.000 287.0 45.000      271     2390      295     2415     24     25       277      2388       298      2408       288      2418       267      2398       246      2365       320      2440 PARcau 8.172401e-01 4.444253e-04 0.182315
    31   1       1769        945  7.000  23.000 139.0 90.000     1758      942     1782      950     24      8      1758       942      1781       942      1781       949      1758       949      1733       917      1807       975 PARcau 1.495052e-01 6.498197e-02 0.785513
    32   2       4468        239 15.000  40.000 267.5 90.000     4452      234     4493      250     41     16      4452       234      4492       234      4492       249      4452       249      4427       209      4518       275 PARcau 4.694135e-02 3.670315e-05 0.953022
    32   0        286       2406 13.601  27.803 274.0 38.157      275     2395      299     2420     24     25       280      2392       302      2409       294      2420       272      2403       250      2370       324      2445 PARcau 1.509238e-01 9.806934e-03 0.839269
    32   1       1760        945  8.000  25.000 156.0 90.000     1748      941     1774      950     26      9      1748       941      1773       941      1773       949      1748       949      1723       916      1799       975 PARcau 1.206286e-01 1.633195e-03 0.877738
    33   2       4466        239 15.000  41.000 289.5 90.000     4449      234     4491      250     42     16      4449       234      4490       234      4490       249      4449       249      4424       209      4516       275 PARcau 4.298412e-02 8.602760e-05 0.956930
    33   0        290       2410 12.728  29.000 276.0 45.000      278     2399      302     2424     24     25       284      2396       304      2417       295      2426       275      2405       253      2374       327      2449 PARcau 9.056669e-01 2.608537e-05 0.094307
    33   1       1750        944  8.000  24.000 150.5 90.000     1739      941     1764      950     25      9      1739       941      1763       941      1763       949      1739       949      1714       916      1789       975 PARcau 3.994852e-02 1.281265e-01 0.831925
    34   2       4464        239 16.031  40.050 271.0  3.366     4447      233     4488      250     41     17      4447       232      4487       234      4486       250      4446       248      4422       208      4513       275 PARcau 3.987871e-03 3.543307e-05 0.995977
    34   0        292       2414 13.601  28.601 284.0 36.870      280     2403      305     2427     25     24       286      2400       309      2417       301      2428       278      2411       255      2378       330      2452 PARcau 2.962017e-01 3.137566e-03 0.700661
    34   1       1741        944  8.000  25.000 159.5 90.000     1729      940     1755      949     26      9      1729       940      1754       940      1754       948      1729       948      1704       915      1780       974 PARcau 3.458460e-01 2.485318e-01 0.405622
    35   2       4461        240 16.530  39.080 294.5  3.366     4445      233     4485      251     40     18      4445       232      4484       234      4483       251      4444       248      4420       208      4510       276 PARcau 1.540408e-03 2.231066e-04 0.998236
    35   0        296       2418 13.454  27.586 276.0 42.879      284     2407      308     2432     24     25       291      2404       311      2423       302      2433       282      2414       259      2382       333      2457 PARcau 6.721228e-01 5.553232e-02 0.272345
    35   1       1734        943  8.000  25.000 157.5 90.000     1722      939     1748      948     26      9      1722       939      1747       939      1747       947      1722       947      1697       914      1773       973 PARcau 5.140490e-02 1.132197e-02 0.937273
    36   2       4458        240 16.194  38.965 304.5  8.130     4442      233     4482      251     40     18      4443       230      4481       236      4479       252      4440       246      4417       208      4507       276 PARcau 6.925249e-03 1.028196e-04 0.992972
    36   0        300       2422 12.748  28.293 265.0 43.025      288     2411      312     2436     24     25       294      2408       315      2428       306      2437       286      2418       263      2386       337      2461 PARcau 7.496765e-01 4.352475e-03 0.245971
    36   1       1728        941  8.062  26.306 169.5  9.462     1715      937     1742      947     27     10      1715       935      1741       939      1740       947      1714       943      1690       912      1767       972 PARcau 3.231984e-01 6.049290e-03 0.670752
    37   0        302       2426 12.748  27.613 259.5 42.274      291     2416      314     2440     23     24       297      2412       317      2431       309      2440       288      2422       266      2391       339      2465 PARcau 8.720566e-01 1.667540e-03 0.126276
    37   1       1721        939  8.382  28.377 181.0 14.036     1708      934     1736      946     28     12      1708       932      1736       939      1733       947      1706       940      1683       909      1761       971 PARcau 5.851590e-02 1.707310e-05 0.941467
    38   0        305       2430 13.454  27.586 266.0 42.510      294     2420      317     2444     23     24       300      2416       320      2435       311      2445       291      2426       269      2395       342      2469 PARcau 9.683172e-01 1.108144e-04 0.031572
    38   2       4451        238 16.978  39.170 357.5 14.036     4436      230     4476      250     40     20      4438       226      4476       235      4472       252      4434       242      4411       205      4501       275 PARcau 1.424129e-03 5.721462e-05 0.998519
    38   1       1712        936  8.246  27.893 178.0 14.036     1700      931     1727      943     27     12      1700       929      1727       936      1725       944      1698       937      1675       906      1752       968 PARcau 6.465095e-03 5.124153e-07 0.993534
    39   0        309       2435 12.420  27.244 250.5 42.510      298     2424      320     2448     22     24       303      2421       323      2439       315      2449       295      2430       273      2399       345      2473 PARcau 1.911532e-01 3.804621e-04 0.808466
    39   1       1703        934  9.487  28.460 180.5 18.435     1690      929     1718      941     28     12      1691       925      1718       934      1715       943      1688       934      1665       904      1743       966 PARcau 9.865783e-01 3.297675e-07 0.013421
    40   0        311       2439 12.728  28.284 254.0 45.000      300     2428      323     2452     23     24       306      2425       326      2445       317      2454       297      2434       275      2403       348      2477 PARcau 1.939974e-01 3.249693e-04 0.805678
    40   1       1693        931  9.341  28.377 183.0 14.036     1680      926     1708      938     28     12      1680       923      1708       930      1705       939      1678       932      1655       901      1733       963 PARcau 5.786179e-01 8.097374e-04 0.420572
    41   0        314       2443 12.379  27.951 252.5 43.025      302     2432      326     2456     24     24       309      2429       329      2448       321      2457       300      2438       277      2407       351      2481 PARcau 9.211450e-01 2.388466e-03 0.076466
    41   1       1684        929  9.487  28.460 187.5 18.435     1671      924     1699      936     28     12      1672       920      1699       929      1696       938      1669       929      1646       899      1724       961 PARcau 9.390907e-01 6.454472e-07 0.060909
    42   0        317       2447 11.102  27.609 250.5 53.130      307     2436      329     2460     22     24       314      2432       330      2455       321      2461       305      2439       282      2411       354      2485 PARcau 6.799821e-01 1.570519e-02 0.304313
    42   2       4440        231 20.125  38.910 534.5 26.565     4423      220     4463      245     40     25      4429       215      4464       232      4455       250      4420       233      4398       195      4488       270 PARcau 9.239973e-01 6.882865e-08 0.076003
    42   1       1674        927  9.220  27.459 184.5 11.310     1662      922     1689      934     27     12      1662       920      1689       925      1687       934      1660       929      1637       897      1714       959 PARcau 3.135683e-02 2.497197e-04 0.968394
    43   2       4438        230 20.573  39.131 585.5 26.565     4420      220     4459      245     39     25      4426       212      4461       230      4452       248      4417       231      4395       195      4484       270 PARcau 1.132829e-01 6.737920e-08 0.886717
    43   0        320       2451 12.021  27.577 246.5 45.000      309     2440      332     2464     23     24       314      2437       334      2457       325      2465       306      2446       284      2415       357      2489 PARcau 5.473527e-01 3.702695e-03 0.448945
    43   1       1665        925  8.559  27.554 178.5 11.310     1652      921     1680      932     28     11      1652       918      1679       924      1678       932      1651       927      1627       896      1705       957 PARcau 2.534548e-01 1.972272e-02 0.726822
    44   2       4436        229 21.915  38.422 542.5 34.992     4416      220     4456      243     40     23      4426       208      4457       230      4445       248      4413       226      4391       195      4481       268 PARcau 1.901459e-02 9.427094e-04 0.980043
    44   0        323       2455 11.402  27.659 237.0 50.194      312     2444      334     2468     22     24       318      2441       336      2462       327      2469       309      2448       287      2419       359      2493 PARcau 2.741302e-01 1.705893e-02 0.708811
    44   1       1656        924  8.382  26.196 167.5 14.036     1644      920     1671      930     27     10      1645       917      1670       923      1668       931      1642       925      1619       895      1696       955 PARcau 2.680834e-03 6.028814e-06 0.997313
    45   2       4434        228 20.000  38.000 509.5 90.000     4414      220     4453      241     39     21      4414       220      4452       220      4452       240      4414       240      4389       195      4478       266 PARcau 1.096046e-01 3.382494e-05 0.890362
    45   0        325       2459 11.402  28.425 242.0 51.340      315     2448      337     2472     22     24       321      2444       339      2466       330      2473       312      2451       290      2423       362      2497 PARcau 2.389512e-01 8.695982e-02 0.674089
    45   1       1648        923  9.000  26.000 168.5 90.000     1635      919     1662      929     27     10      1635       919      1661       919      1661       928      1635       928      1610       894      1687       954 PARcau 5.596936e-01 4.086878e-03 0.436219
    46   2       4432        227 19.000  38.000 444.0 90.000     4411      220     4450      240     39     20      4411       220      4449       220      4449       239      4411       239      4386       195      4475       265 PARcau 2.826061e-03 5.901200e-05 0.997115
    46   0        328       2463 12.021  27.577 243.0 45.000      317     2452      340     2476     23     24       323      2449       342      2468       334      2477       314      2457       292      2427       365      2501 PARcau 6.950746e-01 3.997264e-03 0.300928
    46   1       1639        921  9.000  25.000 170.5 90.000     1627      917     1653      927     26     10      1627       917      1652       917      1652       926      1627       926      1602       892      1678       952 PARcau 1.062588e-01 3.483928e-01 0.545348
    47   2       4430        226 17.000  35.000 376.0 90.000     4411      220     4447      238     36     18      4411       220      4446       220      4446       237      4411       237      4386       195      4472       263 PARcau 2.671539e-02 1.736560e-03 0.971548
    47   0        330       2467 12.021  27.577 247.0 45.000      320     2456      343     2479     23     23       325      2453       344      2473       336      2481       316      2462       295      2431       368      2504 PARcau 5.577854e-01 3.121173e-05 0.442183
    47   1       1630        919  9.055  26.476 175.5  9.462     1618      915     1645      926     27     11      1618       912      1644       917      1643       926      1617       921      1593       890      1670       951 PARcau 7.860666e-01 8.485484e-05 0.213848
    48   2       4429        226 16.000  34.000 323.0 90.000     4410      220     4445      237     35     17      4410       220      4444       220      4444       236      4410       236      4385       195      4470       262 PARcau 8.482040e-02 2.474768e-02 0.890432
    48   0        333       2470 11.800  27.500 246.5 53.130      323     2460      345     2483     22     23       329      2456       346      2478       336      2485       320      2463       298      2435       370      2508 PARcau 8.407517e-01 1.828472e-07 0.159248
    48   1       1622        917  9.000  25.000 168.5 90.000     1610      913     1636      923     26     10      1610       913      1635       913      1635       922      1610       922      1585       888      1661       948 PARcau 2.462963e-01 7.424720e-05 0.753629
    49   2       4425        225 15.000  32.000 182.5 90.000     4410      220     4443      236     33     16      4410       220      4442       220      4442       235      4410       235      4385       195      4468       261 PARcau 7.562442e-03 1.474053e-02 0.977697
    49   0        335       2474 11.314  26.870 245.0 45.000      325     2464      347     2487     22     23       330      2461       349      2480       341      2488       322      2469       300      2439       372      2512 PARcau 2.350709e-01 4.149760e-04 0.764514
    49   1       1614        915  8.382  25.224 168.5 14.036     1602      910     1628      921     26     11      1603       908      1627       914      1625       922      1600       916      1577       885      1653       946 PARcau 3.444195e-01 3.590253e-03 0.651990
    50   0        338       2477 13.509  27.102 246.5 37.569      327     2468      350     2490     23     22       332      2464       353      2480       345      2491       323      2474       302      2443       375      2515 PARcau 7.665330e-01 1.735913e-03 0.231731
    50   1       1606        913  9.014  26.405 169.0 18.435     1594      908     1620      919     26     11      1595       904      1620       913      1617       921      1592       913      1569       883      1645       944 PARcau 5.953368e-02 3.243271e-03 0.937223
    51   0        340       2481 12.728  26.870 257.0 45.000      328     2471      353     2494     25     23       335      2468       354      2487       345      2496       326      2477       303      2446       378      2519 PARcau 9.086784e-01 1.273102e-06 0.091320
    51   1       1598        910  9.220  25.710 163.5 14.036     1586      906     1612      917     26     11      1586       903      1611       909      1609       918      1584       912      1561       881      1637       942 PARcau 2.606972e-01 6.823452e-04 0.738621
    52   0        343       2485 12.420  28.111 243.5 39.806      334     2475      355     2497     21     22       337      2471       359      2488       351      2498       329      2480       309      2450       380      2522 PARcau 9.702142e-01 1.068558e-04 0.029679
    52   1       1589        908  9.124  25.676 164.5  8.130     1577      903     1603      914     26     11      1577       902      1602       905      1601       914      1575       911      1552       878      1628       939 PARcau 3.855173e-02 1.168276e-04 0.961331
    52   2       4430        226  2.915  13.730  18.5 56.310     4424      223     4436      232     12      9      4423       229      4434       222      4436       224      4424       232      4399       198      4461       257 PARcau 1.289943e-04 1.210568e-04 0.999750
    53   0        346       2488 12.903  27.102 254.0 36.870      335     2478      358     2501     23     23       340      2475       361      2491       354      2502       332      2485       310      2453       383      2526 PARcau 5.093963e-01 2.412510e-01 0.249353
    53   2       4427        226  2.915  12.349  17.0 59.036     4422      222     4433      230     11      8      4421       228      4431       221      4433       224      4422       230      4397       197      4458       255 PARcau 9.454007e-03 1.924348e-02 0.971302
    53   1       1581        906  9.341  26.196 173.0 14.036     1569      901     1595      912     26     11      1569       898      1595       904      1592       913      1567       907      1544       876      1620       937 PARcau 2.205178e-01 4.235418e-05 0.779440
    54   0        349       2491 13.435  27.577 256.0 45.000      337     2482      361     2504     24     22       344      2478       363      2498       354      2507       334      2488       312      2457       386      2529 PARcau 8.141233e-01 7.126788e-04 0.185164
    54   1       1573        903 10.000  25.000 171.0 90.000     1561      899     1587      910     26     11      1561       899      1586       899      1586       909      1561       909      1536       874      1612       935 PARcau 9.354429e-01 1.570641e-05 0.064541
    55   0        352       2495 12.806  27.803 250.5 37.569      340     2486      364     2508     24     22       346      2482       368      2499       360      2509       338      2492       315      2461       389      2533 PARcau 1.863959e-01 3.561907e-01 0.457413
    55   1       1565        902  9.124  26.968 174.5 11.310     1552      897     1579      908     27     11      1552       895      1578       900      1577       909      1550       904      1527       872      1604       933 PARcau 1.485474e-01 1.231588e-04 0.851330
    56   0        356       2499 12.207  27.203 250.0 36.254      344     2489      368     2511     24     22       349      2486       371      2502       364      2512       342      2496       319      2464       393      2536 PARcau 6.986608e-01 3.969754e-02 0.261642
    56   1       1556        900  9.124  26.968 175.0  9.462     1544      895     1571      906     27     11      1544       893      1570       898      1569       907      1542       902      1519       870      1596       931 PARcau 2.587265e-01 1.480652e-03 0.739793
    57   0        359       2503 11.715  28.040 259.0 39.289      348     2493      372     2515     24     22       353      2489       374      2507       367      2516       345      2498       323      2468       397      2540 PARcau 9.726103e-01 3.455873e-04 0.027044
    57   1       1547        898  9.000  25.000 164.0 90.000     1536      894     1562      904     26     10      1536       894      1561       894      1561       903      1536       903      1511       869      1587       929 PARcau 6.075291e-02 4.108898e-05 0.939206
    58   0        363       2506 12.619  28.570 264.0 33.690      351     2497      376     2518     25     21       355      2493       379      2509       372      2519       348      2504       326      2472       401      2543 PARcau 4.574863e-01 4.509965e-03 0.538004
    58   1       1539        897  9.124  26.968 171.5 11.310     1527      892     1554      903     27     11      1527       890      1553       895      1552       904      1525       899      1502       867      1579       928 PARcau 4.393176e-02 1.322175e-04 0.955936
    59   0        367       2510 12.104  27.902 255.5 36.870      356     2500      380     2522     24     22       361      2497       383      2513       376      2523       353      2506       331      2475       405      2547 PARcau 3.801242e-01 1.182307e-01 0.501645
    59   1       1531        896  9.055  25.179 169.0  7.125     1519      891     1545      902     26     11      1519       890      1544       893      1543       902      1518       899      1494       866      1570       927 PARcau 2.197174e-01 9.446382e-05 0.780188
    60   0        372       2514 12.104  28.504 254.5 37.875      359     2504      384     2527     25     23       365      2500       387      2518       380      2527       357      2510       334      2479       409      2552 PARcau 1.878799e-01 1.832817e-03 0.810287
    60   1       1524        894  8.062  25.495 166.5 11.310     1512      890     1538      901     26     11      1512       888      1537       893      1536       901      1511       896      1487       865      1563       926 PARcau 9.843981e-02 1.202425e-02 0.889536
    61   0        376       2517 13.038  28.018 254.0 34.695      365     2507      388     2530     23     23       368      2504       391      2520       384      2531       361      2515       340      2482       413      2555 PARcau 6.621789e-01 1.992323e-02 0.317898
    61   1       1517        893  9.552  26.235 174.5  8.130     1504      889     1531      900     27     11      1504       886      1530       890      1529       899      1503       896      1479       864      1556       925 PARcau 9.614322e-01 6.098356e-05 0.038507
    62   0        380       2521 12.207  28.018 258.0 34.695      369     2511      392     2534     23     23       372      2508       395      2524       388      2534       365      2518       344      2486       417      2559 PARcau 3.724627e-01 6.883851e-03 0.620653
    62   1       1509        892  9.055  25.318 171.5  9.462     1497      887     1523      898     26     11      1497       885      1522       889      1521       898      1496       894      1472       862      1548       923 PARcau 3.336513e-01 7.014460e-03 0.659334
    63   0        383       2525 12.500  28.200 267.0 36.870      371     2515      396     2538     25     23       377      2512       399      2529       392      2539       369      2522       346      2490       421      2563 PARcau 5.017867e-01 1.989595e-02 0.478317
    63   1       1502        890 10.050  26.306 181.0  8.130     1489      886     1516      897     27     11      1489       883      1515       887      1514       897      1488       893      1464       861      1541       922 PARcau 6.975127e-01 6.852101e-06 0.302480
    64   0        388       2529 12.806  30.610 275.0 38.660      375     2518      401     2543     26     25       380      2515       404      2534       396      2544       372      2525       350      2493       426      2568 PARcau 3.711074e-01 1.376756e-03 0.627516
    64   1       1494        888  9.487  25.710 180.5 14.036     1482      884     1508      895     26     11      1483       881      1508       887      1505       896      1480       890      1457       859      1533       920 PARcau 8.693181e-01 1.354541e-03 0.129327
    65   1       1487        886  8.732  25.831 173.5 14.036     1474      882     1501      893     27     11      1475       879      1500       885      1498       894      1473       887      1449       857      1526       918 PARcau 7.920941e-01 5.680724e-04 0.207338
    65   0        393       2534 10.630  32.527 271.5 45.000      382     2522      406     2549     24     27       385      2519       408      2542       401      2550       378      2527       357      2497       431      2574 PARcau 5.734412e-01 2.475051e-04 0.426311
    66   1       1479        884  8.860  26.315 167.0 14.036     1467      880     1493      891     26     11      1467       877      1493       883      1490       892      1465       885      1442       855      1518       916 PARcau 3.657903e-01 3.492523e-05 0.634175
    66   0        398       2539 10.308  31.627 268.5 50.194      387     2527      410     2554     23     27       392      2524       412      2549       404      2555       384      2531       362      2502       435      2579 PARcau 8.728047e-01 4.397942e-04 0.126756
    67   1       1471        882  9.341  25.224 169.5 14.036     1460      878     1485      889     25     11      1460       875      1485       881      1482       890      1458       884      1435       853      1510       914 PARcau 7.490112e-01 4.088124e-05 0.250948
    67   0        402       2545 10.817  32.450 272.0 56.310      392     2532      415     2560     23     28       398      2529       416      2556       407      2562       389      2535       367      2507       440      2585 PARcau 9.499437e-01 1.825739e-04 0.049874
    68   1       1464        880  9.487  25.298 166.0 18.435     1452      876     1478      887     26     11      1453       872      1477       880      1474       889      1450       881      1427       851      1503       912 PARcau 4.570073e-03 1.731524e-04 0.995257
    68   0        407       2551 10.630  32.650 268.5 50.194      397     2538      419     2566     22     28       401      2535       422      2560       414      2567       393      2542       372      2513       444      2591 PARcau 4.904960e-01 6.521131e-04 0.508852
    69   0        411       2556 12.042  33.242 280.0 47.121      400     2543      423     2572     23     29       404      2540       427      2564       418      2572       395      2548       375      2518       448      2597 PARcau 8.297908e-01 6.771415e-03 0.163438
    69   1       1456        878  9.341  24.824 170.5 18.435     1445      873     1470      885     25     12      1446       870      1469       878      1467       887      1443       879      1420       848      1495       910 PARcau 1.988613e-01 1.019616e-04 0.801037
    70   0        415       2561 11.011  32.500 273.0 53.130      405     2548      427     2577     22     29       409      2545       429      2571       420      2578       401      2552       380      2523       452      2602 PARcau 8.362886e-01 6.462630e-04 0.163065
    70   1       1448        876  9.487  25.298 165.0 18.435     1437      871     1462      882     25     11      1438       868      1462       876      1459       885      1435       877      1412       846      1487       907 PARcau 1.470467e-01 5.325338e-04 0.852421
    71   0        418       2566 11.715  32.268 278.5 49.399      407     2553      431     2582     24     29       413      2551       434      2575       425      2583       404      2558       382      2528       456      2607 PARcau 5.306275e-01 1.138010e-02 0.457992
    71   1       1440        874  9.341  26.196 176.0 14.036     1428      869     1454      881     26     12      1428       867      1454       873      1451       882      1426       876      1403       844      1479       906 PARcau 8.076265e-01 7.862930e-04 0.191587
    72   0        422       2572 12.042  33.242 275.5 47.490      412     2558      434     2588     22     30       415      2556       438      2580       429      2588       406      2564       387      2533       459      2613 PARcau 6.735371e-01 3.023237e-02 0.296231
    72   1       1432        872  9.055  25.179 170.0  7.125     1420      868     1446      879     26     11      1420       866      1445       869      1444       878      1419       875      1395       843      1471       904 PARcau 7.485589e-01 7.321710e-04 0.250709
    73   0        426       2577 10.817  32.450 267.0 56.310      416     2564      438     2593     22     29       421      2561       439      2588       430      2594       412      2567       391      2539       463      2618 PARcau 6.493578e-01 9.093239e-05 0.350551
    73   1       1424        871  9.341  26.196 175.5 14.036     1412      866     1439      877     27     11      1413       863      1438       869      1436       878      1410       872      1387       841      1464       902 PARcau 8.176379e-01 3.659682e-05 0.182326
    74   0        429       2583 10.735  33.365 266.5 60.255      420     2569      441     2598     21     29       425      2566       442      2595       432      2600       416      2571       395      2544       466      2623 PARcau 9.420180e-01 9.228153e-06 0.057973
    74   1       1416        869  8.732  26.800 174.5 14.036     1404      864     1431      876     27     12      1404       862      1430       868      1428       877      1402       870      1379       839      1456       901 PARcau 2.285295e-01 3.219977e-03 0.768250
    75   0        433       2588 11.236  33.019 276.5 57.995      423     2575      445     2604     22     29       429      2571       446      2599       437      2605       419      2577       398      2550       470      2629 PARcau 6.615491e-01 1.237637e-05 0.338438
    75   1       1408        868  8.559  26.575 170.5 11.310     1396      863     1423      874     27     11      1396       861      1422       866      1421       875      1395       869      1371       838      1448       899 PARcau 9.336410e-02 2.766259e-05 0.906608
    76   1       1401        866  9.124  25.812 163.0  9.462     1389      862     1415      872     26     10      1389       860      1414       864      1413       873      1387       869      1364       837      1440       897 PARcau 1.589276e-01 6.425052e-04 0.840430
    76   0        436       2594 11.511  33.144 275.5 56.310      427     2580      448     2609     21     29       432      2577       450      2604       441      2611       422      2583       402      2555       473      2634 PARcau 9.680023e-01 5.276588e-06 0.031992
    77   0        440       2599 10.817  33.287 280.0 56.310      430     2585      452     2614     22     29       435      2582       453      2610       444      2616       426      2588       405      2560       477      2639 PARcau 8.737166e-01 3.323229e-05 0.126250
    77   1       1392        865  9.000  25.000 167.5 90.000     1380      861     1406      871     26     10      1380       861      1405       861      1405       870      1380       870      1355       836      1431       896 PARcau 2.412805e-02 4.781417e-04 0.975394
    77   3        458       2849 11.800  31.341 275.0 33.690      448     2834      469     2863     21     29       445      2858       462      2832       472      2839       454      2865       423      2809       494      2888 PARcau 2.064355e-05 4.634934e-04 0.999516
    78   3        461       2844 11.236  27.735 214.0 33.690      453     2831      469     2857     16     26       449      2852       464      2829       474      2835       458      2858       428      2806       494      2882 PARcau 1.374073e-04 1.038166e-04 0.999759
    78   0        443       2604 10.000  32.450 272.5 56.310      433     2591      455     2620     22     29       438      2588       456      2615       448      2621       430      2594       408      2566       480      2645 PARcau 9.392782e-01 2.383835e-03 0.058338
    78   1       1385        864  9.552  25.125 161.5  5.711     1373      859     1399      870     26     11      1373       858      1398       860      1397       870      1372       867      1348       834      1424       895 PARcau 3.094458e-01 9.464025e-03 0.681090
    79   0        446       2609 12.728  32.527 287.0 45.000      436     2596      458     2625     22     29       440      2594       463      2617       454      2626       431      2603       411      2571       483      2650 PARcau 8.876880e-01 5.109492e-05 0.112261
    79   1       1377        862  9.000  25.000 166.5 90.000     1365      858     1391      868     26     10      1365       858      1390       858      1390       867      1365       867      1340       833      1416       893 PARcau 7.305260e-01 1.329139e-03 0.268145
    79   3        462       2839  9.179  18.795 118.0 29.055      456     2831      469     2848     13     17       454      2846       463      2829       471      2834       462      2850       431      2806       494      2873 PARcau 2.559628e-03 1.175541e-04 0.997323
    80   1       1370        860  9.000  25.000 169.0 90.000     1358      856     1384      866     26     10      1358       856      1383       856      1383       865      1358       865      1333       831      1409       891 PARcau 1.407561e-01 4.431568e-02 0.814928
    80   0        449       2615 12.728  32.527 284.5 45.000      438     2602      462     2631     24     29       443      2599       466      2622       457      2631       434      2608       413      2577       487      2656 PARcau 1.198341e-01 1.561038e-03 0.878605
    81   1       1362        858  9.823  25.348 177.5 14.036     1350      854     1376      865     26     11      1351       850      1376       857      1373       866      1349       860      1325       829      1401       890 PARcau 2.497071e-01 7.732062e-02 0.672972
    81   0        453       2621 10.966  32.268 266.5 49.399      441     2607      465     2636     24     29       447      2605       468      2629       460      2637       439      2612       416      2582       490      2661 PARcau 6.449873e-01 3.691288e-03 0.351321
    82   0        456       2626 12.042  33.302 281.5 47.726      445     2613      469     2642     24     29       450      2610       472      2635       463      2643       441      2618       420      2588       494      2667 PARcau 3.264326e-01 1.154812e-04 0.673452
    82   1       1354        856  9.220  25.495 170.5 11.310     1343      852     1368      863     25     11      1343       849      1368       854      1366       863      1341       858      1318       827      1393       888 PARcau 9.119030e-01 3.049218e-05 0.088067
    83   1       1347        854  9.124  24.824 168.5  9.462     1336      849     1361      861     25     12      1336       848      1360       852      1359       861      1334       857      1311       824      1386       886 PARcau 1.237564e-01 1.067816e-03 0.875176
    83   0        460       2632 12.207  33.287 280.0 56.310      450     2619      473     2647     23     28       455      2615       473      2643       463      2650       445      2622       425      2594       498      2672 PARcau 6.585622e-01 3.174798e-04 0.341120
    84   0        463       2637 14.142  31.113 286.0 45.000      452     2624      475     2652     23     28       457      2622       479      2644       469      2654       447      2632       427      2599       500      2677 PARcau 5.675510e-01 1.546426e-03 0.430903
    84   1       1339        852  9.220  24.739 161.0 14.036     1328      847     1353      858     25     11      1329       845      1353       851      1351       860      1327       854      1303       822      1378       883 PARcau 6.469863e-01 3.008681e-04 0.352713
    85   1       1332        850  9.220  24.739 162.0 14.036     1321      845     1346      856     25     11      1321       843      1345       849      1343       858      1319       852      1296       820      1371       881 PARcau 7.641636e-02 2.191346e-04 0.923365
    85   0        466       2643 12.379  32.191 282.5 47.121      455     2630      479     2658     24     28       460      2627       482      2650       473      2659       451      2635       430      2605       504      2683 PARcau 4.839408e-01 1.050291e-04 0.515954
    86   1       1325        848  9.618  24.910 167.5  9.462     1313      843     1338      854     25     11      1313       841      1337       845      1336       855      1311       850      1288       818      1363       879 PARcau 4.083638e-01 3.344759e-04 0.591302
    86   0        470       2648 12.748  31.851 283.5 42.879      458     2635      483     2663     25     28       463      2633       486      2654       478      2664       454      2642       433      2610       508      2688 PARcau 7.023928e-01 9.345811e-06 0.297598
    87   0        474       2653 11.402  31.890 265.0 49.764      462     2641      486     2668     24     27       468      2638       489      2662       480      2669       459      2645       437      2616       511      2693 PARcau 5.260997e-01 4.108884e-04 0.473489
    87   1       1317        845  9.823  26.315 181.0 14.036     1305      840     1331      852     26     12      1305       838      1331       844      1328       854      1303       847      1280       815      1356       877 PARcau 5.204243e-01 4.234432e-06 0.479572
    88   1       1309        843  9.708  26.575 175.0 11.310     1297      839     1323      850     26     11      1297       836      1323       842      1321       851      1295       846      1272       814      1348       875 PARcau 4.292239e-02 9.748397e-03 0.947329
    88   0        477       2659 12.021  31.820 278.0 45.000      466     2646      490     2674     24     28       471      2644       493      2666       485      2675       462      2652       441      2621       515      2699 PARcau 4.008527e-01 2.901352e-04 0.598857
    89   0        481       2664 11.314  32.527 275.0 45.000      469     2652      493     2679     24     27       474      2649       497      2672       489      2680       466      2657       444      2627       518      2704 PARcau 8.132883e-01 1.433166e-05 0.186697
    89   1       1301        842  9.487  25.962 175.0 14.036     1289      837     1315      848     26     11      1290       834      1315       841      1312       850      1287       843      1264       812      1340       873 PARcau 4.922518e-01 1.721047e-02 0.490538
    90   0        484       2669 12.728  32.558 278.0 42.709      473     2657      497     2684     24     27       477      2654       501      2676       492      2685       468      2663       448      2632       522      2709 PARcau 8.010284e-01 3.246453e-04 0.198647
    90   1       1293        840  8.732  25.831 175.5 14.036     1281      835     1307      846     26     11      1281       832      1306       839      1304       847      1279       841      1256       810      1332       871 PARcau 3.417160e-01 1.949369e-02 0.638790
    91   0        488       2674 11.314  32.527 268.0 45.000      476     2662      501     2689     25     27       481      2659       504      2682       496      2690       473      2667       451      2637       526      2714 PARcau 1.948918e-01 2.229186e-04 0.804885
    91   1       1285        838  9.124  25.812 169.0  9.462     1274      834     1300      845     26     11      1274       832      1299       836      1298       845      1272       841      1249       809      1325       870 PARcau 6.016198e-01 4.494251e-04 0.397931
    92   0        492       2679 11.314  31.828 264.5 45.000      481     2667      504     2694     23     27       485      2664       507      2687       499      2695       477      2672       456      2642       529      2719 PARcau 3.246364e-01 8.673578e-05 0.675277
    92   1       1277        837  8.860  25.348 175.5 14.036     1266      832     1292      843     26     11      1267       830      1291       836      1289       845      1264       838      1241       807      1317       868 PARcau 1.778363e-01 6.741277e-03 0.815422
    93   1       1270        836  9.055  24.187 172.0  7.125     1258      831     1283      842     25     11      1258       830      1282       833      1281       842      1257       839      1233       806      1308       867 PARcau 1.633658e-01 2.846088e-03 0.833788
    93   0        495       2684 11.314  32.527 272.5 45.000      484     2672      508     2699     24     27       489      2669       512      2692       504      2700       481      2677       459      2647       533      2724 PARcau 9.691149e-01 3.070719e-06 0.030882
    94   0        499       2689 11.402  32.016 270.0 51.340      488     2677      511     2704     23     27       494      2673       514      2698       505      2705       485      2680       463      2652       536      2729 PARcau 2.520604e-01 3.729778e-04 0.747567
    94   1       1262        835  9.055  26.306 170.0  8.130     1249      830     1276      841     27     11      1249       828      1275       832      1274       841      1248       837      1224       805      1301       866 PARcau 9.896642e-02 8.708997e-04 0.900163
    95   0        503       2694 10.630  33.302 261.5 48.366      492     2682      515     2709     23     27       496      2678       518      2703       510      2710       488      2685       467      2657       540      2734 PARcau 5.188941e-01 1.318343e-05 0.481093
    95   1       1254        833  9.000  24.000 160.0 90.000     1242      830     1267      840     25     10      1242       830      1266       830      1266       839      1242       839      1217       805      1292       865 PARcau 1.680737e-01 2.171043e-03 0.829755
    96   0        506       2699 12.379  31.516 269.0 41.424      496     2686      519     2714     23     28       499      2684       523      2705       514      2714       491      2693       471      2661       544      2739 PARcau 8.884200e-01 1.314472e-04 0.111448
    96   1       1246        832  9.000  25.000 170.5 90.000     1234      828     1260      838     26     10      1234       828      1259       828      1259       837      1234       837      1209       803      1285       863 PARcau 6.113219e-01 4.766406e-04 0.388201
    97   0        510       2703 11.011  32.222 258.0 48.013      499     2691      522     2718     23     27       504      2688       525      2712       517      2719       495      2695       474      2666       547      2743 PARcau 1.998837e-01 2.337884e-05 0.800093
    97   1       1239        831  9.000  25.000 171.0 90.000     1227      827     1253      837     26     10      1227       827      1252       827      1252       836      1227       836      1202       802      1278       862 PARcau 2.455920e-01 1.874199e-02 0.735666
    98   0        514       2708 11.011  31.706 257.0 52.125      503     2696      526     2723     23     27       509      2692       528      2717       520      2724       500      2699       478      2671       551      2748 PARcau 6.823151e-01 7.542211e-04 0.316931
    98   1       1231        829  9.055  25.179 172.0  7.125     1219      825     1245      836     26     11      1219       823      1244       826      1243       835      1218       832      1194       800      1270       861 PARcau 6.998410e-01 4.312366e-02 0.257035
    99   0        517       2713 10.000  32.202 261.0 53.130      507     2700      529     2728     22     28       512      2697       531      2723       523      2729       504      2703       482      2675       554      2753 PARcau 5.947919e-01 3.741145e-04 0.404834
    99   1       1224        828  9.000  25.000 170.0 90.000     1212      824     1238      834     26     10      1212       824      1237       824      1237       833      1212       833      1187       799      1263       859 PARcau 2.712626e-01 3.192346e-02 0.696814
   100   0        521       2718 11.011  31.563 261.5 49.764      511     2705      533     2733     22     28       515      2702       536      2726       527      2733       507      2709       486      2680       558      2758 PARcau 9.077237e-01 1.005182e-04 0.092176
   100   1       1216        826  9.124  25.005 169.5 11.310     1205      822     1230      833     25     11      1205       819      1229       824      1228       833      1203       828      1180       797      1255       858 PARcau 8.097966e-01 3.077695e-03 0.187126
   101   0        524       2722 11.011  32.330 259.5 51.340      514     2709      536     2737     22     28       519      2706       539      2731       531      2738       510      2713       489      2684       561      2762 PARcau 6.304374e-01 9.722749e-03 0.359840
   101   1       1209        824  9.055  24.187 166.5  7.125     1197      820     1222      831     25     11      1197       818      1221       821      1220       830      1196       827      1172       795      1247       856 PARcau 2.279098e-01 4.991055e-03 0.767099
   102   0        528       2726 13.509  32.718 259.0 51.340      517     2714      540     2741     23     27       522      2710       542      2735       532      2744       511      2718       492      2689       565      2766 PARcau 9.339533e-01 4.249959e-03 0.061797
   102   1       1202        822  9.708  24.418 163.0 11.310     1191      818     1215      829     24     11      1191       815      1215       820      1213       829      1189       825      1166       793      1240       854 PARcau 7.434253e-01 6.116486e-03 0.250458
   103   0        531       2731 12.728  31.828 276.0 45.000      520     2718      543     2746     23     28       524      2716       547      2738       538      2747       515      2725       495      2693       568      2771 PARcau 1.600304e-01 1.105874e-04 0.839859
   103   1       1194        820  9.341  24.254 167.5 14.036     1183      816     1208      827     25     11      1184       813      1207       819      1205       828      1181       822      1158       791      1233       852 PARcau 4.034378e-02 2.305945e-04 0.959426
   104   0        535       2735 11.314  31.828 264.5 46.848      523     2723      547     2751     24     28       528      2720       550      2743       542      2751       520      2728       498      2698       572      2776 PARcau 3.526574e-02 7.038846e-06 0.964727
   104   1       1187        818  9.220  24.739 166.0 14.036     1176      814     1201      825     25     11      1176       811      1200       817      1198       826      1174       820      1151       789      1226       850 PARcau 3.050691e-02 1.778940e-04 0.969315
   105   1       1180        816  9.341  24.824 169.5 18.435     1169      811     1194      823     25     12      1170       808      1193       816      1191       825      1167       817      1144       786      1219       848 PARcau 1.027317e-02 1.091463e-06 0.989726
   105   0        539       2740 11.402  31.890 266.0 49.086      529     2727      551     2756     22     29       533      2725       554      2749       545      2756       524      2732       504      2702       576      2781 PARcau 8.034050e-01 2.465855e-04 0.196348
   106   0        542       2745 12.021  31.820 269.5 45.000      532     2732      555     2760     23     28       535      2730       558      2752       549      2761       527      2738       507      2707       580      2785 PARcau 5.368863e-02 2.219595e-03 0.944092
   106   1       1173        814  9.657  24.824 175.5 18.435     1162      809     1187      821     25     12      1163       806      1187       814      1183       823      1160       815      1137       784      1212       846 PARcau 1.501051e-02 1.419338e-04 0.984847
   107   1       1166        812  9.124  25.986 174.0 11.310     1154      807     1180      819     26     12      1154       805      1179       810      1178       819      1152       814      1129       782      1205       844 PARcau 2.175334e-01 5.901091e-05 0.782408
   107   0        546       2750 12.379  32.191 267.5 46.848      535     2736      558     2765     23     29       540      2734       562      2757       553      2766       531      2742       510      2711       583      2790 PARcau 2.477186e-01 1.490791e-01 0.603202
   108   0        551       2754 12.728  31.113 261.5 45.000      540     2741      562     2770     22     29       544      2739       566      2761       557      2770       535      2748       515      2716       587      2795 PARcau 7.385440e-01 1.514223e-05 0.261441
   108   1       1158        810  9.220  25.710 181.0 14.036     1147      805     1173      817     26     12      1147       803      1172       809      1170       818      1145       812      1122       780      1198       842 PARcau 4.622794e-01 5.973146e-03 0.531747
   109   1       1151        808  9.708  25.598 180.0 11.310     1139      803     1165      815     26     12      1139       801      1164       806      1162       816      1137       810      1114       778      1190       840 PARcau 1.021926e-01 1.626805e-02 0.881539
   109   0        555       2760 10.817  33.287 260.5 56.310      545     2746      566     2776     21     30       550      2743       568      2771       559      2777       541      2749       520      2721       591      2801 PARcau 1.991207e-01 1.901272e-05 0.800860
   110   1       1143        806  9.618  27.065 184.0 11.310     1131      801     1158      813     27     12      1131       799      1157       804      1156       814      1129       808      1106       776      1183       838 PARcau 4.552778e-01 3.219996e-02 0.512522
   110   0        559       2766  9.708  32.867 257.5 56.310      550     2752      570     2782     20     30       554      2749       572      2777       564      2782       546      2755       525      2727       595      2807 PARcau 9.159616e-01 3.481717e-07 0.084038
   111   1       1135        805  9.014  26.800 182.5 14.036     1123      799     1150      811     27     12      1124       797      1150       804      1147       812      1121       806      1098       774      1175       836 PARcau 7.499788e-01 3.093070e-05 0.249990
   111   0        562       2772 11.402  32.802 270.0 52.595      551     2758      574     2788     23     30       557      2755       577      2781       568      2788       548      2762       526      2733       599      2813 PARcau 7.915381e-01 6.027181e-06 0.208456
   112   1       1128        803  9.124  26.968 175.5 11.310     1115      798     1142      809     27     11      1115       796      1142       801      1140       810      1114       805      1090       773      1167       834 PARcau 3.283907e-03 1.278525e-03 0.995438
   112   0        566       2778 12.806  33.422 277.5 51.340      557     2764      577     2795     20     31       561      2761       582      2787       572      2795       551      2769       532      2739       602      2820 PARcau 3.534882e-01 3.565757e-03 0.642946
   113   1       1121        802  9.552  25.402 172.0  9.462     1109      797     1135      808     26     11      1109       795      1134       799      1133       809      1108       804      1084       772      1160       833 PARcau 1.225885e-03 3.193650e-02 0.966838
   113   0        569       2785 13.416  33.541 299.0 63.435      560     2771      580     2802     20     31       567      2768       582      2798       570      2804       555      2774       535      2746       605      2827 PARcau 7.988167e-01 2.719379e-04 0.200911
   114   1       1114        801  9.055  25.179 170.5  6.340     1102      796     1128      807     26     11      1102       795      1127       798      1126       807      1101       804      1077       771      1153       832 PARcau 1.647814e-04 6.076068e-02 0.939075
   114   0        572       2792 14.318  34.015 344.5 65.556      562     2777      583     2809     21     32       571      2774       585      2805       572      2811       558      2780       537      2752       608      2834 PARcau 4.266455e-01 4.940846e-02 0.523946
   115   1       1107        800  9.000  25.000 169.0 90.000     1095      796     1121      806     26     10      1095       796      1120       796      1120       805      1095       805      1070       771      1146       831 PARcau 1.168595e-05 7.044374e-04 0.999284
   115   0        575       2798 14.765  33.541 341.5 63.435      565     2784      585     2816     20     32       574      2781       589      2811       576      2818       561      2788       540      2759       610      2841 PARcau 9.091836e-01 2.623181e-04 0.090554
   116   1       1101        799  9.000  22.000 158.5 90.000     1091      795     1114      805     23     10      1091       795      1113       795      1113       804      1091       804      1066       770      1139       830 PARcau 6.105211e-03 2.046064e-04 0.993690
   116   0        578       2805 15.652  33.541 340.0 63.435      568     2790      588     2823     20     33       577      2787       592      2817       578      2824       563      2794       543      2765       613      2848 PARcau 7.516754e-02 2.703605e-05 0.924805
   117   0        580       2811 13.865  34.659 333.5 63.435      570     2796      590     2830     20     34       579      2794       594      2825       582      2831       566      2800       545      2771       615      2855 PARcau 4.831917e-03 2.532034e-04 0.994915
   118   0        582       2818 14.318  31.305 322.5 63.435      573     2803      592     2834     19     31       582      2801       596      2829       583      2835       569      2807       548      2778       617      2859 PARcau 8.159305e-05 3.133261e-09 0.999918
   118   1       1085        796  8.062  24.083 147.0  4.764     1074      792     1099      802     25     10      1074       791      1098       793      1097       801      1073       799      1049       767      1124       827 PARcau 3.756602e-01 1.413392e-02 0.610206
   119   0        583       2821 13.757  25.773 274.5 71.565      575     2809      593     2835     18     26       572      2811       585      2807       593      2831       580      2836       550      2784       618      2860 PARcau 4.234648e-05 2.283892e-09 0.999958
   119   1       1077        795  9.000  20.000 145.0 90.000     1067      791     1088      801     21     10      1067       791      1087       791      1087       800      1067       800      1042       766      1113       826 PARcau 8.461939e-01 3.026050e-02 0.123546
   120   1       1071        794  9.000  25.000 171.5 90.000     1059      790     1085      800     26     10      1059       790      1084       790      1084       799      1059       799      1034       765      1110       825 PARcau 3.461680e-02 8.876925e-01 0.077691
   120   0        584       2825 13.416  20.125 199.0 63.435      577     2815      593     2835     16     20       573      2819       585      2813       594      2831       582      2837       552      2790       618      2860 PARcau 1.568975e-06 5.871898e-07 0.999998
   121   1       1064        792  9.055  25.179 178.5  7.125     1052      788     1078      799     26     11      1052       786      1077       789      1076       798      1051       795      1027       763      1103       824 PARcau 6.478687e-03 3.349299e-01 0.658591
   122   1       1056        791  9.000  25.000 172.0 90.000     1044      787     1070      797     26     10      1044       787      1069       787      1069       796      1044       796      1019       762      1095       822 PARcau 6.053533e-02 3.038182e-02 0.909083
   123   1       1049        789  9.000  25.000 175.0 90.000     1037      785     1063      795     26     10      1037       785      1062       785      1062       794      1037       794      1012       760      1088       820 PARcau 4.284490e-01 4.239522e-02 0.529156
   123   0        593       2851 10.595  23.564 176.0 71.565      586     2842      600     2864     14     22       584      2843       594      2839       601      2862       591      2865       561      2817       625      2889 PARcau 1.616618e-03 2.351406e-04 0.998148
   124   1       1042        787 10.050  25.495 178.0 11.310     1030      783     1056      794     26     11      1030       780      1055       785      1054       795      1029       790      1005       758      1081       819 PARcau 1.216400e-01 6.069205e-02 0.817668
   124   0        594       2854 11.180  29.967 241.0 63.435      586     2842      602     2871     16     29       593      2839       606      2866       596      2871       583      2844       561      2817       627      2896 PARcau 7.054822e-07 7.046027e-07 0.999999
   125   1       1035        786  9.341  25.224 174.5 14.036     1023      781     1049      792     26     11      1024       778      1048       784      1046       793      1021       787       998       756      1074       817 PARcau 2.341518e-01 1.058295e-04 0.765742
   125   0        596       2860 11.402  31.623 248.0 71.565      588     2846      604     2877     16     31       585      2847       596      2844       606      2874       595      2877       563      2821       629      2902 PARcau 2.585604e-01 8.168012e-05 0.741358
   126   0        597       2865 12.649  31.623 262.5 71.565      589     2851      606     2882     17     31       585      2853       597      2849       607      2879       595      2883       564      2826       631      2907 PARcau 3.482923e-04 9.300278e-07 0.999651
   126   1       1028        784  9.000  25.000 171.0 90.000     1016      780     1042      790     26     10      1016       780      1041       780      1041       789      1016       789       991       755      1067       815 PARcau 7.647492e-01 1.269373e-02 0.222557
   127   1       1022        782  9.341  25.224 179.0 14.036     1010      777     1036      789     26     12      1011       775      1035       781      1033       790      1008       784       985       752      1061       814 PARcau 2.015344e-01 3.540370e-03 0.794925
   127   0        599       2871 11.705  31.623 255.0 71.565      590     2857      608     2888     18     31       588      2859       599      2855       609      2885       598      2889       565      2832       633      2913 PARcau 2.321125e-02 4.341334e-07 0.976788
   128   1       1015        780  9.552  25.244 175.5  8.130     1003      776     1029      787     26     11      1003       774      1028       777      1027       787      1002       783       978       751      1054       812 PARcau 5.109032e-01 7.078019e-03 0.482019
   128   0        601       2877 11.413  30.859 249.0 63.435      593     2863      610     2893     17     30       599      2861       613      2888       603      2894       589      2866       568      2838       635      2918 PARcau 1.220852e-03 1.201389e-04 0.998659
   129   1       1008        778 10.000  25.000 183.5 90.000      996      774     1022      785     26     11       996       774      1021       774      1021       784       996       784       971       749      1047       810 PARcau 2.724238e-01 9.275831e-02 0.634818
   129   0        602       2883  9.708  32.144 244.5 75.069      596     2869      611     2900     15     31       593      2869       603      2867       611      2898       602      2900       571      2844       636      2925 PARcau 1.344149e-01 1.670732e-06 0.865583
   130   0        604       2889 10.440  32.280 242.0 74.055      597     2875      613     2906     16     31       594      2876       604      2873       613      2904       603      2907       572      2850       638      2931 PARcau 3.443003e-06 4.040380e-05 0.999956
   130   1       1000        777  9.552  25.402 185.5  9.462      988      772     1014      783     26     11       988       770      1013       774      1012       784       987       779       963       747      1039       808 PARcau 8.445835e-01 6.081076e-03 0.149335
   131   0        606       2896 11.543  31.532 259.5 74.745      599     2881      615     2912     16     31       596      2882       607      2879       615      2909       604      2913       574      2856       640      2937 PARcau 8.060473e-05 2.420289e-04 0.999677
   131   1        993        775  9.552  26.387 183.5  9.462      980      770     1007      781     27     11       980       768      1006       773      1005       782       979       778       955       745      1032       806 PARcau 1.991934e-01 7.519179e-02 0.725615
   132   0        608       2901 13.601  31.623 266.5 71.565      600     2887      617     2918     17     31       595      2889       608      2885       618      2915       605      2919       575      2862       642      2943 PARcau 3.294508e-04 9.712602e-04 0.998699
   132   1        985        773 10.000  26.000 195.5 90.000      973      769     1000      780     27     11       973       769       999       769       999       779       973       779       948       744      1025       805 PARcau 6.067459e-01 1.608941e-02 0.377165
   133   0        609       2907 12.369  32.280 268.5 74.055      601     2893      618     2924     17     31       598      2894       610      2891       619      2922       607      2925       576      2868       643      2949 PARcau 5.869962e-05 6.706211e-04 0.999271
   133   1        977        772 10.050  27.295 186.0  8.130      964      767      992      779     28     12       964       765       991       769       990       779       963       775       939       742      1017       804 PARcau 8.881294e-01 1.961536e-04 0.111674
   134   0        611       2913 11.543  32.098 275.0 71.565      602     2899      620     2930     18     31       600      2900       611      2897       621      2927       610      2931       577      2874       645      2955 PARcau 2.887755e-05 3.092649e-03 0.996879
   134   1        969        771  9.552  26.235 179.5  8.130      957      766      984      777     27     11       957       764       983       768       982       777       956       774       932       741      1009       802 PARcau 6.118631e-01 1.950108e-01 0.193126
   135   0        612       2919 12.649  32.573 278.5 71.565      604     2904      621     2936     17     32       601      2906       613      2902       623      2933       611      2937       579      2879       646      2961 PARcau 1.463232e-09 1.083766e-06 0.999999
   135   1        962        769  9.552  26.235 193.0  7.125      949      765      976      776     27     11       949       763       975       767       974       776       948       773       924       740      1001       801 PARcau 2.987049e-01 6.215635e-02 0.639139
   136   0        614       2924 13.892  30.529 279.0 59.036      605     2910      623     2940     18     30       612      2908       628      2934       616      2941       600      2915       580      2885       648      2965 PARcau 6.233991e-08 3.308607e-08 1.000000
   136   1        954        768 10.050  25.179 184.0  6.340      942      764      968      775     26     11       942       762       967       765       966       775       941       772       917       739       993       800 PARcau 1.434485e-01 2.394230e-01 0.617128
   137   0        615       2928 13.463  25.812 251.5 68.199      607     2916      624     2943     17     27       603      2919       616      2914       625      2938       613      2943       582      2891       649      2968 PARcau 1.304542e-08 3.901743e-08 1.000000
   137   1        946        767  9.000  26.000 191.5 90.000      934      763      961      773     27     10       934       763       960       763       960       772       934       772       909       738       986       798 PARcau 2.079543e-01 2.115799e-01 0.580466
   138   1        939        766  9.000  25.000 192.0 90.000      927      762      953      772     26     10       927       762       952       762       952       771       927       771       902       737       978       797 PARcau 2.951725e-01 1.180216e-01 0.586806
   138   0        616       2932 13.000  21.541 205.5 68.199      608     2922      625     2944     17     22       606      2924       618      2919       626      2939       614      2944       583      2897       650      2969 PARcau 2.535056e-08 3.003999e-09 1.000000
   139   1        932        765 11.045  26.306 197.5  8.130      919      760      946      772     27     12       919       757       945       761       944       772       918       768       894       735       971       797 PARcau 1.730648e-01 1.798924e-02 0.808946
   140   1        925        764 10.000  26.000 193.5 90.000      912      759      939      770     27     11       912       759       938       759       938       769       912       769       887       734       964       795 PARcau 1.257046e-02 2.640982e-01 0.723331
   140   0        621       2948 11.705  32.311 231.5 68.199      613     2933      630     2964     17     31       620      2931       632      2961       621      2965       609      2935       588      2908       655      2989 PARcau 5.246296e-11 5.008928e-14 1.000000
   141   1        918        762 10.000  26.000 200.0 90.000      905      758      932      769     27     11       905       758       931       758       931       768       905       768       880       733       957       794 PARcau 4.028957e-01 1.440529e-03 0.595664
   141   0        623       2955 11.662  30.529 219.5 59.036      616     2939      631     2970     15     31       620      2937       636      2963       626      2969       610      2943       591      2914       656      2995 PARcau 7.872743e-06 3.530090e-08 0.999992
   142   0        625       2959 12.298  29.517 270.0 63.435      616     2947      633     2975     17     28       625      2943       638      2970       627      2975       614      2949       591      2922       658      3000 PARcau 2.732018e-09 6.788324e-13 1.000000
   142   1        911        761 10.000  26.000 210.0 90.000      898      757      925      768     27     11       898       757       924       757       924       767       898       767       873       732       950       793 PARcau 7.420044e-03 1.856556e-03 0.990723
   143   0        626       2963 13.285  29.095 288.5 71.565      618     2949      636     2978     18     29       615      2951       627      2947       637      2974       624      2979       593      2924       661      3003 PARcau 3.585219e-11 3.374336e-14 1.000000
   143   1        903        760  9.000  26.000 193.5 90.000      890      756      917      766     27     10       890       756       916       756       916       765       890       765       865       731       942       791 PARcau 5.542346e-01 3.777009e-02 0.407995
   144   1        897        758 10.000  26.000 204.5 90.000      884      754      911      765     27     11       884       754       910       754       910       764       884       764       859       729       936       790 PARcau 7.954539e-02 8.713946e-01 0.049060
   144   0        628       2966 12.500  23.564 229.0 71.565      621     2955      637     2978     16     23       618      2956       630      2953       637      2975       625      2979       596      2930       662      3003 PARcau 2.636478e-12 1.634282e-15 1.000000
   145   1        889        757  9.000  26.000 194.0 90.000      877      753      904      763     27     10       877       753       903       753       903       762       877       762       852       728       929       788 PARcau 1.144564e-01 3.558022e-01 0.529741
   146   1        882        755 10.000  25.000 186.0 90.000      870      751      896      762     26     11       870       751       895       751       895       761       870       761       845       726       921       787 PARcau 5.157492e-03 3.483938e-02 0.960003
   147   1        875        753 10.000  25.000 196.0 90.000      862      749      888      760     26     11       862       749       887       749       887       759       862       759       837       724       913       785 PARcau 4.939089e-03 1.257063e-02 0.982490
   148   1        867        752 10.000  25.000 196.0 90.000      855      748      881      759     26     11       855       748       880       748       880       758       855       758       830       723       906       784 PARcau 9.688211e-03 4.490155e-03 0.985822
   148   0        637       2993 12.748  20.988 192.0 77.005      630     2984      646     3005     16     21       628      2984       641      2982       645      3002       633      3005       605      2959       671      3030 PARcau 4.093374e-06 2.291696e-06 0.999994
   149   0        638       2994 12.176  21.030 188.0 71.565      631     2985      647     3005     16     20       629      2986       640      2982       647      3002       635      3006       606      2960       672      3030 PARcau 8.447969e-08 3.177817e-08 1.000000
   149   1        860        751 10.050  25.080 191.0  4.086      848      746      874      757     26     11       848       745       873       747       872       757       847       755       823       721       899       782 PARcau 9.662364e-02 3.533386e-01 0.550038