 Frame  ID  CentroidX  CentroidY  Width  Length  Area  Angle  Box_TLX  Box_TLY  Box_BRX  Box_BRY  Box_W  Box_H  rBox_TLX  rBox_TLY  rBox_TRX  rBox_TRY  rBox_BRX  rBox_BRY  rBox_BLX  rBox_BLY  lBox_TLX  lBox_TLY  lBox_BRX  lBox_BRY  Label       HOMver       NONpro   PARcau
    21   0        343       1953 11.402  30.000 249.0 36.870      333     1941      354     1966     21     25       329      1961       347      1937       356      1944       338      1968       308      1916       379      1991 PARcau 4.009490e-01 2.247752e-02 0.576573
    21   1       3068        636  9.899  29.698 239.5 45.000     3056      626     3081      648     25     22      3054       643      3075       622      3082       629      3061       650      3031       601      3106       673 PARcau 7.301624e-01 2.090533e-02 0.248932
    22   1       3070        634 11.314  29.698 248.0 45.000     3059      624     3083      646     24     22      3056       640      3077       619      3085       627      3064       648      3034       599      3108       671 PARcau 2.449940e-01 1.025473e-03 0.753981
    22   0        339       1958 11.402  29.833 245.0 38.660      329     1946      350     1971     21     25       325      1966       344      1943       353      1950       334      1973       304      1921       375      1996 PARcau 3.515735e-01 1.947010e-04 0.648232
    23   1       3072        632 11.314  29.000 255.5 45.000     3061      621     3085      644     24     23      3059       638      3079       617      3087       625      3067       646      3036       596      3110       669 PARcau 9.004287e-01 4.464482e-04 0.099125
    23   0        335       1963 11.102  29.602 246.0 36.870      325     1951      347     1977     22     26       322      1972       340      1948       349      1955       331      1978       300      1926       372      2002 PARcau 1.844398e-01 9.353543e-05 0.815467
    24   1       3075        629 11.314  29.698 244.0 45.000     3064      618     3088      641     24     23      3061       635      3082       614      3090       622      3069       643      3039       593      3113       666 PARcau 3.730702e-03 4.170281e-06 0.996265
    24   0        332       1969 10.817  29.682 246.5 33.690      322     1957      343     1982     21     25       319      1978       335      1953       344      1959       328      1984       297      1932       368      2007 PARcau 9.572784e-01 3.376465e-08 0.042722
    24   2        675       2824  4.243   5.000  17.5 45.000      673     2822      679     2828      6      6       675      2821       678      2824       675      2828       672      2825       648      2797       704      2853 PARcau 2.245566e-10 3.117706e-04 0.999688
    25   1       3077        625 10.607  28.991 244.0 45.000     3066      614     3090      637     24     23      3064       632      3084       611      3092       619      3071       639      3041       589      3115       662 PARcau 2.050411e-02 2.775832e-04 0.979218
    25   0        328       1974 10.404  29.703 237.0 35.538      318     1962      339     1988     21     26       315      1983       333      1959       341      1965       324      1989       293      1937       364      2013 PARcau 2.558857e-04 3.679345e-05 0.999707
    26   1       3080        622 10.607  28.991 238.5 45.000     3069      611     3093      634     24     23      3067       628      3088       608      3095       615      3075       636      3044       586      3118       659 PARcau 3.642313e-01 6.553518e-04 0.635113
    26   0        324       1979 11.236  29.954 247.0 33.690      315     1967      336     1993     21     26       311      1989       328      1964       337      1970       321      1995       290      1942       361      2018 PARcau 4.932185e-02 2.724105e-02 0.923437
    27   1       3083        618 11.402  29.206 243.5 36.870     3073      607     3096      630     23     23      3070       625      3088       602      3097       609      3079       632      3048       582      3121       655 PARcau 7.793885e-01 3.545417e-04 0.220257
    27   0        321       1985 11.413  30.451 257.5 29.745      311     1972      332     1999     21     27       308      1995       323      1969       333      1974       318      2001       286      1947       357      2024 PARcau 1.232064e-02 1.835848e-01 0.804095
    28   1       3087        614 11.314  28.284 234.5 45.000     3077      603     3099      626     22     23      3074       620      3094       600      3102       608      3082       628      3052       578      3124       651 PARcau 1.565404e-02 3.204698e-04 0.984026
    28   0        317       1990 11.402  30.806 253.0 36.870      307     1978      328     2004     21     26       303      1999       321      1974       330      1981       312      2006       282      1953       353      2029 PARcau 1.225878e-03 2.115302e-02 0.977621
    29   1       3090        611 11.314  27.586 239.5 45.000     3080      600     3102      622     22     22      3077       616      3097       597      3105       605      3085       624      3055       575      3127       647 PARcau 1.309787e-01 1.205086e-02 0.856970
    29   0        313       1995 11.800  31.341 267.5 33.690      303     1984      325     2010     22     26       299      2005       316      1979       326      1986       308      2012       278      1959       350      2035 PARcau 5.312129e-03 6.171522e-03 0.988516
    30   1       3094        607 11.314  27.586 232.5 45.000     3084      597     3106      618     22     21      3081       613      3100       593      3108       601      3089       621      3059       572      3131       643 PARcau 3.813122e-01 1.287586e-03 0.617400
    30   0        309       2000 11.402  30.610 259.0 38.660      299     1989      320     2015     21     26       294      2009       313      1985       322      1992       303      2016       274      1964       345      2040 PARcau 1.887210e-04 9.417329e-05 0.999717
    31   1       3097        604 11.314  26.870 243.0 45.000     3087      594     3109      615     22     21      3084       609      3103       590      3111       598      3092       617      3062       569      3134       640 PARcau 6.033254e-01 4.465513e-02 0.352020
    31   0        304       2005 11.715  30.220 263.0 39.806      295     1994      316     2020     21     26       290      2013       309      1990       318      1997       299      2021       270      1969       341      2045 PARcau 9.489178e-05 6.753190e-04 0.999230
    32   1       3101        601 11.314  26.870 238.0 45.000     3090      591     3113      612     23     21      3088       605      3107       586      3115       594      3096       613      3065       566      3138       637 PARcau 1.142510e-02 5.975427e-04 0.987977
    32   0        300       2010 11.314  30.414 261.5 45.000      290     1999      312     2024     22     25       285      2017       307      1996       315      2004       293      2025       265      1974       337      2049 PARcau 2.481929e-02 1.814390e-03 0.973366
    33   1       3105        598 11.314  26.870 243.5 45.000     3094      588     3118      608     24     20      3092       603      3111       584      3119       592      3100       611      3069       563      3143       633 PARcau 7.217651e-01 7.314520e-04 0.277503
    33   0        296       2015 11.402  30.610 264.0 38.660      286     2004      308     2029     22     25       282      2024       301      2000       310      2007       291      2031       261      1979       333      2054 PARcau 1.644018e-04 7.166657e-05 0.999764
    34   1       3109        595 12.349  27.322 248.0 56.310     3098      586     3122      605     24     19      3095       598      3118       582      3124       593      3102       608      3073       561      3147       630 PARcau 5.140887e-01 7.717572e-06 0.485904
    34   0        291       2020 11.314  31.113 267.5 45.000      281     2008      304     2034     23     26       276      2027       298      2005       306      2013       284      2035       256      1983       329      2059 PARcau 1.781624e-03 4.125780e-06 0.998214
    34   3       1632       1375  4.610   7.159  21.5 75.964     1630     1372     1636     1380      6      8      1629      1372      1634      1371      1635      1378      1631      1379      1605      1347      1661      1405 PARcau 4.894602e-01 4.355215e-01 0.075018
    35   1       3114        592 12.500  26.800 248.5 53.130     3103      583     3127      602     24     19      3100       595      3121       579      3129       589      3107       605      3078       558      3152       627 PARcau 6.063855e-02 1.265485e-03 0.938096
    35   0        287       2025 11.314  29.698 275.5 45.000      276     2013      299     2039     23     26       272      2032       293      2011       301      2019       280      2040       251      1988       324      2064 PARcau 1.363375e-01 4.170955e-06 0.863658
    36   1       3118        589 12.298  27.281 249.5 63.435     3107      580     3131      600     24     20      3104       590      3128       578      3134       589      3109       601      3082       555      3156       625 PARcau 8.730667e-01 1.787512e-04 0.126755
    36   0        282       2030 11.314  30.414 276.5 45.000      272     2018      295     2044     23     26       268      2037       289      2015       297      2023       276      2045       247      1993       320      2069 PARcau 9.186373e-01 1.328741e-04 0.081230
    37   1       3123        587 11.662  27.785 249.0 60.255     3111      578     3136      597     25     19      3108       589      3132       575      3138       585      3114       599      3086       553      3161       622 PARcau 6.848466e-01 2.052713e-04 0.314948
    37   0        278       2034 11.402  30.610 268.0 38.660      268     2023      290     2048     22     25       264      2043       283      2019       292      2026       273      2050       243      1998       315      2073 PARcau 8.477160e-01 2.434990e-05 0.152260
    38   1       3128        584 12.083  27.731 251.5 63.435     3116      576     3141      594     25     18      3113       585      3138       573      3143       584      3118       596      3091       551      3166       619 PARcau 5.896567e-01 6.345564e-03 0.403998
    38   0        274       2039 12.021  30.406 270.5 45.000      264     2027      286     2053     22     26       259      2046       280      2024       289      2033       267      2054       239      2002       311      2078 PARcau 4.796735e-01 7.197778e-04 0.519607
    39   3       1633       1378  6.000   9.000  36.0 90.000     1631     1373     1638     1383      7     10      1631      1373      1637      1373      1637      1382      1631      1382      1606      1348      1663      1408 PARcau 6.951277e-01 1.643920e-01 0.140480
    39   1       3132        582 12.349  28.151 251.0 56.310     3121      573     3146      592     25     19      3118       584      3141       569      3148       579      3124       595      3096       548      3171       617 PARcau 6.135087e-01 2.140086e-04 0.386277
    39   0        269       2043 12.728  30.414 278.5 45.000      259     2031      281     2057     22     26       254      2050       276      2029       285      2038       263      2059       234      2006       306      2082 PARcau 8.277822e-01 2.333384e-05 0.172195
    40   3       1634       1378  6.000   7.000  20.0  0.000     1631     1375     1638     1383      7      8      1631      1375      1637      1375      1637      1382      1631      1382      1606      1350      1663      1408 PARcau 5.384598e-01 4.278819e-01 0.033658
    40   0        266       2048 12.728  31.113 288.0 45.000      255     2036      277     2062     22     26       250      2055       272      2033       281      2042       259      2064       230      2011       302      2087 PARcau 9.375406e-01 1.243984e-07 0.062459
    40   1       3138        579 12.083  29.069 257.5 63.435     3126      571     3152      589     26     18      3123       580      3149       567      3154       578      3128       591      3101       546      3177       614 PARcau 2.461888e-02 1.085963e-04 0.975273
    41   0        262       2053 12.728  31.113 293.5 45.000      251     2041      274     2067     23     26       246      2060       268      2038       277      2047       255      2069       226      2016       299      2092 PARcau 9.785154e-01 9.171358e-08 0.021485
    41   1       3144        576 11.853  28.399 254.5 63.435     3132      568     3158      586     26     18      3129       577      3154       565      3160       575      3134       588      3107       543      3183       611 PARcau 5.553112e-02 9.840239e-04 0.943485
    42   1       3149        574 12.816  28.692 257.5 68.199     3137      566     3164      584     27     18      3134       574      3161       563      3165       575      3139       586      3112       541      3189       609 PARcau 9.832438e-02 3.134018e-07 0.901675
    42   0        258       2058 12.500  30.401 291.5 36.870      247     2045      269     2072     22     27       244      2067       262      2042       272      2050       254      2074       222      2020       294      2097 PARcau 9.759018e-01 4.512822e-04 0.023647
    43   0        254       2063 12.042  31.113 298.0 45.000      243     2050      266     2077     23     27       238      2070       260      2048       269      2056       247      2078       218      2025       291      2102 PARcau 7.880325e-01 2.258261e-05 0.211945
    43   1       3155        571 12.093  28.901 256.0 60.255     3143      563     3169      581     26     18      3140       573      3165       558      3171       569      3146       583      3118       538      3194       606 PARcau 2.667141e-02 2.411468e-03 0.970917
    44   1       3160        569 12.083  29.069 261.5 63.435     3148      561     3175      579     27     18      3145       570      3171       557      3176       568      3150       581      3123       536      3200       604 PARcau 2.067381e-01 1.994882e-05 0.793242
    44   0        250       2068 12.806  32.202 307.0 36.870      239     2055      262     2082     23     27       235      2077       254      2051       264      2059       245      2085       214      2030       287      2107 PARcau 6.058712e-01 5.177978e-03 0.388951
    45   0        246       2073 13.200  30.923 310.5 38.660      235     2060      258     2087     23     27       231      2081       251      2057       261      2065       242      2089       210      2035       283      2112 PARcau 4.612714e-01 1.550145e-04 0.538574
    45   1       3166        566 11.853  28.399 254.5 63.435     3153      558     3180      576     27     18      3151       567      3176       554      3182       565      3156       577      3128       533      3205       601 PARcau 3.399924e-01 5.428545e-05 0.659953
    46   0        242       2078 12.728  30.414 299.0 45.000      232     2066      254     2092     22     26       227      2084       249      2063       258      2072       236      2093       207      2041       279      2117 PARcau 8.087353e-01 1.210991e-04 0.191144
    46   1       3172        563 12.530  29.967 265.0 63.435     3159      555     3187      573     28     18      3156       564      3183       551      3189       562      3162       575      3134       530      3212       598 PARcau 5.846914e-04 9.403349e-07 0.999414
    47   1       3177        560 12.530  29.069 264.0 63.435     3165      552     3192      570     27     18      3162       561      3188       548      3194       559      3168       572      3140       527      3217       595 PARcau 9.916010e-03 7.037233e-05 0.990014
    47   0        238       2083 12.806  31.401 321.5 36.870      227     2071      251     2098     24     27       224      2092       243      2067       253      2075       234      2100       202      2046       276      2123 PARcau 1.056897e-01 2.843511e-03 0.891467
    48   1       3183        557 11.927  30.647 263.5 56.310     3171      549     3199      567     28     18      3168       560      3193       543      3200       553      3174       570      3146       524      3224       592 PARcau 7.457236e-03 2.136226e-05 0.992521
    48   0        234       2089 14.142  31.113 340.0 45.000      222     2076      247     2104     25     28       219      2095       241      2073       251      2083       229      2105       197      2051       272      2129 PARcau 4.934277e-03 1.531873e-06 0.995064
    49   1       3189        554 12.298  29.517 264.0 63.435     3177      545     3204      564     27     19      3174       555      3200       542      3206       553      3179       566      3152       520      3229       589 PARcau 6.463522e-02 6.167736e-05 0.935303
    49   0        229       2094 15.556  32.527 375.5 45.000      217     2082      243     2108     26     26       213      2100       236      2077       247      2088       224      2111       192      2057       268      2133 PARcau 2.061262e-01 2.815271e-09 0.793874
    50   0        227       2097 16.401  27.803 335.0 36.870      216     2087      240     2110     24     23       212      2102       229      2080       242      2090       225      2112       191      2062       265      2135 PARcau 1.080638e-01 5.928152e-07 0.891936
    50   1       3195        550 11.853  29.741 262.0 63.435     3182      542     3210      561     28     19      3180       552      3206       538      3212       549      3185       562      3157       517      3235       586 PARcau 1.241071e-03 2.006315e-04 0.998558
    51   0        225       2100 16.971  22.627 264.5 45.000      216     2092      237     2112     21     20       211      2102       227      2086       239      2098       223      2114       191      2067       262      2137 PARcau 5.891503e-02 3.908764e-06 0.941081
    51   1       3200        547 11.180  30.414 259.5 63.435     3188      539     3216      558     28     19      3185       549      3212       535      3217       545      3190       559      3163       514      3241       583 PARcau 3.856664e-04 4.698210e-06 0.999610
    52   1       3206        543 11.236  28.901 250.0 59.744     3194      535     3221      554     27     19      3191       546      3216       531      3222       541      3197       555      3169       510      3246       579 PARcau 9.793807e-04 2.323320e-05 0.998997
    52   0        223       2103 14.000  14.000 156.0 90.000      217     2097      232     2112     15     15       217      2097       231      2097       231      2111       217      2111       192      2072       257      2137 PARcau 7.981106e-04 4.914412e-07 0.999201
    53   1       3211        540 10.817  29.155 245.5 59.036     3199      531     3226      550     27     19      3197       542      3222       527      3228       536      3203       551      3174       506      3251       575 PARcau 5.410708e-03 6.601642e-04 0.993929
    53   0        222       2105  9.000  10.000  69.5 90.000      218     2101      228     2112     10     11       218      2101       227      2101       227      2111       218      2111       193      2076       253      2137 PARcau 4.934811e-03 1.488121e-04 0.994916
    54   1       3217        536 11.236  29.770 254.0 60.945     3205      527     3232      547     27     20      3202       538      3228       524      3234       533      3208       548      3180       502      3257       572 PARcau 4.086799e-03 4.017007e-05 0.995873
    55   1       3223        532 11.236  29.954 248.5 56.310     3210      523     3237      542     27     19      3208       536      3233       519      3239       529      3214       545      3185       498      3262       567 PARcau 4.468496e-04 1.723781e-05 0.999536
    56   1       3228        529 11.511  29.538 248.0 56.310     3216      520     3242      539     26     19      3213       532      3237       515      3244       525      3219       541      3191       495      3267       564 PARcau 3.029805e-03 1.121420e-04 0.996858
    57   1       3233        525 11.662  28.653 242.5 60.255     3221      516     3247      536     26     20      3218       527      3243       513      3249       523      3224       537      3196       491      3272       561 PARcau 1.910091e-02 4.849578e-03 0.976050
    58   1       3238        521 11.662  29.155 249.0 59.036     3226      512     3252      532     26     20      3223       524      3248       509      3254       519      3229       534      3201       487      3277       557 PARcau 1.451962e-02 2.495108e-03 0.982985
    59   1       3242        518 11.180  29.069 244.5 63.435     3230      510     3257      528     27     18      3228       520      3254       507      3259       517      3233       530      3205       485      3282       553 PARcau 7.997209e-02 4.148812e-03 0.915879
    60   1       3248        515 10.977  29.334 245.5 60.255     3236      506     3263      525     27     19      3233       518      3259       503      3264       513      3239       527      3211       481      3288       550 PARcau 7.799547e-01 2.137657e-03 0.217908
    61   1       3253        512 11.853  28.399 246.5 63.435     3241      503     3267      522     26     19      3239       514      3264       501      3270       512      3244       524      3216       478      3292       547 PARcau 2.534298e-02 2.236622e-04 0.974433
    62   1       3259        509 11.180  29.069 242.5 63.435     3247      501     3273      519     26     18      3244       511      3270       498      3275       508      3249       521      3222       476      3298       544 PARcau 1.204360e-01 1.233165e-03 0.878331
    63   1       3264        506 10.817  28.844 248.5 56.310     3252      497     3279      516     27     19      3250       509      3274       493      3280       502      3256       518      3227       472      3304       541 PARcau 3.236389e-02 4.445569e-06 0.967632
    64   1       3270        503 11.180  29.069 241.0 63.435     3258      495     3284      513     26     18      3255       505      3281       492      3286       502      3260       515      3233       470      3309       538 PARcau 2.080077e-02 5.395096e-04 0.978660
    65   1       3276        500 11.180  29.069 241.5 63.435     3263      492     3290      510     27     18      3261       501      3287       488      3292       498      3266       511      3238       467      3315       535 PARcau 1.103511e-02 2.919315e-05 0.988936
    66   1       3282        497 11.180  29.069 249.0 63.435     3270      488     3297      507     27     19      3267       498      3293       485      3298       495      3272       508      3245       463      3322       532 PARcau 2.293315e-03 2.719115e-05 0.997680
    67   1       3288        494 11.885  28.692 239.0 68.199     3276      486     3303      504     27     18      3273       494      3300       483      3304       494      3278       505      3251       461      3328       529 PARcau 1.657913e-03 1.018259e-03 0.997324
    68   1       3294        491 11.180  29.069 239.0 63.435     3282      483     3309      501     27     18      3279       492      3305       479      3310       489      3284       502      3257       458      3334       526 PARcau 5.316171e-03 8.661654e-05 0.994597
    69   1       3300        488 11.424  29.808 252.5 66.801     3288      480     3316      498     28     18      3285       488      3312       477      3317       487      3289       499      3263       455      3341       523 PARcau 1.183932e-03 5.661708e-04 0.998250
    70   1       3306        485 11.180  29.967 245.5 63.435     3294      477     3322      495     28     18      3291       486      3318       473      3323       483      3296       496      3269       452      3347       520 PARcau 8.845876e-03 7.164510e-05 0.991082
    71   1       3313        482 11.236  30.270 244.5 68.199     3300      474     3328      491     28     17      3297       482      3325       471      3329       481      3301       493      3275       449      3353       516 PARcau 2.500571e-03 9.769820e-06 0.997490
    72   1       3319        479 10.977  29.841 246.0 59.036     3306      471     3335      489     29     18      3304       481      3330       466      3335       475      3310       491      3281       446      3360       514 PARcau 5.564327e-02 6.045630e-07 0.944356
    73   1       3325        475 11.180  29.967 243.5 63.435     3313      468     3340      485     27     17      3310       477      3337       464      3342       474      3315       487      3288       443      3365       510 PARcau 3.788034e-02 2.166000e-04 0.961903
    74   1       3331        472 11.180  30.414 246.0 63.435     3319      464     3347      482     28     18      3316       474      3343       460      3348       470      3321       484      3294       439      3372       507 PARcau 7.041405e-03 2.261720e-03 0.990697
    75   1       3338        468 11.180  29.967 252.5 63.435     3325      460     3353      479     28     19      3323       470      3350       457      3355       467      3328       480      3300       435      3378       504 PARcau 1.103355e-03 2.266642e-05 0.998874
    75   4        652        489  5.000   5.000  20.5 90.000      650      487      656      493      6      6       650       487       655       487       655       492       650       492       625       462       681       518 PARcau 2.779061e-07 9.866573e-01 0.013342
    76   1       3343        465 11.180  30.414 248.5 63.435     3331      457     3359      475     28     18      3328       467      3355       453      3360       463      3333       477      3306       432      3384       500 PARcau 5.401561e-03 4.897134e-06 0.994594
    77   1       3349        461 10.548  29.585 244.0 59.036     3337      453     3364      472     27     19      3334       464      3360       449      3365       458      3340       473      3312       428      3389       497 PARcau 1.410393e-04 5.231061e-05 0.999807
    78   1       3355        457 10.548  30.647 238.0 56.310     3343      449     3370      468     27     19      3340       461      3366       444      3371       453      3346       470      3318       424      3395       493 PARcau 4.055162e-03 2.711814e-03 0.993233
    79   1       3361        454 10.817  30.232 241.5 56.310     3349      445     3376      464     27     19      3346       457      3371       440      3377       449      3352       466      3324       420      3401       489 PARcau 9.450248e-03 4.168443e-06 0.990546
    80   1       3367        450 11.180  29.967 250.0 63.435     3355      440     3382      460     27     20      3352       451      3379       438      3384       448      3357       461      3330       415      3407       485 PARcau 4.839850e-04 1.972759e-05 0.999496
    81   1       3373        446 11.662  29.155 237.0 59.036     3361      436     3387      456     26     20      3358       448      3383       433      3389       443      3364       458      3336       411      3412       481 PARcau 4.660840e-03 1.202532e-04 0.995219
    82   1       3378        442 11.102  29.262 239.0 56.310     3366      432     3392      452     26     20      3363       445      3388       429      3394       438      3370       454      3341       407      3417       477 PARcau 1.568557e-02 3.493298e-04 0.983965
    83   1       3384        438 11.402  29.206 244.5 51.340     3372      428     3398      448     26     20      3369       441      3392       423      3399       432      3376       450      3347       403      3423       473 PARcau 3.080191e-02 1.752480e-05 0.969181
    84   1       3389        433 11.011  29.517 252.5 51.340     3377      424     3404      444     27     20      3375       438      3398       419      3405       428      3382       446      3352       399      3429       469 PARcau 1.060548e-01 1.344469e-04 0.893811
    85   1       3395        430 11.413  29.090 249.5 60.945     3383      420     3409      440     26     20      3380       432      3406       418      3411       428      3386       442      3358       395      3434       465 PARcau 1.702439e-02 9.868489e-05 0.982877
    86   1       3402        426 11.180  29.530 251.0 60.945     3389      416     3416      436     27     20      3387       428      3413       414      3418       424      3392       438      3364       391      3441       461 PARcau 1.621824e-02 3.216382e-04 0.983460
    87   1       3408        422 11.180  29.069 242.0 63.435     3395      413     3422      432     27     19      3393       424      3419       411      3424       421      3398       434      3370       388      3447       457 PARcau 2.519677e-02 3.474322e-04 0.974456
    88   1       3413        419 12.083  29.069 244.5 63.435     3401      410     3428      429     27     19      3399       420      3425       407      3430       418      3404       431      3376       385      3453       454 PARcau 5.598466e-03 6.018522e-05 0.994341
    89   1       3419        415 11.180  29.967 247.5 63.435     3407      407     3434      425     27     18      3404       417      3431       404      3436       414      3409       427      3382       382      3459       450 PARcau 3.751370e-02 9.601035e-06 0.962477
    90   1       3425        412 11.180  29.967 238.0 63.435     3413      404     3440      422     27     18      3410       414      3437       401      3442       411      3415       424      3388       379      3465       447 PARcau 5.522175e-02 4.184325e-05 0.944736
    91   1       3432        409 11.180  29.530 243.0 63.435     3419      401     3447      419     28     18      3417       411      3443       397      3448       407      3422       421      3394       376      3472       444 PARcau 7.975707e-04 1.634493e-06 0.999201
    92   1       3438        406 10.735  30.187 239.0 63.435     3426      399     3454      416     28     17      3423       408      3450       394      3455       404      3428       417      3401       374      3479       441 PARcau 2.888416e-01 2.743485e-07 0.711158
    93   1       3445        403 11.180  29.069 233.0 63.435     3433      396     3460      413     27     17      3430       405      3456       392      3461       402      3435       415      3408       371      3485       438 PARcau 9.809542e-02 1.811943e-05 0.901886
    94   1       3451        400 10.770  29.069 233.0 63.435     3439      393     3467      410     28     17      3437       401      3463       388      3467       398      3441       411      3414       368      3492       435 PARcau 9.424803e-02 2.830098e-03 0.902922
    95   1       3458        397 11.402  29.411 246.5 71.565     3445      389     3473      407     28     18      3443       396      3471       387      3474       398      3446       407      3420       364      3498       432 PARcau 6.486599e-03 2.385759e-04 0.993275
    96   1       3464        394 11.180  29.069 244.0 63.435     3451      386     3479      404     28     18      3449       395      3475       382      3480       392      3454       405      3426       361      3504       429 PARcau 1.537712e-03 2.553478e-06 0.998460
    97   1       3470        391 11.424  29.808 238.0 66.801     3458      383     3486      401     28     18      3455       391      3483       380      3487       390      3460       402      3433       358      3511       426 PARcau 5.044997e-03 2.520315e-04 0.994703
    98   1       3477        387 11.180  29.530 231.0 60.945     3465      380     3492      397     27     17      3462       389      3488       375      3493       385      3467       399      3440       355      3517       422 PARcau 1.497030e-01 2.281086e-05 0.850274
    99   1       3483        384 11.180  29.069 240.0 63.435     3471      376     3498      394     27     18      3468       385      3494       372      3499       382      3473       395      3446       351      3523       419 PARcau 1.443144e-04 6.223243e-07 0.999855
   100   1       3489        380 11.413  28.218 242.5 60.255     3477      372     3503      390     26     18      3474       382      3499       368      3504       378      3480       392      3452       347      3528       415 PARcau 2.988717e-04 1.278364e-04 0.999573
   101   1       3494        376 11.402  28.601 242.0 53.130     3483      368     3509      387     26     19      3480       380      3503       363      3510       372      3487       389      3458       343      3534       412 PARcau 2.459814e-05 5.045908e-06 0.999970
   102   1       3500        373 11.511  28.714 235.5 54.462     3488      364     3514      383     26     19      3485       376      3509       359      3515       369      3492       385      3463       339      3539       408 PARcau 4.889607e-03 1.339703e-04 0.994976
   103   1       3505        369 11.102  28.430 237.0 56.310     3494      359     3519      379     25     20      3491       372      3515       356      3521       365      3498       381      3469       334      3544       404 PARcau 2.140488e-05 1.238262e-05 0.999966
   104   1       3511        364 11.673  28.657 243.5 48.013     3500      355     3525      375     25     20      3497       369      3518       350      3526       358      3505       378      3475       330      3550       400 PARcau 1.598221e-04 5.557559e-05 0.999785
   105   1       3517        360 11.314  26.870 240.5 45.000     3506      351     3530      371     24     20      3504       365      3523       346      3531       354      3512       373      3481       326      3555       396 PARcau 1.047521e-03 8.132841e-06 0.998944
   106   1       3522        356 11.662  29.155 243.5 57.995     3511      347     3536      367     25     20      3507       359      3532       344      3538       354      3513       369      3486       322      3561       392 PARcau 1.978679e-02 5.885126e-06 0.980207
   106   5       3924        455  4.123  12.166  25.5  8.130     3920      453     3933      459     13      6      3920       452      3932       454      3931       458      3919       456      3895       428      3958       484 PARcau 9.870993e-01 3.832796e-07 0.012900
   107   1       3528        352 11.662  28.302 247.0 59.036     3517      343     3542      363     25     20      3514       355      3538       340      3544       350      3520       365      3492       318      3567       388 PARcau 1.376815e-01 6.105762e-06 0.862312
   108   1       3534        349 10.817  29.155 238.0 59.036     3522      340     3548      359     26     19      3519       352      3544       337      3550       346      3525       361      3497       315      3573       384 PARcau 2.535027e-01 4.401303e-05 0.746453
   109   1       3540        346 10.512  28.399 232.0 63.435     3528      337     3554      356     26     19      3525       347      3551       335      3555       344      3530       357      3503       312      3579       381 PARcau 1.137432e-01 5.497501e-04 0.885707
   110   1       3546        342 11.424  29.300 240.0 65.225     3533      334     3560      352     27     18      3531       344      3557       331      3562       342      3535       354      3508       309      3585       377 PARcau 2.961055e-01 1.003011e-04 0.703794
   111   1       3552        339  9.849  29.069 232.0 63.435     3540      332     3568      349     28     17      3538       341      3564       328      3568       337      3542       350      3515       307      3593       374 PARcau 1.489374e-01 1.496537e-05 0.851048
   112   1       3559        336 11.705  28.792 237.0 69.444     3547      329     3574      346     27     17      3544       336      3571       326      3575       337      3548       347      3522       304      3599       371 PARcau 2.733183e-01 1.702523e-05 0.726665
   113   1       3565        334 11.180  29.069 239.0 63.435     3553      326     3580      343     27     17      3550       335      3576       322      3581       332      3555       345      3528       301      3605       368 PARcau 4.340024e-01 5.809333e-05 0.565940
   114   1       3571        332 10.296  29.069 226.0 63.435     3559      325     3586      341     27     16      3556       333      3582       320      3587       329      3561       342      3534       300      3611       366 PARcau 5.450439e-02 3.360804e-04 0.945159
   118   1       3591        324  8.139  18.927 112.0 78.690     3583      320     3602      330     19     10      3582       322      3600       318      3602       326      3583       330      3558       295      3627       355 PARcau 2.763481e-01 2.671654e-05 0.723625
   118   5       3905        449  6.325  22.136  70.5 18.435     3895      446     3918      454     23      8      3896       442      3917       449      3915       455      3894       448      3870       421      3943       479 PARcau 8.104113e-01 4.629209e-06 0.189584
   119   5       3903        448  6.325  23.409  70.0 18.435     3893      445     3916      454     23      9      3894       441      3916       449      3914       455      3892       447      3868       420      3941       479 PARcau 9.558073e-01 2.871827e-07 0.044192
   119   1       3600        320  8.500  25.303 129.0 59.744     3589      313     3614      328     25     15      3588       322      3610       310      3614       317      3592       330      3564       288      3639       353 PARcau 1.703816e-02 2.336439e-04 0.982728
   120   5       3900        447  6.185  18.500  66.0 16.699     3892      444     3911      453     19      9      3892       441      3910       447      3908       453      3891       447      3867       419      3936       478 PARcau 6.184807e-01 5.264463e-05 0.381467
   120   1       3606        316  7.906  24.010 133.5 59.036     3596      310     3619      324     23     14      3594       319      3614       306      3619       313      3598       325      3571       285      3644       349 PARcau 4.139924e-01 1.238908e-04 0.585884
   121   5       3898        446  6.083  20.616  82.5 14.036     3889      443     3910      452     21      9      3889       441      3909       446      3908       452      3888       447      3864       418      3935       477 PARcau 5.839703e-01 1.073442e-06 0.416029
   121   1       3612        313  8.500  23.479 144.0 63.435     3602      306     3624      320     22     14      3600       314      3621       304      3625       311      3604       322      3577       281      3649       345 PARcau 3.506981e-01 5.002940e-03 0.644299
   122   5       3896        445  6.083  22.804  70.5 14.036     3887      442     3910      452     23     10      3887       440      3909       446      3908       452      3886       446      3862       417      3935       477 PARcau 3.858759e-01 1.294280e-06 0.614123
   122   1       3617        310  9.434  25.239 181.0 56.310     3606      302     3630      319     24     17      3604       313      3625       299      3630       307      3609       321      3581       277      3655       344 PARcau 9.498868e-01 6.961025e-03 0.043152
   123   5       3894        445  6.325  23.087  85.5 18.435     3885      441     3907      451     22     10      3885       439      3907       446      3905       452      3883       445      3860       416      3932       476 PARcau 9.901239e-01 1.746833e-08 0.009876
   123   1       3622        307 10.124  26.239 198.0 59.036     3611      299     3635      316     24     17      3608       309      3631       295      3636       304      3614       317      3586       274      3660       341 PARcau 3.288768e-01 4.113257e-03 0.667010
   124   5       3892        444  6.185  22.611  90.0 18.435     3882      440     3905      450     23     10      3882       438      3904       445      3902       451      3881       444      3857       415      3930       475 PARcau 9.280492e-01 2.001521e-07 0.071951
   124   1       3627        303 10.296  25.554 198.0 59.036     3617      295     3639      313     22     18      3614       305      3636       292      3641       301      3619       314      3592       270      3664       338 PARcau 2.941429e-01 6.076784e-02 0.645089
   125   5       3890        443  6.671  23.162 104.5 14.036     3880      439     3903      450     23     11      3880       437      3903       443      3901       449      3879       444      3855       414      3928       475 PARcau 7.351661e-01 4.940682e-07 0.264833
   125   1       3632        300 10.817  26.926 210.0 57.995     3621      292     3644      310     23     18      3618       303      3641       289      3647       298      3624       312      3596       267      3669       335 PARcau 8.235169e-04 2.220007e-03 0.996956
   126   3       1634       1379  5.148   5.148  18.0 26.565     1632     1376     1638     1383      6      7      1634      1376      1638      1378      1636      1383      1631      1380      1607      1351      1663      1408 PARcau 3.578150e-01 5.883963e-01 0.053789
   126   5       3887        442  7.071  24.739 105.5 14.036     3876      438     3901      449     25     11      3876       436      3900       442      3899       449      3875       443      3851       413      3926       474 PARcau 9.509943e-01 9.776554e-08 0.049006
   126   1       3637        297 10.817  26.627 211.5 56.310     3626      288     3650      307     24     19      3623       300      3645       285      3651       294      3629       309      3601       263      3675       332 PARcau 5.659854e-08 1.696193e-09 1.000000
   127   3       1634       1379  5.148   5.148  18.0 26.565     1632     1376     1638     1383      6      7      1634      1376      1638      1378      1636      1383      1631      1380      1607      1351      1663      1408 PARcau 8.965762e-01 6.451935e-03 0.096972
   127   5       3885        442  6.185  25.224 100.0 14.036     3875      438     3900      448     25     10      3875       436      3899       442      3898       448      3873       442      3850       413      3925       473 PARcau 9.235151e-01 4.705678e-07 0.076484
   127   1       3642        293 10.548  26.856 210.5 60.255     3631      285     3655      303     24     18      3628       295      3652       282      3657       291      3634       304      3606       260      3680       328 PARcau 2.767192e-04 4.395731e-05 0.999679
   128   5       3884        441  6.801  23.243  98.5 18.435     3873      437     3896      448     23     11      3874       434      3896       442      3894       448      3872       441      3848       412      3921       473 PARcau 2.839249e-01 1.153033e-07 0.716075
   128   1       3648        290 10.000  26.627 216.0 56.310     3637      281     3661      300     24     19      3634       293      3656       278      3662       286      3640       301      3612       256      3686       325 PARcau 1.811766e-02 4.610850e-02 0.935774
   129   5       3882        440  6.325  25.000  96.0 16.699     3871      437     3895      447     24     10      3871       434      3895       441      3893       447      3869       440      3846       412      3920       472 PARcau 9.052214e-01 6.197292e-07 0.094778
   129   1       3653        287 10.977  27.973 220.0 60.945     3642      279     3667      297     25     18      3639       289      3664       275      3669       285      3645       298      3617       254      3692       322 PARcau 1.603649e-02 2.397457e-02 0.959989
   130   5       3880        440  5.590  24.622  81.0 12.529     3870      437     3895      446     25      9      3870       435      3894       440      3893       446      3869       440      3845       412      3920       471 PARcau 9.987575e-01 3.093840e-09 0.001243
   130   1       3659        284 10.548  28.218 223.5 60.255     3648      276     3674      294     26     18      3645       286      3669       272      3675       281      3650       295      3623       251      3699       319 PARcau 4.855915e-03 1.465225e-03 0.993679
   131   5       3879        440  5.099  20.616  69.5 14.036     3870      437     3891      445     21      8      3870       435      3890       440      3889       445      3869       440      3845       412      3916       470 PARcau 7.297558e-02 2.620143e-06 0.927022
   131   1       3665        281 10.512  28.888 230.5 66.038     3653      273     3679      291     26     18      3650       282      3676       271      3681       280      3654       292      3628       248      3704       316 PARcau 1.130993e-01 7.362803e-05 0.886827
   132   5       3877        439  5.099  20.881  52.0 15.945     3868      436     3889      445     21      9      3868       434      3888       440      3887       445      3867       439      3843       411      3914       470 PARcau 3.582357e-01 5.834114e-06 0.641758
   132   1       3671        279 11.180  29.069 238.0 63.435     3659      271     3686      288     27     17      3656       280      3682       267      3687       277      3661       290      3634       246      3711       313 PARcau 9.762451e-03 3.434854e-05 0.990203
   133   1       3676        277 12.083  29.069 249.5 63.435     3664      269     3692      286     28     17      3662       277      3688       264      3693       275      3667       288      3639       244      3717       311 PARcau 9.381424e-04 2.237549e-09 0.999062
   133   5       3875        439  5.590  16.070  41.0  6.340     3868      436     3885      443     17      7      3868       435      3884       437      3883       442      3867       441      3843       411      3910       468 PARcau 4.712702e-01 2.482720e-06 0.528727
   134   5       3873        438  5.099  16.279  29.5 11.310     3865      436     3882      442     17      6      3865       434      3881       437      3880       442      3864       439      3840       411      3907       467 PARcau 4.192587e-01 2.052328e-07 0.580741
   134   1       3682        274 11.853  28.399 236.5 63.435     3670      267     3698      283     28     16      3667       275      3693       262      3698       273      3673       285      3645       242      3723       308 PARcau 6.935122e-04 2.649718e-08 0.999306
   135   5       3871        437  4.123  13.601  34.5 15.945     3865      435     3879      442     14      7      3865       433      3878       437      3877       441      3864       437      3840       410      3904       467 PARcau 9.820739e-01 8.330559e-08 0.017926
   135   1       3688        272 11.180  29.069 244.0 63.435     3676      265     3703      282     27     17      3673       273      3699       260      3704       270      3678       283      3651       240      3728       307 PARcau 4.445272e-01 1.411328e-06 0.555471
   136   5       3869        437  4.610  13.463  34.5 14.036     3864      434     3878      441     14      7      3864       433      3877       436      3876       441      3863       437      3839       409      3903       466 PARcau 9.783236e-01 5.254659e-08 0.021676
   136   1       3693        270 10.770  27.857 237.5 68.199     3681      263     3708      279     27     16      3679       270      3705       260      3709       270      3683       280      3656       238      3733       304 PARcau 4.288222e-01 1.923375e-07 0.571178
   137   5       3865        436  5.099  15.133  51.5  9.462     3859      433     3875      440     16      7      3859       432      3874       434      3873       439      3858       437      3834       408      3900       465 PARcau 8.770294e-01 2.343884e-08 0.122971
   137   1       3699        268 11.705  27.857 236.5 68.199     3687      260     3713      277     26     17      3684       267      3710       257      3714       268      3688       278      3662       235      3738       302 PARcau 5.106119e-01 6.755717e-04 0.488713
   138   5       3864        435  5.099  17.117  54.0  8.130     3857      433     3875      440     18      7      3857       432      3874       434      3873       439      3856       437      3832       408      3900       465 PARcau 9.952270e-01 8.261608e-11 0.004773
   138   1       3703        265 11.630  27.951 243.5 63.435     3692      258     3718      275     26     17      3689       266      3714       254      3719       264      3694       277      3667       233      3743       300 PARcau 7.348335e-01 7.983874e-06 0.265159
   139   5       3863        435  5.000  17.000  59.5 90.000     3856      433     3874      439     18      6      3856       433      3873       433      3873       438      3856       438      3831       408      3899       464 PARcau 8.052135e-01 5.793336e-06 0.194781
   139   1       3708        263 11.180  27.731 231.0 63.435     3697      255     3723      272     26     17      3694       264      3719       252      3724       262      3699       274      3672       230      3748       297 PARcau 6.360132e-01 4.976553e-08 0.363987
   140   5       3862        435  6.000  17.000  65.0 90.000     3853      432     3871      439     18      7      3853       432      3870       432      3870       438      3853       438      3828       407      3896       464 PARcau 5.842690e-01 6.863613e-06 0.415724
   140   1       3713        260 11.180  26.833 238.0 63.435     3702      252     3727      270     25     18      3699       261      3723       249      3728       259      3704       271      3677       227      3752       295 PARcau 2.313475e-02 6.142121e-05 0.976804
   141   5       3860        434  6.000  19.000  73.0 90.000     3851      432     3871      439     20      7      3851       432      3870       432      3870       438      3851       438      3826       407      3896       464 PARcau 7.467576e-01 3.541819e-07 0.253242
   141   1       3718        257 11.927  28.430 241.0 56.310     3706      249     3732      267     26     18      3703       260      3727       244      3733       254      3710       270      3681       224      3757       292 PARcau 2.301697e-03 5.231693e-08 0.997698
   142   1       3723        255 12.420  27.500 242.5 53.130     3711      246     3736      265     25     19      3708       258      3730       241      3738       251      3716       267      3686       221      3761       290 PARcau 5.455938e-03 1.172979e-07 0.994544
   142   5       3858        434  6.083  22.804  85.0 14.036     3848      431     3871      439     23      8      3848       428      3870       434      3869       440      3847       434      3823       406      3896       464 PARcau 8.613070e-01 1.313141e-07 0.138693
   143   5       3856        433  6.083  20.396  88.5 12.529     3846      430     3867      439     21      9      3846       428      3866       432      3865       438      3845       434      3821       405      3892       464 PARcau 9.014614e-01 2.988782e-07 0.098538
   143   1       3727        251 11.927  27.042 246.0 56.310     3716      243     3740      262     24     19      3713       254      3735       239      3742       249      3719       264      3691       218      3765       287 PARcau 7.478941e-02 3.059843e-06 0.925208
   144   5       3854        433  6.185  21.662  78.0 18.435     3845      430     3867      439     22      9      3846       427      3866       434      3865       440      3844       433      3820       405      3892       464 PARcau 1.806243e-02 5.647201e-06 0.981932
   144   1       3731        249 12.349  26.239 238.5 59.036     3720      241     3744      259     24     18      3717       250      3740       237      3746       247      3724       261      3695       216      3769       284 PARcau 4.686188e-03 3.304556e-10 0.995314
   145   5       3851        432  6.325  18.974  75.0 18.435     3842      429     3862      437     20      8      3843       426      3861       432      3859       438      3841       432      3817       404      3887       462 PARcau 2.930360e-01 5.480980e-05 0.706909
   145   1       3735        246 12.207  25.239 223.5 56.310     3725      238     3748      256     23     18      3722       248      3743       234      3750       244      3729       258      3700       213      3773       281 PARcau 1.879161e-01 3.706722e-05 0.812047
   146   5       3850        432  5.590  19.526  67.5 12.529     3841      429     3861      437     20      8      3841       427      3860       431      3859       437      3840       432      3816       404      3886       462 PARcau 4.990391e-02 1.372728e-06 0.950095
   146   1       3741        242 12.530  27.785 241.0 60.255     3730      233     3754      253     24     20      3727       244      3751       230      3757       241      3733       255      3705       208      3779       278 PARcau 5.434867e-02 4.604511e-08 0.945651
   147   5       3848        431  6.083  21.587  69.0 12.529     3839      429     3861      437     22      8      3839       426      3860       431      3859       437      3838       432      3814       404      3886       462 PARcau 6.202381e-01 2.156541e-06 0.379760
   147   1       3746        239 11.402  28.601 246.5 53.130     3734      230     3760      250     26     20      3732       243      3755       226      3762       235      3739       252      3709       205      3785       275 PARcau 6.760877e-01 3.905876e-06 0.323908
   148   5       3846        431  5.099  19.416  57.5 11.310     3838      428     3858      437     20      9      3838       427      3857       431      3856       436      3837       432      3813       403      3883       462 PARcau 1.947842e-02 1.941414e-06 0.980520
   148   1       3752        236 11.662  28.302 249.0 59.036     3740      227     3765      247     25     20      3737       238      3761       223      3767       233      3743       248      3715       202      3790       272 PARcau 5.763268e-02 1.160382e-05 0.942356
   149   5       3844        431  5.099  20.616  41.5 14.036     3837      428     3858      435     21      7      3837       426      3857       431      3856       436      3836       431      3812       403      3883       460 PARcau 8.026473e-01 2.357928e-08 0.197353
   149   1       3756        233 11.402  27.803 262.0 53.130     3745      224     3770      244     25     20      3742       237      3764       220      3771       229      3749       246      3720       199      3795       269 PARcau 6.610760e-02 8.747848e-04 0.933018
   149   6        230       2646  5.000   6.000  20.5 90.000      228     2644      234     2651      6      7       228      2644       233      2644       233      2650       228      2650       203      2619       259      2676 PARcau 8.197888e-03 4.719529e-05 0.991755