 Frame  ID  CentroidX  CentroidY  Width  Length  Area  Angle  Box_TLX  Box_TLY  Box_BRX  Box_BRY  Box_W  Box_H  rBox_TLX  rBox_TLY  rBox_TRX  rBox_TRY  rBox_BRX  rBox_BRY  rBox_BLX  rBox_BLY  lBox_TLX  lBox_TLY  lBox_BRX  lBox_BRY  Label       HOMver       NONpro   PARcau
    21   0       1641       2190  7.000  21.000 120.5 90.000     1638     2180     1646     2202      8     22      1638      2180      1645      2180      1645      2201      1638      2201      1613      2155      1671      2227 PARcau 3.910866e-03 2.542285e-03 0.993547
    21   1       3122        357 10.607  26.163 209.0 45.000     3113      347     3135      368     22     21      3110       362      3129       343      3136       351      3118       369      3088       322      3160       393 PARcau 3.508901e-01 8.888011e-07 0.649109
    21   2       4006        221  9.192  10.607  69.5 45.000     4000      216     4013      227     13     11      4005       214      4013       222      4006       228      3999       221      3975       191      4038       252 PARcau 3.272223e-01 6.859832e-02 0.604179
    22   1       3120        359 10.700  25.700 202.0 53.130     3109      350     3132      369     23     19      3106       362      3127       347      3133       355      3113       371      3084       325      3157       394 PARcau 4.180773e-04 2.899022e-05 0.999553
    22   2       4006        221  8.382  13.124  67.5 18.435     4000      217     4015      227     15     10      4002       215      4014       219      4012       227      3999       223      3975       192      4040       252 PARcau 2.303114e-01 3.957705e-03 0.765731
    22   0       1640       2199  8.559  21.148 135.0  7.125     1636     2189     1646     2211     10     22      1637      2188      1645      2189      1643      2210      1634      2209      1611      2164      1671      2236 PARcau 2.995607e-03 2.320275e-03 0.994684
    23   2       4008        222  8.000  15.000  73.5 90.000     4000      218     4016      227     16      9      4000       218      4015       218      4015       226      4000       226      3975       193      4041       252 PARcau 2.193358e-01 3.750331e-02 0.743161
    23   1       3117        361 10.296  27.785 202.5 60.255     3106      353     3131      370     25     17      3103       363      3127       349      3132       358      3108       372      3081       328      3156       395 PARcau 6.139126e-01 8.252772e-07 0.386087
    23   0       1638       2208  9.341  20.131 128.0 14.036     1634     2199     1644     2219     10     20      1636      2197      1645      2200      1640      2219      1631      2217      1609      2174      1669      2244 PARcau 7.779963e-04 1.458746e-04 0.999076
    24   2       4009        221  9.000  15.000  86.5  0.000     4002      217     4018      227     16     10      4002       217      4017       217      4017       226      4002       226      3977       192      4043       252 PARcau 3.916987e-01 2.237229e-01 0.384578
    24   1       3116        362 10.548  25.986 189.5 59.036     3104      354     3129      371     25     17      3102       364      3125       351      3130       360      3108       373      3079       329      3154       396 PARcau 9.355748e-01 2.986990e-07 0.064425
    24   0       1635       2217  9.000  20.000 132.0 90.000     1631     2207     1641     2228     10     21      1631      2207      1640      2207      1640      2227      1631      2227      1606      2182      1666      2253 PARcau 4.669024e-04 3.912387e-05 0.999494
    25   2       4010        221 10.000  14.000  88.5 90.000     4003      216     4018      227     15     11      4003       216      4017       216      4017       226      4003       226      3978       191      4043       252 PARcau 2.020467e-01 4.757588e-01 0.322195
    25   1       3115        363  9.708  25.656 184.5 56.310     3105      355     3128      373     23     18      3102       366      3123       352      3129       360      3107       374      3080       330      3153       398 PARcau 1.466121e-01 1.865496e-06 0.853386
    25   0       1631       2226  8.382  23.564 140.5 18.435     1626     2215     1638     2238     12     23      1631      2213      1639      2216      1632      2238      1624      2236      1601      2190      1663      2263 PARcau 1.080480e-05 3.212156e-07 0.999989
    26   2       4011        221 11.630  14.534  92.0 26.565     4004      215     4020      228     16     13      4007       213      4020       219      4015       230      4002       223      3979       190      4045       253 PARcau 5.099581e-01 1.784065e-01 0.311635
    26   1       3114        366  9.899  26.173 186.5 45.000     3106      356     3127      378     21     22      3103       372      3121       353      3128       360      3110       379      3081       331      3152       403 PARcau 1.129957e-03 1.259297e-04 0.998744
    26   0       1627       2235  8.944  22.361 143.0 26.565     1622     2225     1634     2247     12     22      1618      2243      1628      2223      1636      2227      1626      2247      1597      2200      1659      2272 PARcau 1.552019e-04 4.100480e-06 0.999841
    26   3       4451        140  9.301   9.301  39.0 36.870     4447      136     4457      147     10     11      4450       133      4457       138      4452       146      4444       140      4422       111      4482       172 PARcau 5.505434e-02 2.870338e-02 0.916242
    27   2       4012        221 10.512  14.089  96.5 26.565     4006      215     4020      228     14     13      4008       213      4021       219      4016       229      4004       222      3981       190      4045       253 PARcau 3.205503e-03 6.280032e-01 0.368791
    27   1       3114        371 10.296  26.833 211.0 26.565     3107      359     3124      384     17     25      3104       380      3116       356      3125       361      3113       385      3082       334      3149       409 PARcau 4.689813e-03 6.598519e-05 0.995244
    27   0       1623       2244  8.732  23.648 140.5 14.036     1618     2234     1630     2257     12     23      1622      2232      1630      2234      1625      2257      1616      2255      1593      2209      1655      2282 PARcau 1.646747e-03 3.002838e-07 0.998353
    28   2       4012        221 10.595  14.080  85.5 18.435     4006      215     4020      229     14     14      4008       214      4021       218      4018       228      4004       224      3981       190      4045       254 PARcau 1.281281e-01 5.832810e-01 0.288591
    28   1       3111        378 10.770  27.313 217.0 23.199     3105      365     3120      392     15     27      3101       388      3112       363      3122       367      3111       392      3080       340      3145       417 PARcau 2.536622e-02 5.883692e-07 0.974633
    28   0       1620       2254  8.246  22.804 132.5 14.036     1616     2244     1626     2267     10     23      1619      2243      1627      2245      1621      2267      1613      2265      1591      2219      1651      2292 PARcau 3.475036e-04 2.063819e-06 0.999650
    29   2       4013        221  7.778  14.849  81.0 45.000     4009      215     4020      229     11     14      4011       213      4021       224      4016       229      4005       219      3984       190      4045       254 PARcau 3.797488e-04 9.551537e-02 0.904105
    29   1       3108        386 10.735  27.951 237.5 26.565     3101      374     3118      401     17     27      3097       396      3110       371      3119       376      3107       401      3076       349      3143       426 PARcau 1.626943e-04 5.936552e-05 0.999778
    29   0       1618       2264  8.000  21.000 130.0 90.000     1614     2254     1623     2276      9     22      1614      2254      1622      2254      1622      2275      1614      2275      1589      2229      1648      2301 PARcau 1.485533e-01 7.434027e-05 0.851372
    30   2       4014        222  7.616  15.652  64.5 63.435     4010      216     4020      231     10     15      4014       214      4021       228      4014       231      4007       217      3985       191      4045       256 PARcau 4.401527e-01 1.839783e-01 0.375869
    30   1       3104        394 11.180  27.295 235.0 26.565     3097      382     3114      408     17     26      3093       404      3106       380      3116       385      3103       409      3072       357      3139       433 PARcau 1.954695e-05 1.055479e-05 0.999970
    30   0       1617       2274  8.000  22.000 142.0 90.000     1613     2264     1622     2287      9     23      1613      2264      1621      2264      1621      2286      1613      2286      1588      2239      1647      2312 PARcau 1.105353e-02 5.873993e-05 0.988888
    30   4       3246        127  8.000   9.000  54.5 90.000     3242      123     3251      133      9     10      3242       123      3250       123      3250       132      3242       132      3217        98      3276       158 PARcau 5.371297e-05 4.915471e-08 0.999946
    31   4       3245        127  9.000  10.000  67.5 90.000     3241      122     3251      133     10     11      3241       122      3250       122      3250       132      3241       132      3216        97      3276       158 PARcau 6.893578e-02 4.656506e-04 0.930599
    31   2       4014        223  5.831  14.765  56.0 60.255     4010      216     4021      231     11     15      4013       215      4020       228      4015       231      4008       218      3985       191      4046       256 PARcau 4.124770e-02 5.717471e-01 0.387005
    31   1       3100        402 10.512  27.505 233.5 26.565     3091      391     3110      416     19     25      3089       413      3101       388      3111       393      3098       417      3066       366      3135       441 PARcau 1.300821e-06 1.555281e-06 0.999997
    31   0       1616       2284  8.000  23.000 140.5 90.000     1613     2273     1622     2297      9     24      1613      2273      1621      2273      1621      2296      1613      2296      1588      2248      1647      2322 PARcau 2.337701e-02 1.761137e-03 0.974862
    32   4       3245        126  9.000  11.000  68.0  0.000     3241      121     3251      133     10     12      3241       121      3250       121      3250       132      3241       132      3216        96      3276       158 PARcau 4.024081e-01 6.329383e-04 0.596959
    32   2       4015        224  5.408  13.314  30.5 56.310     4011      218     4021      231     10     13      4013       216      4020       227      4016       230      4008       219      3986       193      4046       256 PARcau 8.162457e-02 3.228872e-02 0.886087
    32   1       3094        410 10.512  27.505 230.0 26.565     3085      399     3105      424     20     25      3083       420      3096       396      3105       400      3093       425      3060       374      3130       449 PARcau 1.915481e-06 9.020238e-07 0.999997
    32   0       1617       2295  7.000  22.000 129.0 90.000     1614     2284     1622     2307      8     23      1614      2284      1621      2284      1621      2306      1614      2306      1589      2259      1647      2332 PARcau 5.637560e-02 2.285027e-05 0.943601
    33   4       3245        126  9.899   9.899  66.0 45.000     3241      121     3251      133     10     12      3246       119      3253       126      3246       133      3239       126      3216        96      3276       158 PARcau 1.174885e-01 1.361284e-04 0.882375
    33   1       3088        418 11.314  26.870 219.5 45.000     3078      408     3099      431     21     23      3074       424      3093       405      3101       413      3082       432      3053       383      3124       456 PARcau 2.299327e-02 3.822990e-04 0.976624
    33   0       1618       2305  8.000  22.000 132.0  0.000     1614     2294     1623     2317      9     23      1614      2294      1622      2294      1622      2316      1614      2316      1589      2269      1648      2342 PARcau 6.416316e-02 2.617878e-04 0.935575
    34   4       3245        126  8.485   9.220  56.0 45.000     3241      121     3251      133     10     12      3245       120      3252       126      3246       132      3239       126      3216        96      3276       158 PARcau 7.610208e-03 1.608511e-04 0.992229
    34   2       4020        227  7.616  13.928  56.0 21.801     4013      222     4027      233     14     11      4014       220      4027       225      4024       232      4011       227      3988       197      4052       258 PARcau 9.106177e-02 2.182158e-02 0.887117
    34   1       3081        425 11.314  26.870 224.5 45.000     3071      415     3093      437     22     22      3068       431      3087       412      3095       420      3076       439      3046       390      3118       462 PARcau 4.761433e-06 5.154364e-08 0.999995
    34   0       1618       2314  7.000  22.000 130.0 90.000     1615     2304     1623     2327      8     23      1615      2304      1622      2304      1622      2326      1615      2326      1590      2279      1648      2352 PARcau 9.726440e-05 2.219919e-06 0.999900
    35   4       3245        126  7.000  10.000  50.0 90.000     3242      122     3250      133      8     11      3242       122      3249       122      3249       132      3242       132      3217        97      3275       158 PARcau 6.241693e-03 1.134806e-04 0.993645
    35   2       4022        228 10.000  12.000  77.0  0.000     4015      223     4028      234     13     11      4015       223      4027       223      4027       233      4015       233      3990       198      4053       259 PARcau 1.089883e-01 6.654134e-03 0.884358
    35   1       3077        431  9.899  26.870 215.0 45.000     3067      421     3088      443     21     22      3064       436      3083       417      3090       424      3071       443      3042       396      3113       468 PARcau 1.524961e-01 5.983319e-04 0.846906
    35   0       1618       2324  8.000  21.000 126.0  0.000     1614     2314     1623     2336      9     22      1614      2314      1622      2314      1622      2335      1614      2335      1589      2289      1648      2361 PARcau 2.340446e-05 4.720715e-06 0.999972
    36   2       4022        228 11.180  11.180  87.5 63.435     4015      224     4029      235     14     11      4014       226      4024       221      4029       231      4019       236      3990       199      4054       260 PARcau 7.684384e-02 8.528077e-04 0.922303
    36   1       3072        436 10.607  27.577 223.5 45.000     3063      426     3084      448     21     22      3059       442      3079       423      3086       430      3067       450      3038       401      3109       473 PARcau 3.249759e-02 5.873625e-05 0.967444
    36   0       1617       2333  8.000  21.000 132.5 90.000     1613     2323     1622     2345      9     22      1613      2323      1621      2323      1621      2344      1613      2344      1588      2298      1647      2370 PARcau 7.302822e-07 1.796173e-08 0.999999
    37   2       4022        229 11.000  12.000  91.0 90.000     4017      224     4030      236     13     12      4017       224      4029       224      4029       235      4017       235      3992       199      4055       261 PARcau 2.552169e-01 5.960442e-02 0.685179
    37   1       3069        440  9.899  26.870 225.5 45.000     3059      430     3080      452     21     22      3056       446      3075       427      3082       434      3063       453      3034       405      3105       477 PARcau 2.748827e-03 1.397012e-05 0.997237
    37   0       1615       2343  9.055  20.396 128.0 11.310     1611     2333     1621     2354     10     21      1612      2332      1621      2333      1617      2353      1608      2352      1586      2308      1646      2379 PARcau 3.316707e-08 2.896210e-10 1.000000
    38   2       4022        229 11.424  12.349  96.5 21.801     4017      224     4030      237     13     13      4019       222      4030       226      4026       237      4014       232      3992       199      4055       262 PARcau 2.276415e-01 2.148887e-02 0.750870
    38   1       3064        445  9.899  26.870 231.5 45.000     3054      435     3076      457     22     22      3051       451      3070       432      3077       439      3058       458      3029       410      3101       482 PARcau 2.762043e-07 5.259939e-07 0.999999
    38   0       1612       2354  8.631  23.927 147.0 11.310     1607     2343     1618     2367     11     24      1610      2342      1619      2343      1614      2367      1606      2365      1582      2318      1643      2392 PARcau 3.329400e-07 4.298160e-05 0.999957
    39   2       4023        230 10.607  13.435  92.5 45.000     4017      224     4031      237     14     13      4022       221      4031       231      4024       238      4014       229      3992       199      4056       262 PARcau 2.141733e-01 4.242965e-03 0.781584
    39   1       3058        451  9.899  27.586 225.0 45.000     3047      441     3069      463     22     22      3045       458      3064       438      3071       445      3052       465      3022       416      3094       488 PARcau 1.066909e-04 4.078274e-07 0.999893
    39   0       1609       2364  8.944  21.024 124.0 26.565     1605     2354     1616     2375     11     21      1601      2371      1610      2352      1618      2356      1609      2375      1580      2329      1641      2400 PARcau 1.430212e-07 5.071544e-08 1.000000
    40   2       4023        230 10.689  11.281  69.5 78.690     4018      225     4031      237     13     12      4017       226      4028       224      4030       234      4019       237      3993       200      4056       262 PARcau 4.810617e-01 3.287754e-02 0.486061
    40   1       3051        457  9.899  28.284 235.0 45.000     3041      447     3063      469     22     22      3038       464      3058       444      3065       451      3045       471      3016       422      3088       494 PARcau 4.073799e-02 6.401479e-09 0.959262
    40   0       1606       2372  8.139  23.049 133.5 12.529     1602     2362     1612     2385     10     23      1605      2360      1613      2362      1608      2384      1600      2383      1577      2337      1637      2410 PARcau 1.602376e-06 6.173504e-07 0.999998
    41   2       4024        230  9.849  10.296  56.0 63.435     4018      226     4031      237     13     11      4016       228      4025       224      4030       233      4021       237      3993       201      4056       262 PARcau 1.159146e-01 1.276388e-01 0.756447
    41   1       3044        464  9.899  28.284 232.0 45.000     3033      454     3056      476     23     22      3031       471      3051       451      3058       458      3038       478      3008       429      3081       501 PARcau 1.646029e-04 1.134458e-08 0.999835
    41   0       1604       2383  7.000  20.000 119.5 90.000     1601     2374     1609     2395      8     21      1601      2374      1608      2374      1608      2394      1601      2394      1576      2349      1634      2420 PARcau 2.353740e-09 1.883059e-07 1.000000
    42   2       4025        232  8.201  11.102  41.5 53.130     4019      227     4032      237     13     10      4025       224      4031       233      4025       238      4018       229      3994       202      4057       262 PARcau 5.145375e-02 2.595551e-03 0.945951
    42   1       3036        471  9.899  28.284 233.0 45.000     3025      461     3049      482     24     21      3023       477      3043       457      3050       464      3030       484      3000       436      3074       507 PARcau 4.542930e-05 2.197804e-07 0.999954
    42   0       1603       2394  7.000  21.000 121.5 90.000     1600     2384     1608     2406      8     22      1600      2384      1607      2384      1607      2405      1600      2405      1575      2359      1633      2431 PARcau 1.648221e-06 1.607994e-07 0.999998
    43   2       4026        232  5.852  11.885  29.5 21.801     4021      230     4034      238     13      8      4022       228      4033       232      4031       238      4020       233      3996       205      4059       263 PARcau 1.442425e-02 4.417587e-03 0.981158
    43   1       3029        478 10.630  29.833 245.5 50.194     3018      468     3042      490     24     22      3014       483      3037       464      3044       472      3021       491      2993       443      3067       515 PARcau 6.176392e-04 3.074594e-07 0.999382
    43   0       1603       2405  7.000  20.000 118.5 90.000     1600     2395     1608     2416      8     21      1600      2395      1607      2395      1607      2415      1600      2415      1575      2370      1633      2441 PARcau 1.695563e-01 3.713595e-03 0.826730
    44   2       4030        234  7.280  11.402  48.0 14.036     4024      230     4037      239     13      9      4025       229      4036       232      4034       239      4023       236      3999       205      4062       264 PARcau 2.415639e-02 5.778498e-03 0.970065
    44   1       3022        483 10.308  28.200 234.5 53.130     3010      474     3035      494     25     20      3007       488      3030       471      3036       479      3014       496      2985       449      3060       519 PARcau 7.891138e-05 7.871377e-07 0.999920
    44   0       1603       2415  8.000  21.000 123.0 90.000     1600     2406     1609     2428      9     22      1600      2406      1608      2406      1608      2427      1600      2427      1575      2381      1634      2453 PARcau 9.853445e-05 1.603688e-06 0.999900
    45   2       4031        235  6.000  13.000  59.0 90.000     4024      232     4038      239     14      7      4024       232      4037       232      4037       238      4024       238      3999       207      4063       264 PARcau 1.309450e-02 6.870984e-03 0.980034
    45   1       3013        489 11.102  28.200 234.0 53.130     3002      480     3027      500     25     20      2999       493      3021       476      3028       485      3005       502      2977       455      3052       525 PARcau 7.130570e-04 4.971139e-07 0.999286
    45   0       1604       2426  8.000  21.000 128.0 90.000     1600     2416     1609     2438      9     22      1600      2416      1608      2416      1608      2437      1600      2437      1575      2391      1634      2463 PARcau 8.619051e-07 8.605984e-04 0.999138
    46   2       4031        235  8.062  14.142  63.5  9.462     4024      231     4039      241     15     10      4024       230      4038       232      4037       240      4023       238      3999       206      4064       266 PARcau 3.672403e-02 4.099823e-02 0.922278
    46   1       3005        495 11.102  29.262 243.5 56.310     2992      486     3019      505     27     19      2989       498      3014       482      3020       491      2996       507      2967       461      3044       530 PARcau 1.774572e-03 1.336734e-07 0.998225
    46   0       1604       2436  8.000  22.000 138.5  0.000     1600     2425     1609     2448      9     23      1600      2425      1608      2425      1608      2447      1600      2447      1575      2400      1634      2473 PARcau 3.142288e-09 3.173181e-04 0.999683
    47   2       4033        235  9.055  14.142  82.0  8.130     4026      231     4041      242     15     11      4026       230      4040       232      4039       241      4025       239      4001       206      4066       267 PARcau 4.259245e-02 9.543062e-02 0.861977
    47   0       1603       2445  9.000  21.000 140.5 90.000     1599     2435     1609     2457     10     22      1599      2435      1608      2435      1608      2456      1599      2456      1574      2410      1634      2482 PARcau 1.255376e-03 3.923516e-01 0.606393
    47   1       2995        501 11.180  29.069 243.0 63.435     2983      492     3010      511     27     19      2980       502      3006       489      3011       499      2985       512      2958       467      3035       536 PARcau 1.963707e-03 1.321988e-06 0.998035
    48   2       4034        235 10.607  13.435 100.0 45.000     4028      230     4042      243     14     13      4033       227      4043       237      4035       244      4026       235      4003       205      4067       268 PARcau 1.297523e-01 4.574234e-02 0.824505
    48   0       1601       2455  9.341  21.101 140.5 14.036     1596     2445     1607     2467     11     22      1599      2444      1608      2446      1603      2467      1594      2464      1571      2420      1632      2492 PARcau 1.183281e-03 4.971508e-03 0.993845
    48   1       2986        506 10.966  29.517 238.5 63.435     2973      498     3000      516     27     18      2970       508      2997       495      3001       505      2975       518      2948       473      3025       541 PARcau 5.546265e-05 3.682695e-06 0.999941
    49   2       4035        236 10.607  13.435 100.5 45.000     4028      230     4043      243     15     13      4034       227      4043       237      4036       244      4026       235      4003       205      4068       268 PARcau 4.883062e-02 1.601573e-01 0.791012
    49   0       1597       2464  8.544  22.136 144.0 18.435     1593     2454     1604     2476     11     22      1597      2452      1605      2455      1598      2476      1590      2473      1568      2429      1629      2501 PARcau 2.234116e-05 1.426034e-04 0.999835
    49   1       2977        511 11.180  29.069 231.5 63.435     2964      504     2991      521     27     17      2961       513      2987       500      2992       510      2966       523      2939       479      3016       546 PARcau 1.299289e-03 1.141250e-07 0.998701
    50   2       4036        236 11.102  15.403 107.5 35.538     4028      230     4044      244     16     14      4033       227      4045       236      4039       245      4026       236      4003       205      4069       269 PARcau 8.228298e-02 6.670247e-01 0.250692
    50   0       1594       2475  9.220  21.840 145.5 15.945     1589     2465     1601     2487     12     22      1592      2463      1601      2465      1595      2486      1586      2484      1564      2440      1626      2512 PARcau 1.558625e-03 2.788988e-06 0.998439
    50   1       2967        517 11.236  29.904 243.5 69.444     2953      509     2981      526     28     17      2950       517      2978       506      2982       517      2954       527      2928       484      3006       551 PARcau 7.909972e-02 3.473681e-07 0.920900
    51   2       4037        237 10.308  16.008 118.5 39.806     4030      230     4046      244     16     14      4034       228      4046       238      4040       246      4027       236      4005       205      4071       269 PARcau 1.791910e-01 1.681121e-01 0.652697
    51   0       1591       2484  9.000  20.000 135.5 90.000     1587     2475     1597     2496     10     21      1587      2475      1596      2475      1596      2495      1587      2495      1562      2450      1622      2521 PARcau 1.501277e-05 1.962751e-07 0.999985
    51   1       2957        521 10.977  28.853 237.5 61.699     2944      514     2972      530     28     16      2941       523      2967       510      2972       519      2947       533      2919       489      2997       555 PARcau 1.299770e-03 2.269385e-07 0.998700
    52   2       4038        238 10.630  16.971 117.0 45.000     4030      232     4047      245     17     13      4036       228      4048       240      4040       247      4028       235      4005       207      4072       270 PARcau 8.150005e-02 7.939246e-02 0.839108
    52   0       1589       2494  9.000  21.000 141.5 90.000     1585     2484     1595     2506     10     22      1585      2484      1594      2484      1594      2505      1585      2505      1560      2459      1620      2531 PARcau 7.672421e-02 2.509221e-04 0.923025
    52   1       2947        525 11.180  28.178 239.5 63.435     2933      518     2962      533     29     15      2932       527      2957       514      2962       524      2937       537      2908       493      2987       558 PARcau 2.755367e-01 1.448017e-07 0.724463
    53   2       4039        239  9.708  19.831 123.5 33.690     4030      233     4049      246     19     13      4034       229      4050       240      4045       248      4028       237      4005       208      4074       271 PARcau 1.363063e-01 5.800673e-02 0.805687
    53   0       1587       2504  8.000  22.000 136.0  0.000     1584     2494     1593     2517      9     23      1584      2494      1592      2494      1592      2516      1584      2516      1559      2469      1618      2542 PARcau 4.227371e-03 3.100069e-05 0.995742
    53   1       2937        529 11.543  28.935 244.5 71.565     2923      522     2952      537     29     15      2921       528      2949       519      2952       530      2925       539      2898       497      2977       562 PARcau 1.078485e-02 9.013693e-06 0.989206
    54   2       4041        240 10.296  18.788 114.0 26.565     4032      234     4051      248     19     14      4035       231      4052       239      4047       248      4030       240      4007       209      4076       273 PARcau 1.927532e-02 1.837781e-02 0.962347
    54   1       2927        532 10.595  28.640 239.5 74.055     2914      525     2942      540     28     15      2912       531      2939       523      2943       533      2915       541      2889       500      2967       565 PARcau 6.831814e-02 1.702370e-07 0.931682
    54   0       1587       2515  7.000  21.000 125.0 90.000     1584     2505     1592     2527      8     22      1584      2505      1591      2505      1591      2526      1584      2526      1559      2480      1617      2552 PARcau 5.121015e-03 7.413463e-03 0.987465
    55   2       4043        241 10.062  19.679 124.0 26.565     4033      234     4053      248     20     14      4035       231      4053       240      4048       249      4031       240      4008       209      4078       273 PARcau 2.119060e-02 4.084789e-02 0.937962
    55   1       2921        533 10.794  27.286 236.5 75.964     2908      527     2935      541     27     14      2906       531      2933       525      2935       535      2909       542      2883       502      2960       566 PARcau 3.197435e-02 3.305750e-03 0.964720
    55   0       1587       2526  7.000  20.000 118.5 90.000     1584     2516     1592     2537      8     21      1584      2516      1591      2516      1591      2536      1584      2536      1559      2491      1617      2562 PARcau 8.473516e-03 1.000194e-03 0.990526
    56   2       4044        241 10.308  21.731 131.5 23.199     4034      235     4055      248     21     13      4035       232      4055       240      4051       250      4031       241      4009       210      4080       273 PARcau 2.224521e-01 2.800269e-01 0.497521
    56   1       2917        532 11.000  26.000 237.5 90.000     2905      527     2932      539     27     12      2905       527      2931       527      2931       538      2905       538      2880       502      2957       564 PARcau 3.358794e-01 1.850181e-02 0.645619
    56   0       1587       2536  8.000  21.000 133.0 90.000     1584     2526     1593     2548      9     22      1584      2526      1592      2526      1592      2547      1584      2547      1559      2501      1618      2573 PARcau 9.236959e-02 3.379446e-04 0.907292
    57   2       4046        242 10.595  20.718 140.0 18.435     4036      236     4057      249     21     13      4037       233      4057       240      4053       250      4034       243      4011       211      4082       274 PARcau 3.922287e-02 7.551203e-02 0.885265
    57   1       2914        529 11.543  27.115 244.0  5.711     2901      524     2929      537     28     13      2901       523      2928       525      2927       537      2900       534      2876       499      2954       562 PARcau 1.973810e-01 3.903551e-02 0.763583
    57   0       1587       2545  8.000  20.000 129.5 90.000     1584     2536     1593     2557      9     21      1584      2536      1592      2536      1592      2556      1584      2556      1559      2511      1618      2582 PARcau 2.208968e-02 2.821147e-03 0.975089
    58   2       4048        242  9.962  20.742 144.0 15.945     4038      236     4059      250     21     14      4039       235      4059       240      4056       250      4036       244      4013       211      4084       275 PARcau 4.582944e-02 2.752768e-01 0.678894
    58   1       2908        527 12.093  27.789 238.5  8.130     2895      521     2923      534     28     13      2895       519      2922       523      2921       535      2893       531      2870       496      2948       559 PARcau 5.869212e-01 1.763678e-03 0.411315
    58   0       1586       2555  8.559  20.304 131.5  9.462     1582     2546     1592     2567     10     21      1583      2545      1592      2546      1588      2566      1580      2565      1557      2521      1617      2592 PARcau 5.930640e-03 1.568534e-04 0.993913
    59   2       4050        243  9.962  20.081 145.5 18.435     4040      237     4061      250     21     13      4041       235      4060       241      4057       251      4038       244      4015       212      4086       275 PARcau 2.744064e-02 1.255944e-01 0.846965
    59   1       2901        524 11.180  27.295 235.0  9.462     2888      519     2915      532     27     13      2888       517      2915       521      2913       532      2886       528      2863       494      2940       557 PARcau 6.807707e-01 6.037854e-05 0.319169
    59   0       1583       2565  8.246  22.561 137.0 14.036     1579     2555     1590     2577     11     22      1582      2553      1590      2555      1585      2577      1577      2575      1554      2530      1615      2602 PARcau 1.937318e-03 4.429056e-04 0.997620
    60   2       4051        243 10.308  21.101 135.5 14.036     4040      238     4062      250     22     12      4041       236      4062       241      4059       251      4039       246      4015       213      4087       275 PARcau 2.470148e-03 3.313435e-03 0.994216
    60   1       2893        522 12.042  26.173 233.5  7.125     2880      517     2907      530     27     13      2880       515      2906       518      2905       530      2879       527      2855       492      2932       555 PARcau 9.603282e-02 8.639148e-05 0.903881
    60   0       1581       2573  8.860  22.192 138.5 14.036     1576     2563     1588     2585     12     22      1580      2561      1588      2563      1583      2585      1574      2582      1551      2538      1613      2610 PARcau 3.085271e-05 3.544404e-06 0.999966
    61   2       4053        244 10.198  21.378 139.5 11.310     4043      239     4064      251     21     12      4043       237      4064       241      4062       251      4041       247      4018       214      4089       276 PARcau 3.618870e-04 1.307431e-03 0.998331
    61   0       1578       2579  7.616  22.361 136.5 26.565     1573     2569     1585     2591     12     22      1570      2588      1580      2568      1587      2571      1577      2591      1548      2544      1610      2616 PARcau 1.824335e-05 8.039333e-06 0.999974
    61   1       2884        521 11.000  27.000 237.5 90.000     2871      516     2899      528     28     12      2871       516      2898       516      2898       527      2871       527      2846       491      2924       553 PARcau 7.677151e-01 1.278352e-06 0.232284
    62   2       4055        245 10.308  21.101 133.0 14.036     4044      239     4065      252     21     13      4045       237      4065       242      4063       252      4042       247      4019       214      4090       277 PARcau 1.001444e-03 3.812927e-03 0.995186
    62   0       1577       2585  8.732  22.677 141.0 14.036     1572     2575     1583     2597     11     22      1575      2573      1584      2575      1578      2597      1570      2595      1547      2550      1608      2622 PARcau 4.074793e-04 2.475326e-06 0.999590
    62   1       2876        520 11.000  27.000 230.5 90.000     2862      515     2890      527     28     12      2862       515      2889       515      2889       526      2862       526      2837       490      2915       552 PARcau 6.189945e-01 1.037764e-04 0.380902
    63   2       4056        245 10.124  20.555 140.5 18.435     4046      240     4067      253     21     13      4047       237      4067       244      4063       253      4044       247      4021       215      4092       278 PARcau 9.380607e-03 7.290795e-02 0.917711
    63   0       1576       2591  8.544  21.190 135.0 18.435     1571     2581     1582     2602     11     21      1575      2579      1583      2582      1576      2602      1568      2599      1546      2556      1607      2627 PARcau 4.172157e-04 4.863437e-06 0.999578
    63   1       2866        520 10.000  27.000 228.0 90.000     2853      515     2881      526     28     11      2853       515      2880       515      2880       525      2853       525      2828       490      2906       551 PARcau 4.017605e-01 9.165771e-05 0.598148
    64   2       4057        246 10.770  20.616 132.5 21.801     4047      240     4068      254     21     14      4049       237      4068       245      4064       255      4045       247      4022       215      4093       279 PARcau 2.859088e-03 4.069072e-02 0.956450
    64   0       1575       2595  8.382  21.360 129.0 18.435     1570     2585     1581     2606     11     21      1574      2583      1582      2586      1576      2606      1568      2604      1545      2560      1606      2631 PARcau 3.024006e-04 6.852629e-05 0.999629
    64   1       2857        520 11.000  28.000 232.5 90.000     2843      515     2872      527     29     12      2843       515      2871       515      2871       526      2843       526      2818       490      2897       552 PARcau 3.604240e-01 1.297953e-04 0.639446
    65   2       4058        247  9.962  21.030 124.0 18.435     4048      241     4069      254     21     13      4049       239      4069       245      4066       255      4046       248      4023       216      4094       279 PARcau 3.679368e-02 1.168359e-02 0.951523
    65   0       1573       2600  7.906  20.555 125.5 18.435     1568     2591     1579     2611     11     20      1572      2589      1580      2592      1573      2611      1566      2609      1543      2566      1604      2636 PARcau 7.973993e-06 2.110232e-06 0.999990
    65   1       2848        521 11.045  28.160 241.0 82.875     2834      515     2863      528     29     13      2833       517      2861       514      2862       525      2834       528      2809       490      2888       553 PARcau 8.776636e-01 3.124154e-07 0.122336
    66   2       4060        248 10.198  21.378 112.5 11.310     4049      242     4070      255     21     13      4049       241      4070       245      4068       255      4047       251      4024       217      4095       280 PARcau 1.336216e-02 1.063989e-02 0.975998
    66   0       1570       2608  8.544  19.925 109.5 18.435     1566     2599     1576     2619     10     20      1569      2597      1577      2600      1571      2619      1563      2616      1541      2574      1601      2644 PARcau 1.669273e-07 7.927234e-06 0.999992
    66   1       2838        522 11.402  28.862 231.5 75.964     2824      516     2853      529     29     13      2822       520      2850       513      2853       524      2825       531      2799       491      2878       554 PARcau 8.902537e-02 1.130507e-05 0.910963
    67   2       4062        249 10.050  19.235 118.0  9.462     4052      244     4072      255     20     11      4052       242      4071       245      4070       255      4051       252      4027       219      4097       280 PARcau 3.049032e-02 2.951880e-01 0.674322
    67   0       1568       2616  8.078  21.030 124.5 18.435     1563     2607     1574     2628     11     21      1567      2605      1575      2608      1568      2628      1561      2625      1538      2582      1599      2653 PARcau 3.056158e-04 5.662955e-03 0.994031
    67   1       2828        524 11.543  28.935 240.0 71.565     2814      518     2843      531     29     13      2812       523      2840       514      2843       525      2816       534      2789       493      2868       556 PARcau 1.497104e-01 1.024253e-06 0.850289
    68   2       4065        250 10.198  21.378 117.5 12.995     4053      244     4075      257     22     13      4053       243      4074       247      4072       257      4051       253      4028       219      4100       282 PARcau 5.891657e-02 2.143885e-01 0.726695
    68   0       1566       2624  8.732  19.780 126.5 21.801     1560     2615     1573     2634     13     19      1565      2612      1573      2616      1566      2634      1558      2631      1535      2590      1598      2659 PARcau 5.015412e-03 1.984482e-02 0.975140
    68   1       2818        526 10.920  29.568 242.0 71.565     2804      520     2833      534     29     14      2802       526      2830       516      2833       527      2805       536      2779       495      2858       559 PARcau 5.803140e-04 4.529811e-08 0.999420
    69   2       4066        251 10.689  21.477 156.5 11.310     4056      245     4078      258     22     13      4056       244      4077       248      4075       259      4054       254      4031       220      4103       283 PARcau 2.851668e-01 6.472560e-02 0.650108
    69   0       1564       2628  9.849  20.125 141.5 26.565     1558     2619     1572     2639     14     20      1564      2617      1573      2621      1564      2639      1555      2635      1533      2594      1597      2664 PARcau 1.221074e-05 1.902879e-06 0.999986
    69   1       2807        529 11.180  28.636 230.5 78.690     2794      522     2822      536     28     14      2792       526      2820       520      2822       531      2794       537      2769       497      2847       561 PARcau 9.092091e-04 2.717520e-07 0.999091
    70   2       4069        251 11.000  20.000 156.0 90.000     4059      246     4080      258     21     12      4059       246      4079       246      4079       257      4059       257      4034       221      4105       283 PARcau 1.973299e-02 1.011461e-01 0.879121
    70   0       1561       2633  9.434  21.095 143.0 30.964     1555     2625     1569     2644     14     19      1551      2640      1562      2622      1570      2627      1559      2645      1530      2600      1594      2669 PARcau 1.957771e-03 3.932646e-05 0.998003
    70   1       2796        531 10.920  29.954 238.5 75.964     2782      525     2812      539     30     14      2780       530      2809       522      2812       533      2783       540      2757       500      2837       564 PARcau 2.679207e-02 7.575248e-08 0.973208
    71   2       4071        251 11.045  22.091 170.0 84.806     4060      246     4083      258     23     12      4059       247      4081       245      4082       256      4060       258      4035       221      4108       283 PARcau 2.464744e-03 3.324277e-02 0.964293
    71   0       1556       2642  7.826  19.679 116.5 26.565     1550     2634     1563     2652     13     18      1548      2649      1557      2632      1564      2635      1555      2653      1525      2609      1588      2677 PARcau 1.712067e-06 1.499870e-07 0.999998
    71   1       2786        534 10.440  29.411 235.0 71.565     2772      528     2801      542     29     14      2770       534      2798       525      2801       535      2773       544      2747       503      2826       567 PARcau 9.078353e-02 5.840148e-05 0.909158
    72   2       4073        251 11.000  21.000 161.0 90.000     4062      246     4084      258     22     12      4062       246      4083       246      4083       257      4062       257      4037       221      4109       283 PARcau 3.100599e-02 1.685305e-01 0.800463
    72   0       1550       2650  8.485  19.799 123.0 45.000     1544     2642     1558     2659     14     17      1540      2654      1554      2640      1560      2646      1546      2660      1519      2617      1583      2684 PARcau 4.984746e-11 3.356416e-09 1.000000
    72   1       2775        537 11.180  28.178 233.5 63.435     2761      531     2790      545     29     14      2760       539      2785       526      2790       536      2765       549      2736       506      2815       570 PARcau 5.402468e-04 8.728226e-08 0.999460
    73   2       4075        251 11.000  21.000 163.5 90.000     4064      246     4086      258     22     12      4064       246      4085       246      4085       257      4064       257      4039       221      4111       283 PARcau 1.656241e-02 8.315594e-02 0.900282
    73   0       1544       2658  7.071  18.385 110.5 45.000     1537     2651     1552     2667     15     16      1535      2662      1548      2649      1553      2654      1540      2667      1512      2626      1577      2692 PARcau 5.277421e-07 1.631886e-05 0.999983
    73   1       2764        539 10.595  28.935 239.5 71.565     2751      533     2780      547     29     14      2749       539      2776       530      2780       540      2752       549      2726       508      2805       572 PARcau 3.436505e-03 3.656283e-06 0.996560
    74   2       4077        252 11.000  21.000 169.0 90.000     4066      247     4088      259     22     12      4066       247      4087       247      4087       258      4066       258      4041       222      4113       284 PARcau 6.700387e-02 4.947832e-01 0.438213
    74   0       1537       2665  7.071  18.385 112.5 45.000     1530     2658     1545     2673     15     15      1528      2669      1541      2656      1546      2661      1533      2674      1505      2633      1570      2698 PARcau 1.113708e-06 7.014499e-06 0.999992
    74   1       2754        542 11.180  29.614 240.0 77.471     2740      536     2769      549     29     13      2738       539      2767       533      2769       544      2740       550      2715       511      2794       574 PARcau 7.767215e-04 9.135189e-06 0.999214
    75   2       4077        252 11.045  19.105 150.5  5.711     4068      247     4088      259     20     12      4068       245      4087       247      4086       258      4067       256      4043       222      4113       284 PARcau 3.189130e-02 6.308774e-01 0.337231
    75   0       1529       2671  7.071  18.385 101.5 45.000     1521     2665     1537     2679     16     14      1520      2675      1533      2662      1538      2667      1525      2680      1496      2640      1562      2704 PARcau 1.532512e-04 3.220610e-05 0.999815
    75   1       2743        543 11.000  28.000 234.5 90.000     2729      538     2758      550     29     12      2729       538      2757       538      2757       549      2729       549      2704       513      2783       575 PARcau 4.756076e-04 1.177717e-04 0.999407
    76   2       4075        251  8.860  20.261 108.5 74.055     4065      247     4085      258     20     11      4063       250      4083       244      4085       253      4066       258      4040       222      4110       283 PARcau 7.159975e-03 5.720246e-02 0.935638
    76   0       1521       2677  7.778  17.678 102.0 45.000     1514     2671     1529     2684     15     13      1512      2681      1524      2668      1530      2674      1517      2686      1489      2646      1554      2709 PARcau 6.148920e-06 8.153736e-06 0.999986
    76   1       2732        545 11.000  28.000 229.0 90.000     2718      539     2747      551     29     12      2718       539      2746       539      2746       550      2718       550      2693       514      2772       576 PARcau 2.550776e-03 4.830444e-05 0.997401
    77   2       4076        250  8.000   8.000  31.0 90.000     4072      247     4081      256      9      9      4072       247      4080       247      4080       255      4072       255      4047       222      4106       281 PARcau 4.436832e-01 2.376097e-01 0.318707
    77   0       1514       2683  7.778  16.263 100.0 45.000     1507     2677     1522     2690     15     13      1505      2686      1516      2675      1522      2680      1510      2692      1482      2652      1547      2715 PARcau 1.290586e-03 4.819644e-04 0.998227
    77   1       2721        546 11.000  29.000 240.0 90.000     2707      541     2737      553     30     12      2707       541      2736       541      2736       552      2707       552      2682       516      2762       578 PARcau 4.935944e-01 6.203377e-05 0.506344
    78   0       1508       2688  7.071  16.971  90.5 45.000     1502     2682     1515     2696     13     14      1499      2692      1511      2680      1516      2685      1504      2697      1477      2657      1540      2721 PARcau 9.005549e-07 2.769508e-08 0.999999
    78   2       4065        257  8.000   9.000  42.5 90.000     4062      252     4071      262      9     10      4062       252      4070       252      4070       261      4062       261      4037       227      4096       287 PARcau 5.034466e-02 1.202571e-03 0.948453
    78   1       2711        547 11.000  29.000 237.5 90.000     2696      542     2726      554     30     12      2696       542      2725       542      2725       553      2696       553      2671       517      2751       579 PARcau 2.235152e-03 1.155093e-04 0.997649
    79   2       4071        243  7.000   9.000  45.5 90.000     4068      239     4076      249      8     10      4068       239      4075       239      4075       248      4068       248      4043       214      4101       274 PARcau 1.315720e-03 3.899213e-05 0.998645
    79   0       1502       2695  8.602  16.643  97.5 33.690     1497     2688     1509     2703     12     15      1494      2699      1503      2685      1510      2690      1501      2704      1472      2663      1534      2728 PARcau 1.534089e-06 1.997916e-07 0.999998
    79   1       2700        549 10.000  28.000 226.0 90.000     2686      544     2715      555     29     11      2686       544      2714       544      2714       554      2686       554      2661       519      2740       580 PARcau 3.585950e-01 1.041034e-05 0.641395
    80   2       4069        241  9.899  11.314  85.0 45.000     4065      235     4075      249     10     14      4069       234      4077       242      4070       249      4062       241      4040       210      4100       274 PARcau 3.941400e-01 7.740227e-02 0.528458
    80   0       1498       2702  7.433  15.692  86.0 21.801     1493     2695     1504     2710     11     15      1497      2693      1504      2696      1498      2710      1491      2708      1468      2670      1529      2735 PARcau 5.178428e-07 2.755121e-08 0.999999
    80   1       2690        550 10.548  28.218 226.5 82.875     2676      545     2705      557     29     12      2675       547      2703       544      2704       554      2676       558      2651       520      2730       582 PARcau 6.996719e-01 4.638457e-07 0.300328
    81   2       4068        239  9.605  16.101 119.0 53.130     4062      233     4076      248     14     15      4067       230      4076       243      4069       249      4059       236      4037       208      4101       273 PARcau 7.687876e-01 7.981610e-02 0.151396
    81   0       1493       2709  5.657  13.454  55.5 45.000     1490     2703     1499     2716      9     13      1487      2712      1496      2702      1500      2706      1491      2716      1465      2678      1524      2741 PARcau 2.147509e-05 3.235015e-07 0.999978
    81   1       2679        552 11.000  28.000 236.0 90.000     2665      547     2694      559     29     12      2665       547      2693       547      2693       558      2665       558      2640       522      2719       584 PARcau 4.588546e-01 8.708183e-05 0.541058
    82   2       4067        238  9.899  16.279 134.5 45.000     4061      231     4076      247     15     16      4065       229      4077       240      4070       247      4058       236      4036       206      4101       272 PARcau 3.330939e-01 5.529001e-02 0.611616
    82   1       2669        553 11.000  28.000 228.5 90.000     2655      548     2684      560     29     12      2655       548      2683       548      2683       559      2655       559      2630       523      2709       585 PARcau 7.546745e-01 8.925214e-06 0.245317
    83   2       4066        237 10.607  17.678 148.0 45.000     4059      230     4076      246     17     16      4064       227      4077       239      4069       247      4057       234      4034       205      4101       271 PARcau 2.444266e-01 8.440168e-02 0.671172
    83   1       2658        555 11.045  27.166 218.0 83.660     2645      550     2673      562     28     12      2644       551      2671       548      2672       559      2645       562      2620       525      2698       587 PARcau 5.083554e-03 5.647588e-04 0.994352
    84   2       4065        236 11.314  18.385 150.0 45.000     4058      229     4075      246     17     17      4063       226      4076       239      4068       247      4055       234      4033       204      4100       271 PARcau 2.135109e-01 9.456670e-02 0.691922
    84   1       2648        556 10.000  27.000 213.5 90.000     2635      551     2663      562     28     11      2635       551      2662       551      2662       561      2635       561      2610       526      2688       587 PARcau 7.319210e-03 7.232469e-05 0.992608
    84   0       1475       2735  4.243   9.220  27.5 45.000     1472     2732     1480     2740      8      8      1471      2737      1477      2730      1480      2733      1474      2740      1447      2707      1505      2765 PARcau 3.564700e-03 2.139915e-05 0.996414
    85   2       4065        236 11.314  18.385 148.5 45.000     4058      229     4075      245     17     16      4063       225      4076       238      4068       246      4055       233      4033       204      4100       270 PARcau 4.434431e-01 2.504089e-02 0.531516
    85   1       2639        556 10.000  27.000 223.5 90.000     2626      552     2654      563     28     11      2626       552      2653       552      2653       562      2626       562      2601       527      2679       588 PARcau 6.563778e-01 3.962096e-05 0.343583
    85   0       1468       2741  5.657  12.728  53.0 45.000     1463     2737     1474     2748     11     11      1461      2744      1470      2735      1474      2739      1465      2748      1438      2712      1499      2773 PARcau 2.638089e-04 3.422569e-05 0.999702
    86   2       4064        235 10.607  19.092 124.0 45.000     4057      229     4074      245     17     16      4062       225      4075       238      4068       246      4054       232      4032       204      4099       270 PARcau 2.271064e-01 5.942493e-02 0.713469
    86   1       2630        556 11.045  28.071 226.0 85.601     2616      551     2645      563     29     12      2615       552      2643       550      2644       561      2616       563      2591       526      2670       588 PARcau 6.913002e-03 2.518136e-04 0.992835
    86   0       1460       2748  5.657  12.728  52.0 45.000     1455     2744     1466     2754     11     10      1453      2751      1462      2742      1466      2746      1457      2755      1430      2719      1491      2779 PARcau 4.479564e-05 1.396012e-05 0.999941
    87   2       4063        235  9.862  18.608 103.0 30.964     4057      229     4073      245     16     16      4059       227      4075       236      4070       245      4054       235      4032       204      4098       270 PARcau 3.808711e-01 1.097195e-01 0.509409
    87   1       2621        556 10.000  28.000 227.5 90.000     2607      551     2636      562     29     11      2607       551      2635       551      2635       561      2607       561      2582       526      2661       587 PARcau 1.027582e-02 5.641702e-04 0.989160
    87   0       1452       2754  5.657  15.556  66.0 45.000     1446     2749     1459     2761     13     12      1444      2758      1455      2747      1459      2751      1448      2762      1421      2724      1484      2786 PARcau 2.343702e-06 1.001036e-08 0.999998
    88   2       4063        234  9.301  14.916  75.0 38.660     4057      229     4070      242     13     13      4059       226      4071       235      4065       243      4054       233      4032       204      4095       267 PARcau 6.662197e-01 5.999052e-02 0.273790
    88   1       2611        555 10.000  28.000 228.5 90.000     2597      551     2626      562     29     11      2597       551      2625       551      2625       561      2597       561      2572       526      2651       587 PARcau 5.955159e-01 2.150254e-04 0.404269
    88   0       1445       2760  5.657  16.971  80.5 45.000     1439     2754     1452     2768     13     14      1437      2764      1449      2752      1453      2756      1441      2768      1414      2729      1477      2793 PARcau 2.052752e-03 1.401887e-05 0.997933
    89   2       4061        233  6.946  10.735  36.0 63.435     4058      229     4067      240      9     11      4056       230      4062       227      4067       236      4061       240      4033       204      4092       265 PARcau 3.744948e-01 2.969542e-02 0.595810
    89   1       2602        554 10.000  28.000 228.5 90.000     2588      550     2617      561     29     11      2588       550      2616       550      2616       560      2588       560      2563       525      2642       586 PARcau 9.342896e-01 2.571799e-05 0.065685
    89   0       1438       2766  7.778  17.678 104.0 45.000     1432     2760     1446     2775     14     15      1429      2770      1442      2758      1447      2763      1435      2776      1407      2735      1471      2800 PARcau 3.629596e-03 1.906198e-03 0.994464
    90   1       2593        554 10.000  28.000 230.5 90.000     2579      549     2608      560     29     11      2579       549      2607       549      2607       559      2579       559      2554       524      2633       585 PARcau 8.223102e-02 2.659583e-04 0.917503
    90   0       1433       2773  7.632  19.138 111.5 33.690     1427     2766     1441     2782     14     16      1425      2779      1435      2763      1442      2767      1431      2783      1402      2741      1466      2807 PARcau 4.812212e-04 8.146301e-04 0.998704
    91   0       1428       2781  7.906  20.940 131.0 33.690     1422     2772     1436     2791     14     19      1419      2787      1431      2770      1437      2774      1426      2792      1397      2747      1461      2816 PARcau 2.023059e-05 1.164109e-05 0.999968
    91   1       2583        552 10.000  29.000 232.5 90.000     2569      548     2599      559     30     11      2569       548      2598       548      2598       558      2569       558      2544       523      2624       584 PARcau 1.354474e-01 1.027170e-03 0.863525
    92   0       1423       2788  8.485  21.213 142.5 45.000     1417     2780     1432     2799     15     19      1413      2793      1428      2778      1434      2784      1419      2799      1392      2755      1457      2824 PARcau 3.802050e-02 3.763667e-02 0.924343
    92   1       2574        551 10.000  27.000 223.0 90.000     2561      547     2589      558     28     11      2561       547      2588       547      2588       557      2561       557      2536       522      2614       583 PARcau 3.436027e-02 9.476847e-04 0.964692
    93   1       2565        550 10.548  27.226 222.5  8.130     2552      545     2580      557     28     12      2552       543      2579       546      2578       557      2551       553      2527       520      2605       582 PARcau 7.401177e-03 5.793109e-04 0.992019
    93   0       1418       2796  8.485  21.213 143.0 45.000     1411     2788     1426     2807     15     19      1407      2801      1422      2786      1428      2792      1413      2807      1386      2763      1451      2832 PARcau 2.705427e-02 4.801432e-02 0.924931
    94   1       2555        548 10.000  28.000 217.5 90.000     2542      544     2571      555     29     11      2542       544      2570       544      2570       554      2542       554      2517       519      2596       580 PARcau 1.973950e-02 7.235355e-08 0.980260
    94   0       1411       2804  8.485  24.042 171.5 45.000     1403     2795     1422     2815     19     20      1400      2810      1417      2793      1423      2799      1406      2816      1378      2770      1447      2840 PARcau 1.009560e-02 2.239399e-02 0.967510
    95   1       2546        547 10.689  28.359 224.5  9.462     2533      542     2561      554     28     12      2533       539      2561       544      2559       554      2531       550      2508       517      2586       579 PARcau 5.748182e-02 2.093594e-05 0.942497
    95   0       1404       2810  8.485  24.042 171.5 45.000     1395     2802     1415     2820     20     18      1393      2816      1410      2799      1416      2805      1399      2822      1370      2777      1440      2845 PARcau 8.244894e-03 2.184818e-06 0.991753
    96   1       2537        545 11.180  27.459 228.0 11.310     2523      540     2552      553     29     13      2524       537      2551       542      2549       553      2522       548      2498       515      2577       578 PARcau 5.639832e-02 1.269722e-05 0.943589
    96   0       1399       2814  9.899  16.971 121.0 45.000     1392     2808     1408     2822     16     14      1389      2817      1401      2805      1408      2812      1396      2824      1367      2783      1433      2847 PARcau 2.953346e-06 2.403943e-08 0.999997
    97   1       2527        544 11.000  27.000 224.0 90.000     2514      539     2542      551     28     12      2514       539      2541       539      2541       550      2514       550      2489       514      2567       576 PARcau 4.477422e-03 1.210270e-06 0.995521
    97   0       1395       2816  7.000   9.000  49.5 90.000     1391     2813     1401     2821     10      8      1391      2813      1400      2813      1400      2820      1391      2820      1366      2788      1426      2846 PARcau 1.406113e-03 3.054928e-04 0.998288
    98   1       2518        543 11.000  27.000 221.5 90.000     2504      538     2532      550     28     12      2504       538      2531       538      2531       549      2504       549      2479       513      2557       575 PARcau 1.479187e-01 2.927960e-05 0.852052
    99   1       2508        541 10.440  25.710 213.0 14.036     2496      536     2522      549     26     13      2497       533      2522       539      2519       549      2494       543      2471       511      2547       574 PARcau 8.959760e-03 7.748371e-05 0.990963
    99   5        310       1070  5.000   9.000  28.0  0.000      308     1066      314     1076      6     10       308      1066       313      1066       313      1075       308      1075       283      1041       339      1101 PARcau 5.661998e-02 1.124119e-02 0.932139
   100   5        310       1072  6.000  12.000  45.5  0.000      308     1066      315     1079      7     13       308      1066       314      1066       314      1078       308      1078       283      1041       340      1104 PARcau 3.207805e-01 1.906763e-02 0.660152
   100   1       2499        540 11.281  25.986 217.0 11.310     2487      535     2513      548     26     13      2487       532      2513       537      2510       548      2485       543      2462       510      2538       573 PARcau 1.989763e-01 1.162398e-02 0.789400
   101   5        310       1075  7.000  16.000  72.0  0.000      307     1067      315     1084      8     17       307      1067       314      1067       314      1083       307      1083       282      1042       340      1109 PARcau 2.682143e-01 3.333716e-02 0.698448
   101   1       2490        539 11.000  25.000 209.5 90.000     2478      534     2504      546     26     12      2478       534      2503       534      2503       545      2478       545      2453       509      2529       571 PARcau 1.430818e-02 9.567804e-04 0.984735
   101   2       4053        234  5.831  10.000  43.0 33.690     4049      230     4058      239      9      9      4050       228      4058       234      4055       239      4047       233      4024       205      4083       264 PARcau 9.531207e-02 1.593904e-02 0.888749
   102   2       4051        233  8.000  12.000  73.0 90.000     4045      230     4058      239     13      9      4045       230      4057       230      4057       238      4045       238      4020       205      4083       264 PARcau 2.712872e-02 5.072025e-03 0.967799
   102   5        310       1079  8.000  15.000  76.5  0.000      307     1071      316     1087      9     16       307      1071       315      1071       315      1086       307      1086       282      1046       341      1112 PARcau 7.375920e-02 3.053229e-03 0.923187
   102   1       2481        539 11.000  25.000 212.5 90.000     2469      534     2495      546     26     12      2469       534      2494       534      2494       545      2469       545      2444       509      2520       571 PARcau 1.605737e-02 3.252874e-03 0.980690
   103   5        310       1082  7.000  17.000  79.5 90.000      307     1073      315     1091      8     18       307      1073       314      1073       314      1090       307      1090       282      1048       340      1116 PARcau 5.922343e-02 9.755439e-03 0.931021
   103   2       4048        233 10.000  13.000  87.0 90.000     4042      230     4056      241     14     11      4042       230      4055       230      4055       240      4042       240      4017       205      4081       266 PARcau 1.763038e-01 6.175173e-03 0.817521
   103   1       2472        538 10.000  26.000 213.0 90.000     2459      534     2486      545     27     11      2459       534      2485       534      2485       544      2459       544      2434       509      2511       570 PARcau 7.053407e-02 3.870582e-04 0.929079
   104   5        310       1085  8.000  18.000  93.0 90.000      307     1077      316     1096      9     19       307      1077       315      1077       315      1095       307      1095       282      1052       341      1121 PARcau 7.358722e-02 3.084686e-03 0.923328
   104   2       4046        234  8.559  18.062  97.5 84.806     4036      230     4055      240     19     10      4035       230      4053       229      4054       237      4036       239      4011       205      4080       265 PARcau 9.468214e-02 5.329244e-03 0.899989
   104   1       2462        538 10.000  26.000 207.0 90.000     2449      534     2476      545     27     11      2449       534      2475       534      2475       544      2449       544      2424       509      2501       570 PARcau 5.987357e-01 4.208036e-03 0.397056
   105   2       4043        234  8.631  18.668 110.0 81.870     4034      230     4054      240     20     10      4033       231      4051       228      4053       237      4034       239      4009       205      4079       265 PARcau 2.992653e-01 6.850815e-02 0.632227
   105   5        310       1089  8.000  19.000 115.5 90.000      306     1080      315     1100      9     20       306      1080       314      1080       314      1099       306      1099       281      1055       340      1125 PARcau 7.970074e-02 5.090832e-03 0.915208
   105   1       2452        539 10.000  26.000 204.5 90.000     2440      534     2467      545     27     11      2440       534      2466       534      2466       544      2440       544      2415       509      2492       570 PARcau 5.488061e-02 8.255893e-03 0.936863
   106   2       4046        233  7.566  13.086  61.0 81.870     4039      230     4053      239     14      9      4038       231      4051       229      4052       237      4039       238      4014       205      4078       264 PARcau 5.929165e-02 1.052846e-01 0.835424
   106   5        310       1094  8.000  18.000 104.0 90.000      306     1085      315     1104      9     19       306      1085       314      1085       314      1103       306      1103       281      1060       340      1129 PARcau 3.514692e-02 1.731801e-03 0.963121
   106   1       2442        539 10.000  26.000 198.5 90.000     2429      535     2456      546     27     11      2429       535      2455       535      2455       545      2429       545      2404       510      2481       571 PARcau 4.101165e-02 2.475575e-03 0.956513
   107   2       4045        233  6.708  12.083  46.5 26.565     4039      231     4052      239     13      8      4041       228      4052       233      4049       239      4038       234      4014       206      4077       264 PARcau 5.637071e-02 1.167819e-02 0.931951
   107   5        310       1097  8.000  16.000  97.5  0.000      306     1089      315     1106      9     17       306      1089       314      1089       314      1105       306      1105       281      1064       340      1131 PARcau 9.934822e-02 4.917048e-03 0.895735
   107   1       2435        539 10.000  26.000 207.5 90.000     2422      534     2449      545     27     11      2422       534      2448       534      2448       544      2422       544      2397       509      2474       570 PARcau 2.652138e-02 3.018922e-03 0.970460
   108   5        310       1099  8.000  16.000  88.0 90.000      306     1091      315     1108      9     17       306      1091       314      1091       314      1107       306      1107       281      1066       340      1133 PARcau 4.057273e-02 2.939514e-03 0.956488
   108   1       2432        537 10.000  23.000 191.5 90.000     2421      533     2445      544     24     11      2421       533      2444       533      2444       543      2421       543      2396       508      2470       569 PARcau 2.288468e-03 6.279540e-04 0.997084
   109   1       2432        535 11.180  23.707 195.0 26.565     2421      528     2444      543     23     15      2424       524      2445       535      2440       545      2419       534      2396       503      2469       568 PARcau 5.369005e-02 3.164566e-03 0.943145
   109   5        310       1101  7.000  15.000  74.5 90.000      307     1094      315     1110      8     16       307      1094       314      1094       314      1109       307      1109       282      1069       340      1135 PARcau 4.925462e-02 4.235103e-03 0.946510
   110   5        310       1102  7.000  14.000  62.0 90.000      307     1096      315     1111      8     15       307      1096       314      1096       314      1110       307      1110       282      1071       340      1136 PARcau 6.742988e-02 2.895930e-03 0.929674
   110   1       2429        531 11.236  20.524 179.0 33.690     2420      525     2440      540     20     15      2423       521      2440       532      2434       542      2417       530      2395       500      2465       565 PARcau 3.878091e-02 1.972413e-04 0.961022
   111   1       2425        527 12.042  19.799 179.5 45.000     2416      521     2435      536     19     15      2422       516      2436       530      2428       539      2414       525      2391       496      2460       561 PARcau 4.835027e-02 3.144412e-04 0.951335
   111   2       4030        234  7.778   9.192  42.0 45.000     4026      231     4037      240     11      9      4031       228      4037       235      4032       240      4025       234      4001       206      4062       265 PARcau 3.221017e-01 8.846508e-03 0.669052
   112   2       4029        234  8.944  10.296  52.0 26.565     4025      230     4037      240     12     10      4027       227      4036       232      4032       240      4023       235      4000       205      4062       265 PARcau 2.600882e-01 3.117213e-02 0.708740
   112   1       2421        523 12.021  20.506 183.5 45.000     2412      516     2431      533     19     17      2418       512      2432       526      2424       535      2409       520      2387       491      2456       558 PARcau 5.785650e-02 2.596861e-03 0.939547
   113   2       4029        234  8.602   9.220  52.0 38.660     4025      230     4037      240     12     10      4029       227      4036       232      4030       239      4023       234      4000       205      4062       265 PARcau 3.117674e-01 1.738258e-02 0.670850
   113   1       2417        519 12.540  21.243 198.0 26.565     2409      511     2428      529     19     18      2410       509      2429       518      2424       530      2405       520      2384       486      2453       554 PARcau 9.113679e-03 9.976530e-04 0.989889
   114   2       4029        234  8.732  12.258  50.5 11.310     4025      230     4038      240     13     10      4025       228      4037       231      4035       239      4023       237      4000       205      4063       265 PARcau 1.736006e-01 6.051956e-02 0.765880
   114   1       2414        515 12.042  21.213 184.5 45.000     2407      507     2424      524     17     17      2411       503      2426       518      2418       527      2403       512      2382       482      2449       549 PARcau 1.826457e-02 5.475732e-04 0.981188
   115   2       4028        234  7.000  12.000  53.0 90.000     4023      231     4036      239     13      8      4023       231      4035       231      4035       238      4023       238      3998       206      4061       264 PARcau 1.558254e-01 3.347614e-02 0.810698
   115   1       2411        510 11.314  18.385 178.5 45.000     2404      502     2421      520     17     18      2409       500      2422       513      2414       521      2401       508      2379       477      2446       545 PARcau 1.378673e-01 1.525297e-02 0.846880
   116   2       4026        234  8.062  13.342  58.0 78.690     4020      231     4034      240     14      9      4019       232      4032       229      4033       237      4020       240      3995       206      4059       265 PARcau 6.842991e-02 3.136874e-03 0.928433
   116   1       2409        506 11.314  19.799 173.5 45.000     2402      498     2418      516     16     18      2406       495      2420       509      2412       517      2398       503      2377       473      2443       541 PARcau 5.369675e-03 3.691872e-03 0.990938
   117   2       4023        235  7.000  13.000  58.5 90.000     4018      232     4032      240     14      8      4018       232      4031       232      4031       239      4018       239      3993       207      4057       265 PARcau 1.175983e-01 4.692300e-02 0.835479
   117   1       2406        502 12.042  18.385 168.5 45.000     2400      494     2415      511     15     17      2404       491      2417       504      2409       513      2396       500      2375       469      2440       536 PARcau 1.650599e-02 9.637227e-02 0.887122
   118   2       4022        235  9.000  15.000  76.0 90.000     4015      231     4031      241     16     10      4015       231      4030       231      4030       240      4015       240      3990       206      4056       266 PARcau 7.106320e-01 2.295331e-02 0.266415
   118   1       2404        499 12.042  16.971 163.0 45.000     2398      491     2413      508     15     17      2403       489      2415       501      2406       509      2394       497      2373       466      2438       533 PARcau 2.060224e-02 3.487279e-01 0.630670
   119   2       4022        235  9.000  13.000  65.5 90.000     4016      231     4030      241     14     10      4016       231      4029       231      4029       240      4016       240      3991       206      4055       266 PARcau 5.788822e-01 4.384721e-02 0.377271
   119   1       2402        497 12.021  16.263 146.0 45.000     2396      490     2411      505     15     15      2401       487      2413       499      2404       507      2393       496      2371       465      2436       530 PARcau 3.462560e-04 7.901190e-01 0.209535
   120   1       2401        496 13.000  14.000 138.0 90.000     2394      490     2409      504     15     14      2394       490      2408       490      2408       503      2394       503      2369       465      2434       529 PARcau 4.599023e-03 6.406407e-01 0.354760
   120   2       4022        235  6.000  11.000  39.0 90.000     4018      233     4030      240     12      7      4018       233      4029       233      4029       239      4018       239      3993       208      4055       265 PARcau 5.425481e-01 4.093048e-02 0.416521
   121   1       2398        496 12.000  15.000 137.5 90.000     2391      491     2407      504     16     13      2391       491      2406       491      2406       503      2391       503      2366       466      2432       529 PARcau 4.987586e-05 9.800300e-01 0.019920
   122   1       2395        496 12.000  16.000 148.0 90.000     2387      491     2404      504     17     13      2387       491      2403       491      2403       503      2387       503      2362       466      2429       529 PARcau 3.396848e-04 9.479607e-01 0.051700
   123   1       2390        496 11.000  19.000 173.5 90.000     2381      491     2401      503     20     12      2381       491      2400       491      2400       502      2381       502      2356       466      2426       528 PARcau 2.161302e-02 3.490264e-01 0.629361
   123   2       4023        242  5.657  11.314  50.0 45.000     4019      238     4028      248      9     10      4017       244      4025       236      4029       240      4021       248      3994       213      4053       273 PARcau 2.525740e-01 1.375747e-03 0.746050
   124   1       2386        495 12.000  21.000 185.0 90.000     2376      490     2398      503     22     13      2376       490      2397       490      2397       502      2376       502      2351       465      2423       528 PARcau 1.288550e-01 1.307109e-01 0.740434
   124   2       4023        243  7.778  13.435  76.0 45.000     4018      238     4029      250     11     12      4016       246      4025       236      4031       242      4021       251      3993       213      4054       275 PARcau 1.110822e-01 7.586039e-03 0.881332
   125   2       4023        244  8.485  14.142  96.5 45.000     4018      238     4029      252     11     14      4015       247      4025       237      4031       243      4021       253      3993       213      4054       277 PARcau 2.594433e-01 8.713072e-05 0.740470
   125   1       2381        493 11.402  24.042 200.5 15.945     2371      487     2394      501     23     14      2371       484      2394       491      2391       502      2368       495      2346       462      2419       526 PARcau 6.536526e-01 2.639380e-04 0.346083
   126   2       4022        245  9.618  14.983  99.5 26.565     4017      239     4030      253     13     14      4021       236      4030       240      4023       254      4015       249      3992       214      4055       278 PARcau 9.023179e-01 7.588307e-04 0.096923
   126   1       2375        490 11.424  25.348 216.0 21.801     2364      483     2388      499     24     16      2365       480      2389       489      2384       500      2361       490      2339       458      2413       524 PARcau 3.936158e-04 7.655942e-07 0.999606
   127   2       4022        245 10.000  14.213 100.5 38.660     4017      239     4029      254     12     15      4014       248      4023       237      4031       243      4022       254      3992       214      4054       279 PARcau 3.160782e-01 2.538858e-04 0.683668
   127   1       2368        487 11.402  24.352 208.5 18.435     2357      480     2381      495     24     15      2358       477      2381       485      2378       496      2355       488      2332       455      2406       520 PARcau 4.575805e-04 7.573584e-07 0.999542
   128   2       4022        246  9.014  14.705  91.5 36.870     4018      239     4029      254     11     15      4015       249      4023       237      4031       242      4022       254      3993       214      4054       279 PARcau 3.881048e-01 2.670453e-04 0.611628
   128   1       2361        484 11.068  24.668 212.5 18.435     2350      478     2375      492     25     14      2351       475      2375       483      2371       493      2348       486      2325       453      2400       517 PARcau 3.210737e-01 3.252961e-03 0.675673
   129   2       4022        246  8.485  14.142  88.0 45.000     4018      240     4029      254     11     14      4015       248      4025       238      4031       244      4021       254      3993       215      4054       279 PARcau 8.762954e-01 1.437522e-03 0.122267
   129   1       2354        481 12.298  25.045 225.5 26.565     2342      475     2368      490     26     15      2345       470      2368       481      2362       492      2340       481      2317       450      2393       515 PARcau 1.745967e-03 7.064263e-04 0.997548
   130   2       4023        246  8.860  13.946  70.0 14.036     4018      241     4029      255     11     14      4020       239      4028       241      4025       255      4016       252      3993       216      4054       280 PARcau 3.548780e-01 4.586205e-04 0.644663
   130   1       2346        478 11.180  25.942 212.5 26.565     2334      472     2360      486     26     14      2337       467      2360       479      2355       489      2332       477      2309       447      2385       511 PARcau 4.882602e-03 6.077660e-05 0.995057
   131   2       4023        247  7.778  13.435  62.5 45.000     4018      242     4031      255     13     13      4016       248      4025       239      4031       244      4021       254      3993       217      4056       280 PARcau 5.438858e-01 9.930836e-04 0.455121
   131   1       2338        475 10.920  26.405 224.5 18.435     2326      469     2352      483     26     14      2327       466      2352       474      2349       485      2324       476      2301       444      2377       508 PARcau 6.632072e-03 2.356388e-06 0.993366
   132   1       2330        472 11.543  27.042 230.0 18.435     2318      466     2344      480     26     14      2319       462      2344       471      2341       482      2315       473      2293       441      2369       505 PARcau 5.663064e-02 2.196901e-04 0.943150
   133   2       4023        250  4.610  13.124  28.0 41.186     4018      245     4030      257     12     12      4017       253      4025       243      4029       246      4020       256      3993       220      4055       282 PARcau 1.209585e-01 7.754418e-05 0.878964
   133   1       2322        469 11.068  26.879 222.0 18.435     2310      463     2336      477     26     14      2311       459      2337       468      2333       478      2308       470      2285       438      2361       502 PARcau 7.127981e-03 1.578669e-04 0.992714
   134   1       2314        465 11.402  26.926 237.5 15.945     2301      459     2328      474     27     15      2302       456      2328       463      2325       474      2299       467      2276       434      2353       499 PARcau 3.779752e-03 3.455937e-06 0.996217
   135   2       4019        254  4.243  14.142  29.0 45.000     4015      249     4027      260     12     11      4014       257      4024       247      4027       250      4017       260      3990       224      4052       285 PARcau 9.801432e-01 4.199993e-05 0.019815
   135   1       2305        462 11.402  28.460 240.5 18.435     2292      456     2320      470     28     14      2293       452      2320       461      2317       472      2290       463      2267       431      2345       495 PARcau 6.072801e-01 2.634675e-05 0.392693
   136   2       4018        256  7.071  16.279  48.5 45.000     4014      249     4027      262     13     13      4012       258      4023       246      4028       251      4017       263      3989       224      4052       287 PARcau 9.972862e-01 6.435550e-05 0.002650
   136   1       2297        459 11.885  27.771 245.5 14.036     2284      453     2312      467     28     14      2285       450      2312       456      2309       468      2282       461      2259       428      2337       492 PARcau 5.080806e-01 6.752341e-06 0.491913
   137   2       4017        257  7.071  13.454  64.5 45.000     4012      252     4024      264     12     12      4010       259      4020       250      4025       255      4015       264      3987       227      4049       289 PARcau 9.139049e-01 3.390460e-02 0.052190
   137   1       2288        455 11.769  28.045 243.5 11.310     2275      449     2303      463     28     14      2275       447      2303       452      2300       464      2273       458      2250       424      2328       488 PARcau 3.169053e-01 6.819172e-06 0.683088
   137   6       1284        283  7.566   8.139  28.0 80.538     1280      280     1289      289      9      9      1279       280      1287       279      1288       286      1280       288      1255       255      1314       314 PARcau 1.148939e-01 2.135536e-01 0.671552
   138   2       4016        257  9.000  11.000  53.5 90.000     4013      252     4023      264     10     12      4013       252      4022       252      4022       263      4013       263      3988       227      4048       289 PARcau 9.585962e-01 4.228651e-04 0.040981
   138   1       2280        452 11.402  27.893 246.0 14.036     2267      446     2295      460     28     14      2268       443      2295       450      2292       461      2265       454      2242       421      2320       485 PARcau 4.332509e-04 9.485912e-06 0.999557
   139   2       4017        256  6.265  10.548  36.0 59.036     4014      252     4023      262      9     10      4012       256      4021       251      4024       256      4015       262      3989       227      4048       287 PARcau 9.259088e-01 8.942728e-04 0.073197
   139   1       2272        448 11.769  28.045 243.5 11.310     2259      442     2287      457     28     15      2259       440      2287       446      2284       457      2257       452      2234       417      2312       482 PARcau 8.578550e-04 1.060396e-04 0.999036
   140   1       2264        444 11.705  27.857 240.0 20.556     2252      437     2279      453     27     16      2253       434      2279       444      2275       455      2249       445      2227       412      2304       478 PARcau 1.017271e-03 6.650815e-07 0.998982
   141   1       2257        440 11.424  27.577 237.0 22.620     2245      432     2270      449     25     17      2246       430      2271       440      2267       451      2241       440      2220       407      2295       474 PARcau 1.506388e-02 1.351028e-03 0.983585
   141   5        311       1157  4.243   9.899  26.0 45.000      308     1154      316     1162      8      8       309      1152       316      1159       313      1162       306      1155       283      1129       341      1187 PARcau 2.100357e-01 1.199889e-03 0.788764
   142   5        312       1157  5.385  11.180  34.0 26.565      308     1154      318     1163     10      9       308      1153       318      1158       316      1163       306      1158       283      1129       343      1188 PARcau 5.263031e-01 3.966653e-03 0.469730
   142   1       2250        435 11.236  27.735 244.0 33.690     2238      427     2263      446     25     19      2241       423      2264       438      2258       448      2235       432      2213       402      2288       471 PARcau 1.838953e-02 1.391940e-04 0.981471
   143   5        313       1158  6.403  12.806  51.5 38.660      308     1154      320     1165     12     11       310      1152       320      1160       316      1165       306      1157       283      1129       345      1190 PARcau 7.330168e-02 7.019143e-04 0.925996
   143   1       2243        430 11.402  27.203 238.5 36.870     2232      422     2256      441     24     19      2235       418      2257       434      2250       443      2228       427      2207       397      2281       466 PARcau 1.412886e-02 1.765034e-04 0.985695
   143   2       4028        254  6.000   7.000  35.5 90.000     4025      252     4033      259      8      7      4025       252      4032       252      4032       258      4025       258      4000       227      4058       284 PARcau 5.529288e-01 1.098090e-01 0.337262
   144   5        315       1160  7.071  14.142  67.0 45.000      308     1156      322     1167     14     11       312      1152       322      1162       317      1167       307      1157       283      1131       347      1192 PARcau 3.617008e-03 2.513696e-05 0.996358
   144   2       4029        255  9.000  10.000  61.5 90.000     4025      251     4036      261     11     10      4025       251      4035       251      4035       260      4025       260      4000       226      4061       286 PARcau 1.368197e-02 2.646245e-04 0.986053
   144   1       2237        426 11.314  26.870 233.5 45.000     2226      417     2249      437     23     20      2231       412      2250       431      2242       439      2223       420      2201       392      2274       462 PARcau 2.892652e-05 2.773878e-05 0.999943
   144   6       1293        275  5.590   7.159  26.5 11.310     1290      273     1298      280      8      7      1290       272      1297       273      1296       279      1289       277      1265       248      1323       305 PARcau 2.051266e-01 3.210302e-03 0.791663
   145   5        316       1161  7.810  15.556  76.0 45.000      309     1156      324     1167     15     11       313      1152       324      1163       318      1168       307      1157       284      1131       349      1192 PARcau 7.632623e-01 5.193666e-04 0.236218
   145   2       4030        255  9.000  12.000  78.5 90.000     4025      251     4038      261     13     10      4025       251      4037       251      4037       260      4025       260      4000       226      4063       286 PARcau 2.877269e-01 1.007489e-01 0.611524
   145   6       1295        274  7.382  10.512  57.0 63.435     1290      271     1302      280     12      9      1289       274      1298       269      1302       276      1292       280      1265       246      1327       305 PARcau 7.077967e-02 5.735473e-07 0.929220
   145   1       2230        421 11.314  26.870 236.0 45.000     2220      412     2242      433     22     21      2225       408      2244       427      2236       435      2217       416      2195       387      2267       458 PARcau 1.406051e-03 4.924723e-04 0.998102
   146   5        317       1161  8.201  16.101  79.0 36.870      310     1156      325     1167     15     11       313      1153       326      1162       321      1169       308      1159       285      1131       350      1192 PARcau 1.371418e-02 8.850599e-05 0.986197
   146   2       4031        255  8.382  13.124  84.0 18.435     4025      251     4038      262     13     11      4026       249      4038       253      4036       261      4023       257      4000       226      4063       287 PARcau 4.335986e-01 3.685009e-02 0.529551
   146   6       1296        274  7.000  14.000  67.5 90.000     1289      271     1304      279     15      8      1289       271      1303       271      1303       278      1289       278      1264       246      1329       304 PARcau 1.665952e-04 9.231617e-08 0.999833
   146   1       2224        417 11.402  27.019 230.0 39.806     2214      407     2236      428     22     21      2217       404      2238       421      2231       430      2210       413      2189       382      2261       453 PARcau 2.759087e-03 2.978611e-03 0.994262
   147   2       4031        255 10.000  11.000  82.5 90.000     4026      251     4038      262     12     11      4026       251      4037       251      4037       261      4026       261      4001       226      4063       287 PARcau 3.162596e-04 8.372097e-07 0.999683
   147   5        319       1161  8.382  14.396  84.0 18.435      313     1156      327     1168     14     12       314      1155       327      1160       325      1168       311      1163       288      1131       352      1193 PARcau 1.923112e-02 5.242642e-05 0.980716
   147   6       1298        274  7.000  15.000  80.0 90.000     1291      271     1307      279     16      8      1291       271      1306       271      1306       278      1291       278      1266       246      1332       304 PARcau 1.639065e-03 1.621949e-04 0.998199
   147   1       2218        413 11.314  25.456 231.5 45.000     2207      404     2230      424     23     20      2213       400      2231       418      2223       426      2205       408      2182       379      2255       449 PARcau 7.366200e-03 8.110033e-03 0.984524
   148   6       1299        274  7.000  17.000  73.5 90.000     1291      271     1309      279     18      8      1291       271      1308       271      1308       278      1291       278      1266       246      1334       304 PARcau 2.658663e-03 2.599589e-03 0.994742
   148   2       4031        255  8.500  14.534  70.5 26.565     4026      251     4039      263     13     12      4027       249      4040       255      4036       263      4023       256      4001       226      4064       288 PARcau 8.354148e-02 2.068835e-03 0.914390
   148   5        322       1162 10.000  15.000  88.0 90.000      314     1158      330     1169     16     11       314      1158       329      1158       329      1168       314      1168       289      1133       355      1194 PARcau 3.555347e-02 6.421563e-06 0.964440
   148   1       2212        410 11.662  26.627 233.0 33.690     2201      401     2224      420     23     19      2203       397      2225       412      2219       422      2197       407      2176       376      2249       445 PARcau 1.450681e-03 9.596300e-03 0.988953
   149   2       4031        256  8.944  13.416  69.5 26.565     4026      251     4039      263     13     12      4028       249      4040       255      4036       263      4024       257      4001       226      4064       288 PARcau 1.425749e-03 4.518387e-04 0.998122
   149   6       1302        274  7.000  17.000  86.5 90.000     1294      271     1312      279     18      8      1294       271      1311       271      1311       278      1294       278      1269       246      1337       304 PARcau 1.292987e-05 7.486403e-03 0.992501
   149   5        324       1162  8.322  17.923  97.0 30.964      316     1158      333     1169     17     11       318      1154       333      1163       329      1170       313      1161       291      1133       358      1194 PARcau 6.556871e-02 5.715855e-05 0.934374
   149   1       2205        406 11.236  26.349 234.0 33.690     2194      398     2218      417     24     19      2197       394      2219       409      2213       418      2191       404      2169       373      2243       442 PARcau 2.849139e-03 5.429132e-04 0.996608