 Frame  ID  CentroidX  CentroidY  Width  Length  Area  Angle  Box_TLX  Box_TLY  Box_BRX  Box_BRY  Box_W  Box_H  rBox_TLX  rBox_TLY  rBox_TRX  rBox_TRY  rBox_BRX  rBox_BRY  rBox_BLX  rBox_BLY  lBox_TLX  lBox_TLY  lBox_BRX  lBox_BRY  Label       HOMver       NONpro   PARcau
    92   0       3828       2914  5.000  11.000  41.5 90.000     3823     2912     3835     2918     12      6      3823      2912      3834      2912      3834      2917      3823      2917      3798      2887      3860      2943 PARcau 4.635182e-04 3.145700e-05 0.999505
    92   1       1464       1400  4.000  11.000  20.5 90.000     1459     1398     1471     1403     12      5      1459      1398      1470      1398      1470      1402      1459      1402      1434      1373      1496      1428 PARcau 7.430492e-01 6.538979e-02 0.191561
    93   1       1464       1400  4.123  13.000  28.5 21.801     1459     1398     1472     1404     13      6      1459      1396      1471      1401      1470      1405      1458      1400      1434      1373      1497      1429 PARcau 7.577900e-01 1.178418e-01 0.124368
    93   0       3830       2913  8.944  16.155  87.0 68.199     3823     2909     3839     2919     16     10      3821      2913      3836      2907      3840      2915      3825      2921      3798      2884      3864      2944 PARcau 6.635240e-07 7.805871e-05 0.999921
    94   1       1465       1401  3.808  14.089  26.0 26.565     1459     1398     1473     1405     14      7      1460      1396      1472      1402      1471      1406      1458      1399      1434      1373      1498      1430 PARcau 6.946377e-01 2.118692e-01 0.093493
    94   0       3833       2912  8.944  23.707 118.0 63.435     3823     2906     3846     2919     23     13      3822      2914      3843      2903      3847      2911      3826      2922      3798      2881      3871      2944 PARcau 1.846253e-04 8.541501e-05 0.999730
    95   1       1466       1401  0.707  14.230  26.5 18.435     1460     1398     1474     1406     14      8      1460      1397      1472      1405      1474      1402      1459      1401      1435      1373      1499      1431 PARcau 2.400555e-01 5.653163e-01 0.194628
    95   0       3837       2910  8.746  28.853 155.0 61.928     3825     2903     3852     2919     27     16      3823      2913      3848      2900      3853      2907      3827      2921      3800      2878      3877      2944 PARcau 5.781635e-05 4.909094e-05 0.999893
    96   1       1467       1401  3.808  14.577  20.5 21.801     1460     1398     1474     1406     14      8      1460      1397      1473      1402      1472      1406      1458      1400      1435      1373      1499      1431 PARcau 7.360888e-01 2.630749e-02 0.237604
    96   0       3844       2907 10.440  31.321 190.5 72.474     3829     2901     3859     2918     30     17      3826      2908      3856      2899      3859      2909      3829      2918      3804      2876      3884      2943 PARcau 3.970504e-03 1.089188e-04 0.995921
    97   1       1469       1402  3.162  13.000  19.0 23.199     1463     1400     1476     1407     13      7      1463      1398      1475      1403      1474      1406      1462      1401      1438      1375      1501      1432 PARcau 6.387331e-01 2.311656e-01 0.130101
    97   0       3853       2905 12.649  25.632 205.5 71.565     3839     2898     3865     2914     26     16      3838      2905      3862      2896      3866      2908      3842      2917      3814      2873      3890      2939 PARcau 4.027166e-05 2.703212e-06 0.999957
    98   0       3857       2904 12.748  29.741 264.5 63.435     3843     2896     3872     2914     29     18      3841      2905      3868      2891      3873      2903      3847      2916      3818      2871      3897      2939 PARcau 1.041745e-05 3.506575e-07 0.999989
    99   0       3862       2902 12.298  31.753 294.0 63.435     3848     2894     3879     2913     31     19      3845      2903      3874      2889      3879      2900      3851      2914      3823      2869      3904      2938 PARcau 8.342457e-02 9.131876e-04 0.915662
   100   0       3868       2900 12.649  30.676 279.0 71.565     3855     2893     3884     2910     29     17      3852      2899      3881      2889      3885      2901      3856      2911      3830      2868      3909      2935 PARcau 1.737456e-04 7.865523e-04 0.999040
   101   0       3873       2898 12.649  29.732 278.5 69.444     3861     2891     3889     2908     28     17      3858      2897      3886      2887      3890      2899      3862      2909      3836      2866      3914      2933 PARcau 5.068981e-05 4.166764e-05 0.999908
   102   0       3878       2897 12.649  30.364 274.0 71.565     3865     2890     3894     2906     29     16      3862      2895      3891      2886      3895      2898      3866      2907      3840      2865      3919      2931 PARcau 1.443024e-05 3.515019e-04 0.999634
   103   0       3881       2895 12.349  29.808 276.5 68.199     3868     2888     3897     2905     29     17      3865      2895      3893      2884      3897      2895      3870      2907      3843      2863      3922      2930 PARcau 1.613485e-06 8.725936e-06 0.999990
   103   2        590       1054  3.000  11.000  16.0 -0.000      583     1053      595     1057     12      4       583      1053       594      1053       594      1056       583      1056       558      1028       620      1082 PARcau 6.377847e-01 3.271773e-02 0.329498
   104   0       3885       2893 12.298  30.859 280.5 63.435     3872     2885     3901     2903     29     18      3869      2894      3896      2880      3902      2891      3874      2905      3847      2860      3926      2928 PARcau 3.395177e-04 1.122061e-02 0.988440
   105   0       3890       2891 12.748  30.635 282.0 63.435     3877     2883     3906     2901     29     18      3874      2892      3901      2878      3907      2890      3879      2903      3852      2858      3931      2926 PARcau 2.100651e-05 1.609275e-04 0.999818
   106   0       3895       2888 11.853  30.635 273.0 63.435     3882     2880     3910     2898     28     18      3879      2889      3906      2876      3912      2886      3884      2900      3857      2855      3935      2923 PARcau 5.397052e-02 1.564752e-02 0.930382
   107   0       3900       2885 11.853  29.741 272.5 63.435     3888     2877     3915     2896     27     19      3885      2887      3911      2873      3917      2884      3890      2897      3863      2852      3940      2921 PARcau 4.483123e-04 7.804970e-02 0.921502
   108   0       3905       2882 11.662  29.682 267.0 57.995     3892     2873     3920     2893     28     20      3890      2885      3915      2869      3921      2879      3896      2895      3867      2848      3945      2918 PARcau 2.261136e-03 9.063002e-02 0.907109
   109   0       3910       2879 11.236  29.125 254.5 56.310     3898     2870     3924     2889     26     19      3895      2882      3919      2865      3925      2875      3901      2891      3873      2845      3949      2914 PARcau 3.230181e-04 7.104955e-02 0.928627
   110   0       3915       2875 11.800  29.703 251.5 53.130     3903     2866     3929     2886     26     20      3900      2879      3924      2861      3931      2871      3907      2888      3878      2841      3954      2911 PARcau 3.464084e-02 8.269205e-03 0.957090
   111   0       3920       2871 11.314  28.284 245.0 45.000     3908     2862     3934     2882     26     20      3906      2877      3926      2857      3934      2865      3914      2885      3883      2837      3959      2907 PARcau 7.807682e-02 1.849119e-02 0.903432
   112   0       3925       2867 11.314  27.586 230.5 45.000     3914     2858     3938     2878     24     20      3912      2873      3931      2853      3939      2861      3920      2881      3889      2833      3963      2903 PARcau 2.313255e-02 2.223848e-01 0.754483
   113   0       3930       2863 10.630  28.284 230.5 45.000     3919     2853     3943     2874     24     21      3916      2869      3936      2849      3943      2857      3923      2877      3894      2828      3968      2899 PARcau 8.294425e-03 2.137219e-01 0.777984
   114   0       3935       2859 10.607  27.577 224.0 45.000     3924     2849     3947     2870     23     21      3922      2865      3941      2845      3949      2853      3929      2872      3899      2824      3972      2895 PARcau 3.196378e-01 1.489377e-01 0.531424
   115   0       3939       2855  9.899  27.586 220.5 45.000     3929     2845     3952     2866     23     21      3927      2861      3946      2841      3953      2848      3934      2868      3904      2820      3977      2891 PARcau 5.461689e-01 4.440986e-03 0.449390
   116   0       3944       2850 11.314  28.284 228.0 45.000     3934     2840     3957     2862     23     22      3931      2856      3951      2836      3959      2844      3939      2864      3909      2815      3982      2887 PARcau 7.894755e-01 7.395138e-03 0.203129
   117   0       3949       2846  9.899  27.586 218.5 45.000     3939     2836     3962     2857     23     21      3937      2852      3956      2832      3963      2839      3944      2859      3914      2811      3987      2882 PARcau 5.109306e-02 9.150471e-03 0.939756
   118   0       3955       2841  9.192  27.577 207.0 45.000     3945     2831     3967     2852     22     21      3942      2847      3962      2828      3968      2834      3949      2854      3920      2806      3992      2877 PARcau 2.790478e-04 1.480750e-07 0.999721
   119   0       3960       2837  9.192  27.577 208.0 45.000     3950     2827     3973     2848     23     21      3948      2843      3967      2823      3974      2830      3954      2849      3925      2802      3998      2873 PARcau 7.966443e-03 1.904034e-05 0.992015
   120   0       3965       2832  9.192  27.577 203.0 45.000     3955     2823     3978     2843     23     20      3953      2839      3972      2819      3979      2826      3959      2845      3930      2798      4003      2868 PARcau 8.333157e-04 1.433694e-06 0.999165
   121   0       3971       2828  9.220  27.019 208.5 51.340     3961     2819     3984     2839     23     20      3958      2833      3979      2816      3985      2823      3964      2840      3936      2794      4009      2864 PARcau 1.415855e-04 1.578498e-07 0.999858
   122   0       3977       2824  9.899  26.173 196.0 45.000     3967     2815     3990     2835     23     20      3965      2830      3983      2811      3990      2818      3972      2837      3942      2790      4015      2860 PARcau 3.630654e-01 3.939500e-05 0.636895
   123   0       3983       2821 10.000  27.203 200.5 53.130     3972     2812     3996     2831     24     19      3969      2824      3991      2808      3997      2816      3975      2832      3947      2787      4021      2856 PARcau 9.244583e-01 2.462437e-06 0.075539
   124   0       3988       2817 10.062  26.387 187.5 63.435     3978     2810     4001     2827     23     17      3975      2819      3998      2807      4003      2816      3979      2828      3953      2785      4026      2852 PARcau 4.157234e-01 6.015127e-04 0.583675
   125   0       3995       2814 10.124  28.151 186.5 56.310     3984     2806     4009     2823     25     17      3981      2817      4004      2801      4010      2810      3986      2825      3959      2781      4034      2848 PARcau 5.312171e-03 5.114190e-04 0.994176
   126   0       4001       2810 10.296  27.731 199.5 63.435     3990     2802     4015     2820     25     18      3987      2812      4012      2800      4017      2809      3992      2821      3965      2777      4040      2845 PARcau 5.876175e-01 1.443803e-04 0.412238
   127   0       4008       2807 10.735  27.951 208.5 63.435     3996     2799     4022     2816     26     17      3993      2808      4018      2796      4023      2805      3998      2818      3971      2774      4047      2841 PARcau 2.065092e-02 1.625203e-04 0.979187
   127   2        630       1092  5.657  12.728  52.5 45.000      626     1087      637     1098     11     11       628      1086       637      1095       633      1099       624      1090       601      1062       662      1123 PARcau 8.176335e-01 1.524171e-01 0.029949
   128   0       4014       2803 10.296  26.833 207.0 63.435     4003     2796     4028     2813     25     17      4000      2805      4024      2793      4029      2802      4005      2814      3978      2771      4053      2838 PARcau 7.431972e-01 8.786817e-05 0.256715
   129   0       4019       2801 10.977  27.613 218.5 57.995     4008     2794     4034     2810     26     16      4005      2803      4029      2788      4034      2798      4011      2812      3983      2769      4059      2835 PARcau 8.217515e-01 4.717306e-04 0.177777
   130   0       4025       2798 10.817  28.018 221.0 56.310     4014     2790     4040     2807     26     17      4011      2801      4034      2785      4040      2794      4017      2810      3989      2765      4065      2832 PARcau 1.706750e-03 5.338525e-04 0.997759
   131   0       4031       2795 10.735  26.613 213.5 63.435     4020     2787     4044     2804     24     17      4017      2796      4041      2784      4046      2794      4022      2805      3995      2762      4069      2829 PARcau 4.756828e-04 1.774204e-04 0.999347
   132   0       4036       2791 10.700  27.902 215.5 53.130     4025     2784     4050     2801     25     17      4022      2795      4045      2778      4051      2787      4029      2803      4000      2759      4075      2826 PARcau 1.497789e-04 3.654058e-07 0.999850
   132   3       2787       2686  5.000   8.000  29.5 90.000     2784     2684     2793     2690      9      6      2784      2684      2792      2684      2792      2689      2784      2689      2759      2659      2818      2715 PARcau 1.313176e-03 3.522594e-03 0.995164
   133   3       2787       2686  5.000  10.000  30.5 90.000     2784     2684     2795     2690     11      6      2784      2684      2794      2684      2794      2689      2784      2689      2759      2659      2820      2715 PARcau 5.672338e-03 2.087481e-03 0.992240
   133   0       4042       2788 10.000  26.627 211.0 56.310     4031     2780     4055     2798     24     18      4028      2791      4050      2776      4056      2784      4034      2799      4006      2755      4080      2823 PARcau 8.520122e-02 7.324712e-04 0.914066
   134   3       2788       2686  5.000   7.000  16.0 90.000     2785     2684     2793     2690      8      6      2785      2684      2792      2684      2792      2689      2785      2689      2760      2659      2818      2715 PARcau 6.804309e-04 8.991595e-04 0.998420
   134   0       4047       2784 11.314  25.456 201.5 45.000     4036     2776     4060     2794     24     18      4034      2789      4052      2771      4060      2779      4042      2797      4011      2751      4085      2819 PARcau 2.440052e-01 6.978442e-02 0.686210
   134   2        638       1099  7.106  22.727  97.5 38.660      628     1090      648     1107     20     17       630      1088       648      1103       643      1108       626      1094       603      1065       673      1132 PARcau 9.479564e-01 1.282744e-05 0.052031
   135   2        639       1101  6.708  20.125  92.5 26.565      631     1094      649     1108     18     14       631      1093       649      1102       646      1108       628      1099       606      1069       674      1133 PARcau 9.646972e-01 4.798911e-03 0.030504
   135   0       4052       2780  9.899  25.456 190.0 45.000     4042     2772     4064     2790     22     18      4040      2786      4058      2768      4065      2775      4047      2793      4017      2747      4089      2815 PARcau 9.750480e-03 1.759433e-03 0.988490
   136   2        640       1101  7.500  17.614  85.5 36.870      632     1095      649     1108     17     13       635      1093       649      1103       645      1109       630      1099       607      1070       674      1133 PARcau 9.874451e-01 1.892693e-05 0.012536
   136   0       4057       2776  9.899  26.173 199.0 45.000     4047     2767     4070     2786     23     19      4045      2781      4064      2763      4071      2770      4052      2788      4022      2742      4095      2811 PARcau 2.062861e-02 7.113778e-04 0.978660
   137   2        642       1102  7.211  18.601  78.0 33.690      634     1096      652     1108     18     12       636      1094       651      1105       647      1111       632      1100       609      1071       677      1133 PARcau 8.895056e-01 1.083249e-03 0.109411
   137   0       4062       2772 10.607  26.163 204.5 45.000     4052     2762     4075     2782     23     20      4050      2777      4069      2759      4076      2766      4058      2785      4027      2737      4100      2807 PARcau 7.687679e-05 2.597113e-05 0.999897
   138   2        642       1103  6.708  18.358  61.0 29.745      635     1096      652     1108     17     12       635      1095       651      1104       648      1110       632      1101       610      1071       677      1133 PARcau 9.961972e-01 6.148974e-07 0.003802
   138   0       4067       2768 11.314  26.870 212.5 45.000     4057     2758     4079     2779     22     21      4054      2773      4073      2754      4081      2762      4062      2781      4032      2733      4104      2804 PARcau 7.191561e-02 3.757618e-03 0.924327
   139   2        643       1103  0.500  16.771  54.0 26.565      636     1099      652     1108     16      9       637      1097       649      1109       652      1105       634      1102       611      1074       677      1133 PARcau 9.655797e-01 1.438841e-06 0.034419
   139   0       4072       2764 11.314  26.870 217.5 45.000     4062     2753     4084     2775     22     22      4059      2769      4078      2750      4086      2758      4067      2777      4037      2728      4109      2800 PARcau 9.619848e-04 3.123797e-04 0.998726
   140   2        643       1103  5.148  14.983  44.5 26.565      637     1099      652     1108     15      9       638      1098       651      1104       649      1109       635      1102       612      1074       677      1133 PARcau 6.849219e-01 6.258648e-04 0.314452
   140   0       4077       2759  9.899  27.586 211.5 45.000     4067     2749     4089     2770     22     21      4064      2765      4084      2746      4091      2753      4071      2772      4042      2724      4114      2795 PARcau 5.212769e-04 4.282498e-03 0.995196
   141   0       4082       2755  9.899  28.284 222.5 45.000     4072     2745     4094     2766     22     21      4069      2761      4089      2741      4096      2748      4076      2768      4047      2720      4119      2791 PARcau 1.066873e-03 2.324321e-03 0.996609
   142   0       4087       2750  9.899  27.586 220.5 45.000     4077     2740     4100     2762     23     22      4074      2756      4094      2737      4101      2744      4081      2763      4052      2715      4125      2787 PARcau 3.299601e-03 1.066053e-03 0.995634
   143   0       4093       2746  9.899  26.870 211.5 45.000     4082     2737     4105     2757     23     20      4080      2752      4099      2733      4106      2740      4087      2759      4057      2712      4130      2782 PARcau 1.146895e-02 6.793418e-05 0.988463
   144   0       4098       2742  9.899  28.284 213.5 45.000     4087     2733     4111     2753     24     20      4085      2749      4105      2729      4112      2736      4092      2756      4062      2708      4136      2778 PARcau 2.723738e-05 8.391841e-05 0.999889
   145   0       4104       2739  9.899  27.586 206.5 45.000     4093     2730     4117     2749     24     19      4091      2745      4110      2725      4117      2732      4098      2752      4068      2705      4142      2774 PARcau 7.722732e-05 2.511324e-06 0.999920
   146   0       4110       2735 10.000  28.844 220.5 56.310     4099     2726     4124     2746     25     20      4095      2739      4119      2723      4125      2731      4101      2747      4074      2701      4149      2771 PARcau 3.768640e-04 3.818156e-05 0.999585
   147   0       4116       2731 10.735  28.849 218.0 63.435     4105     2723     4130     2742     25     19      4101      2733      4127      2720      4132      2730      4106      2742      4080      2698      4155      2767 PARcau 1.805701e-02 1.963318e-05 0.981923
   148   0       4122       2728 10.977  28.469 221.0 59.036     4111     2720     4136     2738     25     18      4108      2731      4132      2716      4138      2726      4113      2740      4086      2695      4161      2763 PARcau 3.405808e-03 6.865138e-05 0.996525
   149   0       4128       2725 11.236  27.735 218.0 56.310     4116     2718     4142     2735     26     17      4114      2728      4137      2712      4143      2722      4120      2737      4091      2693      4167      2760 PARcau 3.547259e-01 3.735088e-05 0.645237