 Frame  ID  CentroidX  CentroidY  Width  Length  Area  Angle  Box_TLX  Box_TLY  Box_BRX  Box_BRY  Box_W  Box_H  rBox_TLX  rBox_TLY  rBox_TRX  rBox_TRY  rBox_BRX  rBox_BRY  rBox_BLX  rBox_BLY  lBox_TLX  lBox_TLY  lBox_BRX  lBox_BRY  Label       HOMver       NONpro   PARcau
    21   0       5031       2555  6.042   7.382  33.5 63.435     5027     2552     5036     2560      9      8      5026      2554      5033      2551      5035      2556      5029      2560      5002      2527      5061      2585 PARcau 1.893918e-01 7.011378e-05 0.810538
    21   1        824        478 11.314  28.284 256.0 45.000      814      467      836      490     22     23       811       484       831       464       839       472       819       492       789       442       861       515 PARcau 5.432532e-05 1.617433e-05 0.999930
    21   2       2797        287 10.000  16.000 114.5 90.000     2793      279     2804      296     11     17      2793       279      2803       279      2803       295      2793       295      2768       254      2829       321 PARcau 4.806125e-02 2.018108e-01 0.750128
    22   2       2795        291 10.062  18.337 129.5 26.565     2790      283     2802      301     12     18      2795       281      2804       285      2796       302      2787       297      2765       258      2827       326 PARcau 2.440996e-03 2.098215e-06 0.997557
    22   0       5030       2556  9.014  11.102  62.5 56.310     5026     2551     5038     2563     12     12      5023      2555      5032      2549      5037      2556      5028      2563      5001      2526      5063      2588 PARcau 7.230095e-01 9.789130e-05 0.276893
    22   1        831        470 11.314  28.284 259.5 45.000      821      459      843      483     22     24       818       477       838       457       846       465       826       485       796       434       868       508 PARcau 9.183807e-04 1.589128e-05 0.999066
    23   2       2793        295 10.735  19.007 153.0 26.565     2787      287     2801      305     14     18      2792       284      2802       289      2793       306      2784       301      2762       262      2826       330 PARcau 2.355894e-01 2.485747e-03 0.761925
    23   0       5028       2561  7.159  19.007  99.5 26.565     5023     2552     5036     2571     13     19      5020      2568      5029      2551      5035      2554      5027      2571      4998      2527      5061      2596 PARcau 5.579431e-03 5.055431e-06 0.994416
    23   1        838        463 11.314  29.000 261.5 45.000      827      451      849      475     22     24       824       469       845       449       853       457       832       477       802       426       874       500 PARcau 9.791416e-04 9.086956e-04 0.998112
    24   2       2790        299 11.180  19.698 161.5 26.565     2783      292     2798      309     15     17      2789       288      2799       293      2791       311      2781       306      2758       267      2823       334 PARcau 2.098577e-01 1.456825e-04 0.789997
    24   0       5025       2565  8.860  18.069 105.0 15.255     5021     2557     5033     2575     12     18      5023      2555      5032      2557      5027      2575      5019      2572      4996      2532      5058      2600 PARcau 3.923279e-03 7.657941e-07 0.996076
    24   1        845        455 11.102  28.200 246.5 36.870      834      444      856      467     22     23       832       463       849       440       858       447       841       469       809       419       881       492 PARcau 6.483876e-03 9.923954e-04 0.992524
    25   0       5024       2569  9.014  15.042  93.0 21.801     5019     2562     5030     2576     11     14      5023      2560      5031      2563      5026      2577      5017      2574      4994      2537      5055      2601 PARcau 1.629952e-01 1.699354e-03 0.835305
    25   2       2787        304 10.607  19.092 157.5 45.000     2780      296     2796      313     16     17      2776       307      2790       294      2797       301      2784       315      2755       271      2821       338 PARcau 1.472067e-03 2.869882e-06 0.998525
    25   1        851        447 12.021  27.577 254.5 45.000      841      436      862      460     21     24       837       453       857       434       865       442       846       462       816       411       887       485 PARcau 5.833274e-03 2.899639e-04 0.993877
    26   0       5023       2570 10.000  17.205 107.5 36.870     5017     2562     5030     2579     13     17      5014      2574      5024      2560      5032      2566      5022      2580      4992      2537      5055      2604 PARcau 1.763521e-03 1.696563e-04 0.998067
    26   2       2784        308 11.011  18.118 155.5 38.660     2777      300     2792      317     15     17      2774       311      2785       297      2794       304      2782       318      2752       275      2817       342 PARcau 2.150878e-02 2.823971e-02 0.950251
    26   1        857        440 10.700  27.902 238.0 36.870      848      428      868      453     20     25       845       448       861       425       870       432       853       454       823       403       893       478 PARcau 1.692734e-03 2.387147e-03 0.995920
    27   0       5021       2572 10.817  19.416 137.5 33.690     5015     2564     5030     2581     15     17      5012      2577      5023      2561      5032      2567      5021      2583      4990      2539      5055      2606 PARcau 1.104509e-03 6.397913e-05 0.998832
    27   2       2781        311 11.180  17.000 148.5 26.565     2775      304     2790      320     15     16      2780       301      2790       306      2782       321      2772       316      2750       279      2815       345 PARcau 1.717482e-03 2.031268e-01 0.795156
    27   1        863        432 11.314  27.586 250.5 45.000      854      421      874      445     20     24       850       438       870       419       878       427       858       446       829       396       899       470 PARcau 7.802124e-02 3.102093e-03 0.918877
    28   0       5020       2574 10.607  19.092 150.5 45.000     5012     2565     5029     2583     17     18      5010      2577      5024      2564      5031      2571      5018      2585      4987      2540      5054      2608 PARcau 2.842369e-03 7.521655e-06 0.997150
    28   2       2778        315 11.402  17.205 148.0 36.870     2772      307     2787      324     15     17      2769       318      2779       304      2788       311      2778       325      2747       282      2812       349 PARcau 1.220393e-01 9.796374e-02 0.779997
    28   1        869        425 11.413  27.354 232.5 30.964      860      414      880      438     20     24       857       434       871       410       881       416       867       439       835       389       905       463 PARcau 4.441674e-08 2.489593e-05 0.999975
    29   0       5018       2576 11.314  19.105 158.0 45.000     5011     2568     5028     2585     17     17      5008      2578      5022      2565      5030      2573      5016      2586      4986      2543      5053      2610 PARcau 1.584475e-01 1.057837e-02 0.830974
    29   2       2776        317 11.314  16.279 140.5 45.000     2770      310     2784      326     14     16      2766       319      2778       308      2786       316      2774       327      2745       285      2809       351 PARcau 8.687159e-03 4.006834e-02 0.951245
    29   1        875        417 12.021  27.577 239.0 45.000      867      406      886      430     19     24       862       423       882       404       890       412       871       432       842       381       911       455 PARcau 4.225181e-08 4.253422e-06 0.999996
    30   2       2775        317 10.308  16.008 122.5 38.660     2769      311     2783      325     14     14      2766       320      2776       308      2784       314      2774       327      2744       286      2808       350 PARcau 2.759973e-01 1.923347e-01 0.531668
    30   0       5017       2577 10.124  14.577 105.0 59.036     5011     2571     5025     2584     14     13      5008      2576      5021      2569      5026      2577      5014      2585      4986      2546      5050      2609 PARcau 6.149227e-01 1.326533e-02 0.371812
    30   1        882        410 11.011  28.111 233.5 38.660      873      399      893      422     20     23       869       417       887       395       895       402       878       424       848       374       918       447 PARcau 1.121870e-10 1.772044e-08 1.000000
    31   2       2777        314 10.630  12.728  97.5 45.000     2771      309     2784      322     13     13      2769       315      2778       306      2785       314      2776       323      2746       284      2809       347 PARcau 5.768731e-03 8.655829e-01 0.128648
    31   0       5016       2578  9.899  10.630  78.0 45.000     5011     2573     5023     2584     12     11      5016      2570      5023      2577      5016      2585      5009      2578      4986      2548      5048      2609 PARcau 9.652641e-02 2.373106e-02 0.879743
    31   1        889        402 10.817  27.459 231.0 33.690      879      391      900      415     21     24       877       410       892       387       901       393       886       416       854       366       925       440 PARcau 6.910629e-09 5.850052e-06 0.999994
    32   2       2779        312  9.708  16.225 114.5 33.690     2773      305     2786      321     13     16      2770       316      2779       302      2787       308      2778       321      2748       280      2811       346 PARcau 3.373441e-01 3.116657e-01 0.350990
    32   0       5014       2579  7.000   8.000  37.0 90.000     5011     2576     5020     2584      9      8      5011      2576      5019      2576      5019      2583      5011      2583      4986      2551      5045      2609 PARcau 2.728624e-03 2.353116e-02 0.973740
    32   1        895        395 10.607  27.577 238.5 45.000      886      384      907      407     21     23       883       400       902       381       910       388       890       408       861       359       932       432 PARcau 4.958240e-05 6.383912e-05 0.999887
    33   2       2781        310  9.899  20.518 148.0 45.000     2773      303     2791      320     18     17      2770       314      2785       300      2792       307      2777       321      2748       278      2816       345 PARcau 8.498596e-04 5.195764e-05 0.999098
    33   1        900        390 11.314  20.518 182.5 45.000      892      381      909      400     17     19       889       394       903       379       911       387       897       402       867       356       934       425 PARcau 1.645254e-02 3.301564e-03 0.980246
    34   2       2785        308  8.322  23.436 146.0 56.310     2775      301     2796      318     21     17      2773       311      2792       298      2797       305      2777       318      2750       276      2821       343 PARcau 3.708114e-02 6.647522e-07 0.962918
    35   2       2791        306  9.849  26.000 165.0 66.801     2780      299     2804      314     24     15      2777       306      2801       296      2805       305      2781       315      2755       274      2829       339 PARcau 8.454274e-04 7.280224e-08 0.999154
    35   0       4993       2592  6.000   8.000  40.5 90.000     4989     2589     4998     2596      9      7      4989      2589      4997      2589      4997      2595      4989      2595      4964      2564      5023      2621 PARcau 6.297831e-04 9.624596e-02 0.903124
    35   1        919        371 10.607  19.092 156.0 45.000      911      364      929      380     18     16       910       373       923       360       931       367       917       381       886       339       954       405 PARcau 2.620809e-05 1.532662e-04 0.999821
    36   0       4991       2591  7.000  11.000  56.5 90.000     4986     2588     4998     2596     12      8      4986      2588      4997      2588      4997      2595      4986      2595      4961      2563      5023      2621 PARcau 6.124714e-03 3.334146e-01 0.660461
    36   2       2799        303  9.618  25.269 162.0 63.435     2786      298     2812      311     26     13      2785       305      2807       293      2812       302      2789       313      2761       273      2837       336 PARcau 4.920773e-05 5.665643e-09 0.999951
    36   1        924        367 11.314  26.173 234.5 45.000      914      357      935      378     21     21       911       372       930       354       938       362       919       380       889       332       960       403 PARcau 7.676737e-06 4.476803e-06 0.999988
    37   0       4989       2592  8.078  15.042  86.5 68.199     4983     2588     4998     2598     15     10      4981      2591      4995      2586      4998      2593      4984      2599      4958      2563      5023      2623 PARcau 5.482077e-03 1.865070e-01 0.808011
    37   2       2806        301  9.962  24.192 177.0 71.565     2795      296     2819      309     24     13      2793       300      2816       293      2819       302      2796       310      2770       271      2844       334 PARcau 1.708285e-03 1.524535e-07 0.998292
    37   1        931        361 12.728  27.586 265.5 45.000      920      350      943      372     23     22       917       366       937       347       946       356       926       375       895       325       968       397 PARcau 4.562129e-06 3.016290e-05 0.999965
    38   0       4988       2594  8.944  17.000 112.0 63.435     4980     2589     4998     2600     18     11      4978      2594      4993      2586      4997      2594      4982      2602      4955      2564      5023      2625 PARcau 6.025596e-04 4.896134e-02 0.950436
    38   2       2813        299  9.124  24.824 164.0 81.870     2802      295     2827      306     25     11      2801       297      2825       293      2827       302      2802       306      2777       270      2852       331 PARcau 1.550763e-01 1.226141e-06 0.844923
    38   1        938        354 11.314  28.284 256.0 45.000      927      343      949      366     22     23       924       360       944       340       952       348       932       368       902       318       974       391 PARcau 9.718743e-05 1.807015e-04 0.999722
    39   0       4987       2595  8.902  17.414 114.0 50.194     4979     2590     4997     2602     18     12      4978      2597      4991      2586      4997      2593      4983      2604      4954      2565      5022      2627 PARcau 1.137641e-03 5.516529e-01 0.447210
    39   2       2821        298  9.341  26.196 154.0 75.964     2810      292     2836      305     26     13      2808       296      2834       290      2836       299      2811       305      2785       267      2861       330 PARcau 1.145348e-01 5.090913e-08 0.885465
    39   1        945        347 11.314  27.586 248.0 45.000      935      336      956      359     21     23       931       353       951       334       959       342       939       361       910       311       981       384 PARcau 5.068661e-06 4.990464e-06 0.999990
    40   0       4987       2597  8.846  18.118 108.5 40.601     4981     2590     4997     2605     16     15      4978      2601      4990      2587      4996      2593      4985      2607      4956      2565      5022      2630 PARcau 1.752185e-04 7.841828e-01 0.215642
    40   1        952        340 11.314  27.586 240.5 45.000      941      330      963      352     22     22       938       346       958       327       966       335       946       354       916       305       988       377 PARcau 6.971506e-03 4.822799e-03 0.988206
    40   2       2831        296  9.487  25.298 136.0 71.565     2819      290     2844      302     25     12      2817       295      2841       287      2844       296      2820       304      2794       265      2869       327 PARcau 2.811028e-06 2.313367e-08 0.999997
    41   0       4988       2601  8.544  18.028  84.0 20.556     4984     2591     4997     2609     13     18      4988      2589      4996      2592      4990      2609      4982      2606      4959      2566      5022      2634 PARcau 1.125996e-05 2.013027e-03 0.997976
    41   1        958        334 11.314  26.870 231.0 45.000      949      324      969      346     20     22       946       340       965       321       973       329       954       348       924       299       994       371 PARcau 5.950425e-04 4.825628e-07 0.999404
    41   2       2839        294  9.220  23.345 113.5 78.690     2828      289     2851      301     23     12      2826       291      2849       287      2851       296      2828       300      2803       264      2876       326 PARcau 2.301228e-04 5.258349e-07 0.999769
    42   0       4991       2602  7.810  11.314  50.0 45.000     4988     2596     4997     2608      9     12      4989      2594      4997      2602      4992      2608      4984      2600      4963      2571      5022      2633 PARcau 4.094022e-03 1.186129e-02 0.984045
    42   1        965        327 11.314  26.870 250.5 45.000      955      316      976      339     21     23       952       333       971       314       979       322       960       341       930       291      1001       364 PARcau 5.002965e-02 5.054273e-03 0.944916
    42   2       2849        292 10.000  16.000 110.0 90.000     2841      288     2858      299     17     11      2841       288      2857       288      2857       298      2841       298      2816       263      2883       324 PARcau 7.462474e-02 1.140796e-06 0.925374
    43   0       4996       2600  6.801   8.322  34.5 33.690     4991     2598     5002     2605     11      7      4994      2595      5001      2599      4997      2605      4990      2600      4966      2573      5027      2630 PARcau 6.479161e-04 1.415936e-04 0.999210
    43   2       2853        292  9.341  24.520 153.5 74.055     2840      287     2865      299     25     12      2839       291      2862       284      2865       293      2841       300      2815       262      2890       324 PARcau 4.783257e-01 1.981486e-05 0.521654
    43   1        971        321 12.728  26.870 244.5 45.000      962      310      982      333     20     23       958       326       977       307       986       316       967       335       937       285      1007       358 PARcau 2.745230e-01 1.679279e-02 0.708684
    44   2       2859        292  9.055  24.083 160.0 85.236     2847      287     2872      298     25     11      2846       288      2870       286      2871       295      2847       297      2822       262      2897       323 PARcau 1.977458e-02 5.775752e-05 0.980168
    44   1        978        314 11.715  26.632 242.5 39.806      969      303      989      326     20     23       965       321       982       300       991       308       974       328       944       278      1014       351 PARcau 1.690990e-01 3.320479e-03 0.827581
    45   2       2866        292  9.000  23.000 172.5 90.000     2855      288     2879      298     24     10      2855       288      2878       288      2878       297      2855       297      2830       263      2904       323 PARcau 2.640601e-01 2.301490e-02 0.712925
    45   1        985        307 11.314  26.870 251.5 45.000      975      297      997      319     22     22       972       313       991       294       999       302       980       321       950       272      1022       344 PARcau 3.939834e-03 4.497782e-04 0.995610
    46   2       2874        293  9.000  23.000 174.5 90.000     2863      289     2887      299     24     10      2863       289      2886       289      2886       298      2863       298      2838       264      2912       324 PARcau 1.465206e-02 1.319851e-04 0.985216
    46   1        992        301 12.104  26.315 239.0 38.660      982      291     1003      313     21     22       979       308       995       287      1005       295       988       315       957       266      1028       338 PARcau 3.044456e-02 7.208695e-03 0.962347
    47   2       2882        293  9.000  24.000 178.5 90.000     2870      289     2895      299     25     10      2870       289      2894       289      2894       298      2870       298      2845       264      2920       324 PARcau 4.817757e-01 1.252577e-02 0.505698
    47   1        998        296 12.728  24.042 219.5 45.000      989      287     1009      306     20     19       985       300      1002       283      1011       292       994       309       964       262      1034       331 PARcau 5.826553e-03 4.335302e-05 0.994130
    48   2       2888        294 10.000  24.000 183.0 90.000     2877      289     2902      300     25     11      2877       289      2901       289      2901       299      2877       299      2852       264      2927       325 PARcau 9.030398e-01 6.307538e-04 0.096329
    48   1       1003        291 11.314  23.345 188.0 45.000      995      282     1014      300     19     18       992       295      1008       278      1016       286      1000       303       970       257      1039       325 PARcau 7.956218e-04 3.920271e-05 0.999165
    48   0       5017       2584  7.280  10.198  34.0 11.310     5014     2579     5023     2590      9     11      5015      2578      5022      2580      5020      2590      5013      2588      4989      2554      5048      2615 PARcau 2.708174e-02 7.116770e-03 0.965801
    49   0       5018       2582  8.062  10.198  56.0  9.462     5014     2577     5024     2588     10     11      5015      2576      5023      2577      5021      2587      5013      2586      4989      2552      5049      2613 PARcau 3.204634e-01 3.556396e-01 0.323897
    49   2       2893        293 10.000  25.000 196.0 90.000     2881      288     2907      299     26     11      2881       288      2906       288      2906       298      2881       298      2856       263      2932       324 PARcau 2.384706e-01 2.104572e-03 0.759425
    49   1       1010        285  8.602  20.248 127.0 56.310     1002      278     1019      293     17     15       999       287      1016       276      1021       283      1004       294       977       253      1044       318 PARcau 1.886961e-01 3.285311e-04 0.810975
    50   0       5019       2580  8.000  10.000  32.5  0.000     5015     2575     5024     2586      9     11      5015      2575      5023      2575      5023      2585      5015      2585      4990      2550      5049      2611 PARcau 3.086011e-02 6.183773e-04 0.968522
    50   2       2896        291 10.198  25.495 193.0 78.690     2884      286     2909      299     25     13      2882       289      2907       284      2909       294      2884       299      2859       261      2934       324 PARcau 5.893481e-01 8.428314e-05 0.410568
    50   1       1016        279  5.408  14.705  53.0 56.310     1011      274     1023      285     12     11      1009       281      1021       273      1024       277      1012       286       986       249      1048       310 PARcau 4.574443e-01 4.491388e-03 0.538064
    51   2       2898        289 10.062  24.151 189.5 63.435     2888      283     2911      298     23     15      2885       290      2907       279      2911       288      2890       299      2863       258      2936       323 PARcau 6.666132e-01 1.167602e-03 0.332219
    51   1       1025        271  4.243  13.454  41.5 45.000     1020      267     1031      277     11     10      1019       275      1028       265      1031       268      1022       278       995       242      1056       302 PARcau 3.396207e-01 4.684125e-03 0.655695
    52   2       2900        287 10.000  23.022 176.5 54.462     2891      279     2912      296     21     17      2888       289      2907       276      2913       284      2894       297      2866       254      2937       321 PARcau 1.940868e-01 2.284778e-04 0.805685
    52   1       1033        263  6.364  16.263  82.0 45.000     1028      257     1041      271     13     14      1025       267      1037       256      1041       260      1030       272      1003       232      1066       296 PARcau 2.688714e-01 8.758484e-03 0.722370
    53   2       2902        285 11.314  21.213 172.5 45.000     2893      278     2913      295     20     17      2891       289      2906       274      2914       282      2899       297      2868       253      2938       320 PARcau 4.014977e-01 2.314562e-04 0.598271
    53   1       1039        258  9.192  17.678 122.0 45.000     1033      251     1047      267     14     16      1030       261      1043       249      1049       255      1037       268      1008       226      1072       292 PARcau 2.948840e-03 3.786100e-03 0.993265
    54   2       2903        285 10.630  19.799 142.0 45.000     2895      279     2913      295     18     16      2892       289      2906       275      2914       282      2900       296      2870       254      2938       320 PARcau 2.717140e-01 1.136754e-05 0.728275
    54   1       1045        253  9.899  21.213 155.5 45.000     1037      245     1054      263     17     18      1034       257      1049       242      1056       249      1041       264      1012       220      1079       288 PARcau 1.263452e-04 8.232572e-05 0.999791
    55   2       2903        286  9.434  18.868 118.5 56.310     2895      280     2912      295     17     15      2892       287      2908       277      2913       285      2897       295      2870       255      2937       320 PARcau 3.801187e-01 1.141511e-03 0.618740
    55   1       1051        248  9.899  22.627 176.0 45.000     1043      239     1061      258     18     19      1039       252      1055       236      1062       243      1046       259      1018       214      1086       283 PARcau 3.163769e-06 3.178358e-06 0.999994
    56   2       2902        287 10.404  15.532  78.0 33.690     2895      281     2910      295     15     14      2902       278      2910       284      2902       297      2893       291      2870       256      2935       320 PARcau 1.116039e-01 6.476740e-05 0.888331
    56   1       1057        242  9.899  23.345 187.5 45.000     1048      233     1068      252     20     19      1046       247      1062       230      1069       237      1053       254      1023       208      1093       277 PARcau 1.818853e-03 2.213368e-06 0.998179
    57   2       2903        288  9.618  10.512  64.0 63.435     2898      283     2909      295     11     12      2897       286      2905       281      2910       291      2901       295      2873       258      2934       320 PARcau 3.845228e-02 3.575014e-01 0.604046
    57   1       1064        236  9.899  21.932 178.5 45.000     1055      228     1074      246     19     18      1053       241      1068       225      1075       232      1060       248      1030       203      1099       271 PARcau 3.344227e-04 4.089217e-05 0.999625
    58   2       2904        289  8.485  10.630  54.5 50.194     2898      284     2910      296     12     12      2903       282      2910       290      2904       296      2897       288      2873       259      2935       321 PARcau 2.367785e-03 8.417421e-01 0.155890
    58   1       1071        230 10.308  23.817 195.5 50.194     1062      222     1082      241     20     19      1059       234      1077       219      1084       227      1065       242      1037       197      1107       266 PARcau 5.926896e-07 5.260025e-09 0.999999
    59   2       2905        290  8.944  10.296  55.0 63.435     2900      285     2911      296     11     11      2898       287      2906       283      2911       292      2903       296      2875       260      2936       321 PARcau 1.149267e-03 9.323044e-01 0.066546
    59   1       1078        225 11.314  24.042 222.0 45.000     1069      216     1089      235     20     19      1066       229      1083       212      1091       220      1074       237      1044       191      1114       260 PARcau 4.026643e-06 3.976508e-07 0.999996
    60   2       2906        291 10.607  10.607  45.0  7.125     2900      286     2912      297     12     11      2901       285      2911       286      2910       297      2899       295      2875       261      2937       322 PARcau 9.243804e-03 6.282086e-01 0.362548
    60   1       1084        220 12.728  25.456 229.5 45.000     1074      211     1096      230     22     19      1071       224      1089       206      1098       215      1080       233      1049       186      1121       255 PARcau 9.134847e-09 1.400862e-11 1.000000
    61   2       2905        291 10.112  12.659  68.5  8.130     2899      287     2913      298     14     11      2900       286      2912       288      2911       298      2898       296      2874       262      2938       323 PARcau 5.163485e-02 5.452813e-01 0.403084
    61   1       1090        215 12.728  24.042 239.0 45.000     1080      206     1102      225     22     19      1078       219      1095       202      1104       211      1087       228      1055       181      1127       250 PARcau 2.595572e-06 3.174552e-10 0.999997
    62   2       2907        292 10.198  16.279  79.0 78.690     2899      287     2915      299     16     12      2897       288      2913       285      2915       295      2899       298      2874       262      2940       324 PARcau 1.215107e-02 6.969082e-01 0.290941
    62   1       1097        210 12.104  24.300 228.0 53.130     1086      201     1108      220     22     19      1083       213      1103       198      1110       208      1091       222      1061       176      1133       245 PARcau 2.015428e-09 1.740043e-10 1.000000
    63   2       2909        292  7.382  19.455  76.5 63.435     2899      287     2917      299     18     12      2897       294      2915       286      2918       292      2901       301      2874       262      2942       324 PARcau 8.582099e-03 7.338762e-01 0.257542
    63   1       1103        205 12.104  23.505 214.5 51.340     1093      197     1115      215     22     18      1090       207      1109       193      1116       202      1098       217      1068       172      1140       240 PARcau 2.510383e-06 1.228599e-08 0.999997
    64   2       2909        292  7.382  19.455  69.0 63.435     2899      287     2917      299     18     12      2897       294      2915       286      2918       292      2901       301      2874       262      2942       324 PARcau 4.613407e-02 2.452481e-01 0.708618
    64   1       1110        200 11.511  22.327 197.5 56.310     1101      193     1122      209     21     16      1098       202      1116       189      1123       199      1104       211      1076       168      1147       234 PARcau 1.507692e-03 2.297699e-05 0.998469
    65   2       2910        292  6.042  17.219  50.5 63.435     2900      289     2917      299     17     10      2899       294      2914       287      2917       292      2901       300      2875       264      2942       324 PARcau 5.716676e-02 3.103294e-01 0.632504
    65   1       1115        197 12.728  18.385 173.0 45.000     1107      191     1126      206     19     15      1105       199      1118       186      1127       195      1114       208      1082       166      1151       231 PARcau 4.933881e-03 3.544960e-03 0.991521
    66   2       2911        292  6.042  12.748  36.0 63.435     2905      289     2917      298     12      9      2903       292      2914       287      2917       292      2905       298      2880       264      2942       323 PARcau 5.706993e-03 3.804903e-02 0.956244
    66   1       1120        195 10.735  16.771 138.5 63.435     1113      189     1130      202     17     13      1110       194      1125       186      1130       196      1115       203      1088       164      1155       227 PARcau 4.289103e-04 1.798568e-05 0.999553
    67   1       1125        193  8.485   9.899  66.0 45.000     1120      189     1132      199     12     10      1124       187      1131       194      1125       200      1118       193      1095       164      1157       224 PARcau 3.151470e-03 2.465985e-03 0.994383
    71   2       2891        300  5.590   9.124  29.5 80.538     2888      297     2898      304     10      7      2887       298      2896       296      2897       302      2888       303      2863       272      2923       329 PARcau 4.836223e-03 3.445288e-04 0.994819
    72   2       2890        301  6.083  12.369  39.0 75.964     2885      297     2898      305     13      8      2884       299      2896       296      2897       302      2885       305      2860       272      2923       330 PARcau 1.813308e-01 1.055654e-04 0.818564
    73   2       2889        301  5.852  14.116  55.0 68.199     2883      297     2897      306     14      9      2882       301      2895       296      2897       301      2884       307      2858       272      2922       331 PARcau 1.042912e-02 6.307041e-05 0.989508
    74   2       2888        302  7.159  16.008  77.0 75.964     2881      298     2898      307     17      9      2880       301      2895       297      2897       304      2881       308      2856       273      2923       332 PARcau 4.405915e-03 9.699325e-03 0.985895
    75   2       2886        302  7.071  18.439  80.5 77.905     2879      298     2898      308     19     10      2878       301      2896       297      2897       304      2879       308      2854       273      2923       333 PARcau 6.232493e-02 1.891829e-03 0.935783
    76   2       2883        303  8.062  19.235  90.5 80.538     2875      299     2895      309     20     10      2874       301      2893       298      2894       306      2875       309      2850       274      2920       334 PARcau 1.326515e-01 4.689262e-03 0.862659
    77   2       2881        304  8.139  20.887 105.0 78.690     2873      300     2894      310     21     10      2872       302      2892       298      2894       306      2873       310      2848       275      2919       335 PARcau 8.728948e-03 4.766451e-04 0.990794
    78   2       2878        304  8.000  22.000 112.5 90.000     2869      301     2892      310     23      9      2869       301      2891       301      2891       309      2869       309      2844       276      2917       335 PARcau 7.454407e-02 9.955557e-03 0.915500
    79   2       2877        305  8.062  22.204 115.5 82.875     2868      301     2891      310     23      9      2867       302      2889       299      2890       307      2868       310      2843       276      2916       335 PARcau 7.426102e-02 1.005531e-01 0.825186
    80   2       2874        305  7.000  19.000 103.5 90.000     2866      302     2886      310     20      8      2866       302      2885       302      2885       309      2866       309      2841       277      2911       335 PARcau 4.831895e-01 1.602598e-02 0.500785
    81   2       2873        305  7.000  19.000 107.5 90.000     2864      302     2884      310     20      8      2864       302      2883       302      2883       309      2864       309      2839       277      2909       335 PARcau 2.135238e-01 1.641475e-02 0.770061
    82   2       2871        305  7.000  21.000  96.5 90.000     2862      302     2884      310     22      8      2862       302      2883       302      2883       309      2862       309      2837       277      2909       335 PARcau 7.264604e-02 1.151627e-01 0.812191
    83   2       2869        305  7.000  15.000  77.0 90.000     2862      302     2878      310     16      8      2862       302      2877       302      2877       309      2862       309      2837       277      2903       335 PARcau 2.581409e-02 7.184973e-02 0.902336
    84   2       2868        305  7.000  17.000  71.5 90.000     2860      302     2878      310     18      8      2860       302      2877       302      2877       309      2860       309      2835       277      2903       335 PARcau 4.366979e-02 5.202629e-02 0.904304
    85   2       2866        305  6.083  14.142  48.5 81.870     2860      302     2875      310     15      8      2859       303      2873       301      2874       307      2860       309      2835       277      2900       335 PARcau 1.962205e-03 1.709129e-03 0.996329
    87   2       2862        306  6.185  10.689  29.0 78.690     2856      303     2868      310     12      7      2855       304      2865       302      2867       308      2856       310      2831       278      2893       335 PARcau 3.912216e-03 4.206668e-05 0.996046
    88   2       2859        306  6.000  11.000  41.0 90.000     2854      303     2866      310     12      7      2854       303      2865       303      2865       309      2854       309      2829       278      2891       335 PARcau 3.230903e-02 1.773057e-04 0.967514
    89   2       2856        306  7.000  12.000  61.0  0.000     2851      302     2864      310     13      8      2851       302      2863       302      2863       309      2851       309      2826       277      2889       335 PARcau 6.217209e-02 6.100804e-03 0.931727
    90   2       2854        305  6.000  14.000  51.0 90.000     2849      303     2864      310     15      7      2849       303      2863       303      2863       309      2849       309      2824       278      2889       335 PARcau 2.324928e-02 5.338725e-04 0.976217
    91   2       2854        305  6.000  13.000  61.0 90.000     2848      303     2862      310     14      7      2848       303      2861       303      2861       309      2848       309      2823       278      2887       335 PARcau 4.738628e-01 2.419806e-04 0.525895
    91   3        556        309  4.924  10.062  28.0 63.435      554      306      562      316      8     10       557       305       562       314       557       316       553       307       529       281       587       341 PARcau 1.928239e-02 2.505683e-04 0.980467
    92   2       2853        305  7.000  12.000  56.0 90.000     2848      303     2861      311     13      8      2848       303      2860       303      2860       310      2848       310      2823       278      2886       336 PARcau 8.673713e-01 9.318633e-07 0.132628
    93   2       2853        306  6.325  10.770  34.5 68.199     2849      304     2860      311     11      7      2848       305      2858       301      2860       307      2850       311      2824       279      2885       336 PARcau 3.448123e-01 9.634216e-06 0.655178
    94   2       2853        310  6.000   7.000  27.5 90.000     2850      307     2858      314      8      7      2850       307      2857       307      2857       313      2850       313      2825       282      2883       339 PARcau 5.949293e-02 3.717465e-05 0.940470
    95   2       2852        311  7.071  11.314  54.0 45.000     2847      305     2858      317     11     12      2845       312      2853       304      2858       309      2850       317      2822       280      2883       342 PARcau 2.648594e-01 1.460829e-04 0.734995
    96   2       2850        312  7.071  12.042  51.5 45.000     2845      307     2858      317     13     10      2844       314      2852       305      2857       310      2849       319      2820       282      2883       342 PARcau 7.111480e-02 2.337427e-05 0.928862
    97   2       2850        312  6.042  12.349  51.0 68.199     2845      309     2857      317     12      8      2843       312      2855       307      2857       313      2846       317      2820       284      2882       342 PARcau 2.254952e-01 6.186910e-07 0.774504
    98   2       2849        312  6.325  13.928  48.5 69.444     2843      309     2857      317     14      8      2842       312      2855       307      2857       313      2844       318      2818       284      2882       342 PARcau 4.663848e-01 1.354730e-05 0.533602
    99   2       2849        313  5.385  13.601  45.5 74.055     2843      310     2857      317     14      7      2842       312      2855       308      2857       313      2844       317      2818       285      2882       342 PARcau 8.464210e-01 2.298410e-05 0.153556
   100   2       2849        313  4.743  13.285  36.5 71.565     2843      310     2857      317     14      7      2842       313      2855       308      2856       313      2844       317      2818       285      2882       342 PARcau 7.195886e-01 6.330712e-05 0.280348
   108   2       2844        321  8.000   9.000  48.5 90.000     2841      317     2850      327      9     10      2841       317      2849       317      2849       326      2841       326      2816       292      2875       352 PARcau 7.066835e-01 5.351183e-02 0.239805
   109   2       2844        322  7.211  13.601  67.5 33.690     2840      317     2851      329     11     12      2837       326      2845       315      2851       319      2843       330      2815       292      2876       354 PARcau 4.464631e-01 4.019123e-04 0.553135
   110   2       2843        323  7.778  14.849  83.5 45.000     2838      317     2851      331     13     14      2836       325      2846       315      2852       320      2841       331      2813       292      2876       356 PARcau 4.886950e-01 7.161973e-02 0.439685
   111   2       2843        324  7.778  16.263  83.5 45.000     2837      318     2851      331     14     13      2835       326      2846       315      2852       320      2840       332      2812       293      2876       356 PARcau 2.278306e-02 2.215300e-03 0.975002
   112   2       2842        324  7.071  17.029  80.5 48.814     2836      319     2851      332     15     13      2834       327      2847       316      2852       321      2839       332      2811       294      2876       357 PARcau 8.412113e-03 1.476208e-04 0.991440
   113   2       2842        325  7.433  16.101  78.0 54.462     2835      320     2850      332     15     12      2833       327      2846       318      2851       323      2838       333      2810       295      2875       357 PARcau 6.826992e-01 1.540389e-03 0.315760
   114   2       2841        326  7.500  16.008  63.5 51.340     2834      320     2850      333     16     13      2833       328      2845       318      2850       324      2837       334      2809       295      2875       358 PARcau 5.180763e-01 1.276166e-02 0.469162
   115   2       2840        327  5.852  15.977  43.0 69.444     2834      322     2849      333     15     11      2832       326      2847       321      2849       326      2834       332      2809       297      2874       358 PARcau 5.933928e-01 2.543418e-03 0.404064
   116   2       2838        328  6.403  12.806  40.0 51.340     2834      324     2847      333     13      9      2832       329      2842       321      2846       326      2836       334      2809       299      2872       358 PARcau 5.779719e-01 5.401424e-03 0.416627
   117   4       3421       2851  6.185   9.962  40.0 71.565     3418     2847     3426     2857      8     10      3417      2847      3423      2846      3426      2855      3420      2857      3393      2822      3451      2882 PARcau 4.412842e-05 2.099291e-07 0.999956
   118   4       3422       2851  7.071  11.314  58.0 45.000     3418     2847     3428     2857     10     10      3421      2845      3429      2853      3424      2858      3416      2850      3393      2822      3453      2882 PARcau 2.122180e-04 1.734564e-06 0.999786
   119   4       3423       2852 10.000  10.000  71.0 90.000     3418     2847     3429     2858     11     11      3418      2847      3428      2847      3428      2857      3418      2857      3393      2822      3454      2883 PARcau 1.141016e-04 6.960532e-07 0.999885
   120   4       3423       2852  7.778  12.021  66.5 45.000     3418     2847     3429     2858     11     11      3422      2845      3430      2853      3425      2859      3416      2850      3393      2822      3454      2883 PARcau 6.537703e-05 6.971302e-06 0.999928
   120   2       2837        317  8.000  10.000  64.0 90.000     2834      312     2843      323      9     11      2834       312      2842       312      2842       322      2834       322      2809       287      2868       348 PARcau 5.053311e-02 4.608406e-02 0.903383
   121   2       2836        317  8.485  11.314  70.0 45.000     2831      313     2843      323     12     10      2835       310      2843       318      2837       324      2829       316      2806       288      2868       348 PARcau 4.559380e-02 8.108906e-03 0.946297
   121   4       3423       2852  9.000   9.000  61.5 90.000     3419     2848     3429     2858     10     10      3419      2848      3428      2848      3428      2857      3419      2857      3394      2823      3454      2883 PARcau 2.119822e-06 7.345618e-08 0.999998
   122   4       3423       2852  9.000   9.000  58.0 90.000     3419     2848     3429     2858     10     10      3419      2848      3428      2848      3428      2857      3419      2857      3394      2823      3454      2883 PARcau 9.196691e-06 1.822414e-06 0.999989
   122   2       2836        318  6.000  10.000  49.0 90.000     2832      315     2843      322     11      7      2832       315      2842       315      2842       321      2832       321      2807       290      2868       347 PARcau 1.314610e-01 5.892348e-02 0.809616
   123   4       3423       2851  8.000   9.000  53.0 90.000     3419     2848     3429     2857     10      9      3419      2848      3428      2848      3428      2856      3419      2856      3394      2823      3454      2882 PARcau 9.143392e-05 1.032459e-05 0.999898
   123   2       2837        318  4.000   8.000  26.5 90.000     2834      317     2843      322      9      5      2834       317      2842       317      2842       321      2834       321      2809       292      2868       347 PARcau 2.025850e-02 8.776048e-04 0.978864
   125   2       2855        322  5.000   7.000  29.5 90.000     2852      320     2860      326      8      6      2852       320      2859       320      2859       325      2852       325      2827       295      2885       351 PARcau 9.849092e-01 1.010525e-06 0.015090
   125   3        592        322  8.000  13.000  70.0 90.000      586      318      600      327     14      9       586       318       599       318       599       326       586       326       561       293       625       352 PARcau 6.254040e-03 1.676925e-02 0.976977
   126   3        597        322  8.000  15.000  81.5 90.000      590      318      606      327     16      9       590       318       605       318       605       326       590       326       565       293       631       352 PARcau 3.057347e-02 1.343079e-02 0.955996
   126   2       2856        322  6.083  10.198  42.0 11.310     2852      319     2863      327     11      8      2852       318      2862       320      2861       326      2851       324      2827       294      2888       352 PARcau 9.758336e-01 8.640336e-07 0.024166
   127   2       2858        322  7.000  12.000  63.0 90.000     2852      319     2865      327     13      8      2852       319      2864       319      2864       326      2852       326      2827       294      2890       352 PARcau 9.955850e-01 6.963783e-09 0.004415
   127   3        603        322  7.000  16.000  94.5 90.000      596      319      613      327     17      8       596       319       612       319       612       326       596       326       571       294       638       352 PARcau 6.290396e-03 1.161189e-02 0.982098
   128   2       2859        321  6.000  14.000  59.0 90.000     2852      319     2867      326     15      7      2852       319      2866       319      2866       325      2852       325      2827       294      2892       351 PARcau 9.883831e-01 3.321476e-06 0.011614
   128   3        610        323  8.000  16.000 100.0 90.000      602      319      619      328     17      9       602       319       618       319       618       327       602       327       577       294       644       353 PARcau 2.895358e-03 1.253114e-02 0.984574
   129   2       2859        322  6.000  14.000  56.5 90.000     2852      319     2867      326     15      7      2852       319      2866       319      2866       325      2852       325      2827       294      2892       351 PARcau 9.716274e-01 2.152836e-05 0.028351
   129   3        616        323  8.000  17.000 112.5 90.000      608      320      626      329     18      9       608       320       625       320       625       328       608       328       583       295       651       354 PARcau 1.853841e-03 8.809505e-03 0.989337
   130   2       2860        321  6.964  14.577  50.0 68.199     2852      318     2868      326     16      8      2851       321      2865       316      2867       322      2854       328      2827       293      2893       351 PARcau 9.434860e-01 2.219565e-06 0.056512
   130   3        618        323  9.000  17.000 112.5 90.000      610      319      628      329     18     10       610       319       627       319       627       328       610       328       585       294       653       354 PARcau 8.594711e-03 5.168289e-02 0.939722
   131   3        614        322  7.000  14.000  73.5 90.000      608      319      623      327     15      8       608       319       622       319       622       326       608       326       583       294       648       352 PARcau 2.815276e-03 1.112472e-02 0.986060
   131   2       2861        321  7.071   8.485  35.0 45.000     2856      318     2868      325     12      7      2856       321      2862       315      2867       320      2861       326      2831       293      2893       350 PARcau 9.920706e-01 1.677933e-08 0.007929
   132   3        611        322  6.403  10.630  40.0 53.130      605      319      618      327     13      8       605       322       613       315       617       320       609       327       580       294       643       352 PARcau 3.503944e-03 2.080102e-02 0.975695
   133   2       2860        318  6.325  13.601  28.5 18.435     2853      316     2867      324     14      8      2854       314      2867       318      2865       324      2852       320      2828       291      2892       349 PARcau 8.660218e-01 5.686902e-04 0.133410
   133   3        607        322  6.000  11.000  29.5 90.000      602      319      614      326     12      7       602       319       613       319       613       325       602       325       577       294       639       351 PARcau 3.516772e-04 8.453498e-03 0.991195
   135   3        605        318  6.000  10.000  31.0 90.000      602      314      609      325      7     11       602       314       608       314       608       324       602       324       577       289       634       350 PARcau 2.030377e-02 2.131134e-02 0.958385
   136   3        603        317  6.000   9.000  33.0 90.000      601      314      608      324      7     10       601       314       607       314       607       323       601       323       576       289       633       349 PARcau 3.353376e-03 4.079836e-03 0.992567
   137   3        602        316  7.000   9.000  36.5 90.000      598      313      608      321     10      8       598       313       607       313       607       320       598       320       573       288       633       346 PARcau 1.143286e-01 2.079740e-02 0.864874
   138   3        600        314  8.062  14.318  51.5 63.435      595      310      608      321     13     11       594       310       601       306       607       319       600       323       570       285       633       346 PARcau 1.025832e-01 4.831644e-02 0.849100
   139   3        598        313  5.657  18.385  73.0 45.000      592      307      607      321     15     14       594       305       607       318       603       322       590       309       567       282       632       346 PARcau 1.044269e-02 6.638000e-02 0.923177
   140   3        597        312  6.403  17.029  74.5 49.399      591      305      605      319     14     14       593       303       604       316       599       320       588       307       566       280       630       344 PARcau 3.332137e-02 2.951720e-02 0.937161
   141   3        596        311  6.801  15.945  70.0 49.399      591      304      604      319     13     15       593       303       604       315       598       319       588       307       566       279       629       344 PARcau 2.774451e-03 6.608502e-03 0.990617
   142   3        595        310  7.211  15.811  74.0 56.310      590      303      602      319     12     16       593       302       602       315       596       319       587       306       565       278       627       344 PARcau 2.226050e-02 2.032033e-02 0.957419
   143   3        594        309  6.708  13.416  56.0 63.435      590      303      600      317     10     14       594       302       600       314       594       317       588       305       565       278       625       342 PARcau 1.818023e-02 6.418256e-02 0.917637
   144   3        594        309  7.159  11.885  43.0 78.690      590      305      599      317      9     12       589       305       596       303       599       315       592       316       565       280       624       342 PARcau 3.796481e-02 3.801351e-02 0.924022
   145   3        593        308  7.000   8.000  28.5 90.000      590      305      598      314      8      9       590       305       597       305       597       313       590       313       565       280       623       339 PARcau 2.265569e-03 3.553029e-03 0.994181
   147   3        593        299  7.280   7.280  29.0 71.565      590      297      598      305      8      8       588       297       595       295       597       302       590       304       565       272       623       330 PARcau 2.712222e-02 7.529141e-03 0.965349
   148   3        593        299  6.000   6.000  27.5 90.000      590      297      597      304      7      7       590       297       596       297       596       303       590       303       565       272       622       329 PARcau 1.729303e-01 4.553424e-03 0.822516
   148   2       2848        301  7.280   7.280  30.0 14.036     2845      297     2853      306      8      9      2845       296      2852       298      2850       305      2843       303      2820       272      2878       331 PARcau 1.607267e-03 3.204589e-04 0.998072
   149   3        593        299  6.000   6.000  26.5 90.000      590      297      597      304      7      7       590       297       596       297       596       303       590       303       565       272       622       329 PARcau 3.223784e-03 1.599875e-02 0.980777
   149   2       2847        299  7.211  10.817  48.5 56.310     2844      295     2853      306      9     11      2847       293      2853       302      2847       306      2841       297      2819       270      2878       331 PARcau 9.336049e-05 7.903705e-04 0.999116