 Frame  ID  CentroidX  CentroidY  Width  Length  Area  Angle  Box_TLX  Box_TLY  Box_BRX  Box_BRY  Box_W  Box_H  rBox_TLX  rBox_TLY  rBox_TRX  rBox_TRY  rBox_BRX  rBox_BRY  rBox_BLX  rBox_BLY  lBox_TLX  lBox_TLY  lBox_BRX  lBox_BRY  Label       HOMver       NONpro   PARcau
    21   0       1068       1449  9.434  30.017 226.5 59.036     1059     1436     1078     1463     19     27      1064      1433      1079      1459      1071      1464      1056      1438      1034      1411      1103      1488 PARcau 1.645335e-04 8.772075e-07 0.999835
    21   1       1398        996  8.485  21.932 150.5 45.000     1390      988     1408     1006     18     18      1388      1001      1403       985      1409       991      1394      1007      1365       963      1433      1031 PARcau 1.271879e-02 6.881536e-07 0.987281
    22   1       1399        996  9.192  21.920 146.5 45.000     1392      988     1409     1006     17     18      1389      1000      1405       984      1411       991      1396      1006      1367       963      1434      1031 PARcau 7.586268e-02 3.180832e-05 0.924105
    22   0       1063       1441  9.434  27.459 205.5 56.310     1055     1429     1073     1454     18     25      1059      1427      1074      1450      1066      1455      1051      1432      1030      1404      1098      1479 PARcau 9.905416e-05 1.060858e-06 0.999900
    23   1       1394       1003  9.192  20.506 136.5 45.000     1386      996     1404     1011     18     15      1384      1007      1398       992      1405       999      1390      1013      1361       971      1429      1036 PARcau 5.642356e-01 6.567754e-06 0.435758
    23   0       1059       1434 10.296  27.785 211.5 60.255     1050     1422     1069     1447     19     25      1056      1419      1070      1443      1061      1448      1047      1424      1025      1397      1094      1472 PARcau 4.165418e-03 1.125368e-04 0.995722
    24   1       1388       1008  8.944  15.652  96.0 63.435     1382     1003     1396     1015     14     12      1380      1008      1394      1001      1398      1009      1384      1016      1357       978      1421      1040 PARcau 6.542199e-01 2.497521e-02 0.320805
    24   0       1055       1426  9.849  26.833 208.0 63.435     1046     1415     1065     1440     19     25      1053      1412      1065      1436      1056      1440      1044      1416      1021      1390      1090      1465 PARcau 2.273290e-03 3.543010e-04 0.997372
    24   2        721       2182  5.657   9.220  29.5 38.660      717     2179      727     2187     10      8       719      2177       726      2183       722      2187       715      2181       692      2154       752      2212 PARcau 3.234189e-05 4.735645e-04 0.999494
    25   2        720       2182  5.408  10.308  32.5 51.340      717     2179      726     2188      9      9       719      2177       726      2185       721      2188       715      2180       692      2154       751      2213 PARcau 1.090423e-04 2.574748e-03 0.997316
    25   1       1385       1011 10.000  10.000  77.0 90.000     1380     1007     1391     1018     11     11      1380      1007      1390      1007      1390      1017      1380      1017      1355       982      1416      1043 PARcau 1.175934e-04 9.716483e-01 0.028234
    25   0       1050       1419 10.404  25.303 196.0 53.130     1042     1409     1060     1431     18     22      1047      1406      1062      1426      1054      1432      1038      1412      1017      1384      1085      1456 PARcau 8.271118e-05 1.210918e-08 0.999917
    26   1       1383       1015  9.000  15.000  91.0  0.000     1379     1008     1389     1024     10     16      1379      1008      1388      1008      1388      1023      1379      1023      1354       983      1414      1049 PARcau 3.066858e-01 4.802539e-04 0.692834
    26   0       1045       1413 10.308  26.632 207.0 50.194     1037     1402     1056     1425     19     23      1040      1399      1057      1419      1049      1426      1032      1405      1012      1377      1081      1450 PARcau 2.418088e-04 3.357929e-06 0.999755
    27   1       1382       1021  7.566  17.066  84.5  5.711     1378     1013     1387     1031      9     18      1379      1012      1386      1013      1385      1030      1377      1029      1353       988      1412      1056 PARcau 5.610226e-02 1.391129e-04 0.943759
    27   0       1039       1407 10.630  26.870 213.5 45.000     1030     1397     1051     1419     21     22      1034      1394      1053      1413      1045      1420      1026      1401      1005      1372      1076      1444 PARcau 3.961906e-02 7.661730e-04 0.959615
    28   0       1033       1401  9.899  26.870 205.5 45.000     1024     1391     1045     1412     21     21      1027      1388      1046      1407      1039      1414      1020      1395       999      1366      1070      1437 PARcau 9.139391e-05 1.594672e-05 0.999893
    28   1       1380       1031  6.801  20.500  92.0 12.529     1376     1021     1386     1042     10     21      1379      1020      1386      1022      1381      1042      1375      1040      1351       996      1411      1067 PARcau 1.917954e-01 1.287511e-04 0.808076
    29   0       1027       1396  9.192  26.163 200.0 45.000     1017     1387     1039     1407     22     20      1021      1383      1040      1402      1033      1408      1015      1390       992      1362      1064      1432 PARcau 9.815488e-05 4.314403e-05 0.999859
    29   1       1378       1039  8.544  22.472 133.0 21.801     1373     1029     1385     1050     12     21      1378      1027      1386      1030      1378      1051      1370      1048      1348      1004      1410      1075 PARcau 5.032271e-03 8.527473e-06 0.994959
    30   1       1375       1046 10.062  22.809 152.5 26.565     1368     1036     1383     1058     15     22      1365      1054      1375      1034      1384      1038      1374      1059      1343      1011      1408      1083 PARcau 7.009798e-01 5.255984e-06 0.299015
    30   0       1020       1390  9.899  26.870 212.0 45.000     1009     1381     1032     1402     23     21      1014      1377      1033      1396      1026      1403      1007      1384       984      1356      1057      1427 PARcau 3.400118e-04 1.931956e-03 0.997728
    31   2        719       2184  4.243   8.485  28.0 45.000      716     2181      725     2188      9      7       718      2180       724      2186       721      2189       715      2183       691      2156       750      2213 PARcau 4.440696e-08 6.189985e-05 0.999938
    31   1       1371       1052  9.434  22.472 152.5 33.690     1365     1043     1380     1063     15     20      1361      1059      1373      1040      1381      1045      1369      1064      1340      1018      1405      1088 PARcau 4.045105e-03 3.944423e-07 0.995955
    31   0       1013       1385  9.925  26.954 201.0 39.806     1003     1376     1025     1396     22     20      1005      1372      1026      1390      1019      1397       999      1380       978      1351      1050      1421 PARcau 1.264977e-03 1.055279e-01 0.893207
    32   1       1368       1057  9.899  21.213 154.0 45.000     1361     1049     1377     1068     16     19      1357      1061      1372      1046      1379      1053      1364      1068      1336      1024      1402      1093 PARcau 6.471509e-02 9.205372e-08 0.935285
    32   0       1005       1379  9.899  26.870 207.5 45.000      995     1370     1017     1391     22     21       999      1366      1018      1385      1011      1392       992      1373       970      1345      1042      1416 PARcau 1.494366e-02 4.036248e-03 0.981020
    33   1       1365       1061  9.192  20.506 145.0 45.000     1358     1054     1374     1071     16     17      1355      1066      1369      1051      1376      1058      1361      1072      1333      1029      1399      1096 PARcau 5.601888e-01 6.589894e-05 0.439745
    33   0        998       1373  9.192  28.991 219.0 45.000      988     1362     1010     1386     22     24       991      1360      1011      1380      1005      1387       984      1366       963      1337      1035      1411 PARcau 9.870748e-04 8.121644e-05 0.998932
    34   1       1362       1063  9.899  19.799 138.0 45.000     1355     1056     1371     1072     16     16      1352      1067      1366      1053      1373      1060      1359      1074      1330      1031      1396      1097 PARcau 9.693316e-01 1.378760e-04 0.030531
    34   0        992       1366  9.899  28.284 218.0 45.000      982     1355     1003     1379     21     24       985      1353      1005      1373       998      1380       978      1360       957      1330      1028      1404 PARcau 4.998820e-08 8.782420e-06 0.999991
    35   1       1361       1061  9.220  19.925 135.0 74.055     1353     1056     1372     1068     19     12      1351      1060      1370      1054      1372      1063      1353      1069      1328      1031      1397      1093 PARcau 4.254916e-02 1.076707e-03 0.956374
    35   0        986       1359  9.434  27.459 206.0 56.310      977     1347      996     1372     19     25       982      1344       997      1367       989      1372       974      1349       952      1322      1021      1397 PARcau 4.246686e-07 2.001752e-07 0.999999
    36   1       1361       1059  9.000  20.000 142.0 90.000     1352     1055     1373     1065     21     10      1352      1055      1372      1055      1372      1064      1352      1064      1327      1030      1398      1090 PARcau 9.676062e-02 9.132557e-02 0.811914
    36   0        980       1351  9.434  26.926 202.0 59.036      972     1340      990     1364     18     24       977      1337       991      1360       983      1365       969      1342       947      1315      1015      1389 PARcau 3.832513e-08 4.221687e-08 1.000000
    37   1       1359       1055  9.618  20.797 139.5 26.565     1350     1049     1370     1063     20     14      1352      1046      1371      1056      1366      1064      1348      1055      1325      1024      1395      1088 PARcau 8.310358e-03 4.732198e-04 0.991216
    37   0        975       1343  9.708  27.879 194.5 56.310      967     1330      985     1356     18     26       971      1328       986      1351       978      1357       963      1333       942      1305      1010      1381 PARcau 1.733180e-10 6.558486e-08 1.000000
    38   1       1355       1050  8.485  21.213 142.0 45.000     1347     1043     1365     1059     18     16      1351      1040      1366      1055      1360      1061      1345      1046      1322      1018      1390      1084 PARcau 3.451956e-02 2.378523e-04 0.965243
    38   0        970       1335  9.434  26.420 183.0 59.744      963     1324      981     1348     18     24       968      1321       981      1344       973      1349       960      1326       938      1299      1006      1373 PARcau 8.219763e-03 3.130928e-05 0.991749
    39   1       1351       1045  8.485  19.799 133.5 45.000     1344     1037     1360     1054     16     17      1347      1035      1361      1049      1355      1055      1341      1041      1319      1012      1385      1079 PARcau 2.385714e-04 6.837374e-07 0.999761
    39   0        966       1327 10.607  23.335 170.0 45.000      959     1317      974     1339     15     22       961      1315       978      1332       970      1339       954      1323       934      1292       999      1364 PARcau 9.034487e-01 4.773333e-05 0.096504
    40   1       1347       1039  9.192  17.678 123.5 45.000     1341     1032     1355     1048     14     16      1344      1030      1356      1042      1350      1049      1337      1036      1316      1007      1380      1073 PARcau 5.547818e-04 7.581911e-06 0.999438
    40   0        962       1321  9.552  25.870 190.0 48.814      954     1310      973     1333     19     23       957      1308       974      1327       967      1334       950      1314       929      1285       998      1358 PARcau 7.783864e-07 4.877347e-06 0.999994
    40   3       3312       2565  6.265  12.777  37.5 59.036     3308     2561     3319     2572     11     11      3306      2565      3317      2559      3320      2564      3309      2571      3283      2536      3344      2597 PARcau 1.341863e-02 6.929600e-01 0.293621
    41   1       1343       1034  9.220  18.385 122.5 45.000     1337     1027     1351     1043     14     16      1340      1025      1353      1038      1346      1044      1333      1031      1312      1002      1376      1068 PARcau 9.488329e-03 2.886946e-04 0.990223
    41   0        958       1315  9.899  24.042 190.0 45.000      949     1305      968     1326     19     21       953      1303       970      1320       963      1327       946      1310       924      1280       993      1351 PARcau 3.519702e-04 5.776243e-03 0.993872
    42   1       1340       1029  9.394  21.243 135.5 63.435     1334     1020     1348     1039     14     19      1339      1017      1349      1036      1340      1040      1331      1021      1309       995      1373      1064 PARcau 3.245284e-05 2.457769e-06 0.999965
    42   0        952       1309  9.899  25.456 193.0 45.000      943     1300      963     1320     20     20       947      1297       965      1315       958      1322       940      1304       918      1275       988      1345 PARcau 2.474321e-07 4.335525e-03 0.995664
    43   1       1341       1029  9.179  20.670 141.0 59.036     1334     1021     1349     1039     15     18      1339      1018      1350      1035      1342      1040      1331      1022      1309       996      1374      1064 PARcau 5.175922e-04 6.086910e-05 0.999422
    43   0        947       1304  9.192  24.749 193.0 45.000      937     1295      958     1315     21     20       941      1292       959      1310       952      1316       935      1299       912      1270       983      1340 PARcau 4.784373e-12 2.653554e-09 1.000000
    44   1       1345       1035  9.434  16.643 110.5 33.690     1338     1029     1354     1043     16     14      1340      1027      1354      1036      1349      1044      1335      1035      1313      1004      1379      1068 PARcau 2.071232e-03 5.385073e-04 0.997390
    44   0        941       1299  9.220  25.456 187.5 45.000      931     1290      952     1310     21     20       935      1287       953      1305       946      1311       928      1293       906      1265       977      1335 PARcau 4.363430e-08 2.895500e-07 1.000000
    45   3       3313       2566  4.301  12.104  27.0 50.194     3308     2562     3318     2572     10     10      3307      2568      3316      2561      3319      2564      3309      2572      3283      2537      3343      2597 PARcau 2.232845e-03 3.380663e-03 0.994387
    45   1       1346       1039 11.000  12.000  95.5 90.000     1341     1034     1354     1046     13     12      1341      1034      1353      1034      1353      1045      1341      1045      1316      1009      1379      1071 PARcau 6.566498e-04 9.663618e-01 0.032982
    45   0        934       1294  9.220  26.870 197.5 45.000      924     1285      945     1305     21     20       927      1281       946      1300       940      1307       921      1288       899      1260       970      1330 PARcau 2.058244e-11 6.119280e-09 1.000000
    46   1       1346       1043  9.487  17.088 112.0 18.435     1342     1035     1353     1053     11     18      1345      1034      1354      1037      1348      1053      1339      1050      1317      1010      1378      1078 PARcau 1.742655e-01 3.686729e-03 0.822048
    46   0        927       1288  9.192  27.577 207.0 45.000      917     1278      938     1300     21     22       920      1275       940      1295       933      1301       914      1282       892      1253       963      1325 PARcau 3.560593e-09 3.176453e-08 1.000000
    47   1       1348       1043  9.055  18.111 117.0 84.289     1344     1035     1354     1054     10     19      1343      1035      1352      1034      1354      1052      1345      1053      1319      1010      1379      1079 PARcau 2.735638e-02 6.629358e-02 0.906350
    47   0        920       1282  9.899  26.870 206.5 45.000      911     1271      931     1294     20     23       914      1269       933      1288       926      1295       907      1276       886      1246       956      1319 PARcau 1.060158e-08 5.535982e-08 1.000000
    48   1       1350       1042  8.139  19.906  98.5 78.690     1346     1033     1356     1053     10     20      1344      1033      1352      1032      1356      1051      1348      1053      1321      1008      1381      1078 PARcau 6.090033e-01 6.706345e-03 0.384290
    48   0        914       1275  9.220  27.019 200.5 51.340      905     1264      925     1287     20     23       909      1261       926      1282       919      1288       902      1267       880      1239       950      1312 PARcau 8.292898e-06 8.602459e-06 0.999983
    49   1       1353       1044  8.944  18.788  98.0 63.435     1347     1035     1360     1054     13     19      1353      1033      1361      1050      1353      1054      1345      1037      1322      1010      1385      1079 PARcau 4.666399e-03 5.626680e-05 0.995277
    49   0        909       1267  9.708  28.430 204.5 56.310      901     1256      919     1280     18     24       905      1252       921      1276       913      1281       897      1258       876      1231       944      1305 PARcau 1.693854e-04 3.842746e-04 0.999446
    50   1       1359       1048  8.902  16.008 101.5 38.660     1352     1042     1367     1056     15     14      1355      1039      1367      1049      1362      1056      1349      1046      1327      1017      1392      1081 PARcau 1.872732e-04 5.199304e-05 0.999761
    50   0        904       1259  9.708  27.042 196.5 56.310      897     1247      914     1272     17     25       900      1245       915      1267       907      1273       892      1250       872      1222       939      1297 PARcau 1.064778e-05 1.586149e-04 0.999831
    51   1       1364       1050  9.341  16.978  93.5 15.945     1357     1045     1373     1058     16     13      1357      1044      1374      1048      1371      1057      1355      1053      1332      1020      1398      1083 PARcau 5.992880e-02 4.912606e-04 0.939580
    51   0        900       1252 10.062  26.387 197.0 63.435      893     1240      910     1264     17     24       899      1237       911      1261       902      1265       890      1242       868      1215       935      1289 PARcau 3.516651e-03 1.800246e-04 0.996303
    52   1       1370       1053  7.433  15.692  75.5 21.801     1363     1049     1379     1060     16     11      1364      1047      1379      1053      1376      1060      1362      1054      1338      1024      1404      1085 PARcau 5.137887e-04 6.013865e-02 0.939348
    52   0        897       1244 10.296  25.495 196.0 63.435      890     1233      906     1257     16     24       896      1230       907      1253       898      1258       887      1235       865      1208       931      1282 PARcau 5.111402e-03 5.102523e-05 0.994838
    53   1       1376       1055  8.500  14.534  88.5 26.565     1369     1051     1384     1062     15     11      1371      1048      1384      1055      1380      1062      1367      1056      1344      1026      1409      1087 PARcau 2.351729e-02 2.329169e-02 0.953191
    53   0        894       1237 10.404  25.520 193.5 56.310      886     1226      903     1249     17     23       890      1223       905      1244       896      1250       882      1229       861      1201       928      1274 PARcau 2.020328e-01 2.760349e-03 0.795207
    54   1       1380       1057 10.000  12.000  90.0 90.000     1374     1053     1387     1064     13     11      1374      1053      1386      1053      1386      1063      1374      1063      1349      1028      1412      1089 PARcau 2.937822e-03 9.310682e-01 0.065994
    54   0        890       1231 10.308  24.602 199.0 53.130      882     1220      900     1242     18     22       886      1217       901      1237       893      1243       878      1224       857      1195       925      1267 PARcau 2.140141e-03 4.861605e-06 0.997855
    55   1       1383       1059 10.000  11.000  86.5 90.000     1378     1054     1390     1065     12     11      1378      1054      1389      1054      1389      1064      1378      1064      1353      1029      1415      1090 PARcau 4.241559e-04 8.863667e-01 0.113209
    55   0        886       1225  9.899  24.042 187.0 45.000      878     1215      896     1236     18     21       881      1213       898      1230       891      1237       874      1220       853      1190       921      1261 PARcau 3.973052e-03 3.374693e-07 0.996027
    56   1       1385       1060 10.000  11.000  86.5 90.000     1381     1055     1392     1067     11     12      1381      1055      1391      1055      1391      1066      1381      1066      1356      1030      1417      1092 PARcau 2.759353e-05 9.928362e-01 0.007136
    56   0        881       1219  9.899  25.456 187.5 45.000      873     1209      892     1230     19     21       875      1206       893      1224       886      1231       868      1213       848      1184       917      1255 PARcau 5.701861e-01 1.497816e-05 0.429799
    56   3       3300       2573  6.708  15.652  61.0 26.565     3296     2565     3306     2580     10     15      3294      2577      3301      2563      3307      2566      3300      2580      3271      2540      3331      2605 PARcau 1.029753e-02 4.336906e-04 0.989269
    57   1       1387       1063 10.000  11.000  85.0 90.000     1383     1058     1394     1070     11     12      1383      1058      1393      1058      1393      1069      1383      1069      1358      1033      1419      1095 PARcau 1.402544e-03 9.521980e-01 0.046399
    57   3       3300       2572  7.906  21.506  93.0 18.435     3295     2561     3307     2582     12     21      3300      2559      3308      2561      3301      2582      3294      2579      3270      2536      3332      2607 PARcau 4.839063e-05 1.981615e-05 0.999932
    57   0        876       1213  9.220  25.456 190.5 45.000      867     1203      887     1225     20     22       870      1201       888      1219       882      1226       864      1208       842      1178       912      1250 PARcau 6.036845e-03 6.593698e-07 0.993962
    58   3       3300       2571  8.246  21.587 119.5 14.036     3295     2561     3307     2582     12     21      3298      2559      3306      2561      3301      2582      3293      2580      3270      2536      3332      2607 PARcau 6.989090e-04 3.459791e-03 0.995841
    58   1       1389       1067  9.000  12.000  90.0 90.000     1385     1061     1395     1074     10     13      1385      1061      1394      1061      1394      1073      1385      1073      1360      1036      1420      1099 PARcau 8.548209e-03 9.310493e-01 0.060402
    58   0        871       1208  9.899  24.042 187.5 45.000      862     1198      881     1219     19     21       866      1196       883      1213       876      1220       859      1203       837      1173       906      1244 PARcau 3.916859e-04 8.099847e-07 0.999608
    59   3       3300       2571  8.139  23.049 135.0 11.310     3295     2560     3307     2583     12     23      3298      2558      3306      2560      3301      2582      3293      2581      3270      2535      3332      2608 PARcau 7.231659e-04 3.467140e-04 0.998930
    59   1       1390       1071  9.000  13.000  98.5 90.000     1386     1065     1396     1079     10     14      1386      1065      1395      1065      1395      1078      1386      1078      1361      1040      1421      1104 PARcau 3.842934e-03 8.704029e-01 0.125754
    59   0        865       1202  9.899  26.870 193.5 45.000      856     1192      876     1213     20     21       859      1189       878      1208       871      1215       852      1196       831      1167       901      1238 PARcau 1.093370e-05 3.056333e-09 0.999989
    60   3       3299       2571  8.062  24.083 130.5  4.764     3295     2560     3305     2585     10     25      3296      2559      3304      2560      3302      2584      3294      2583      3270      2535      3330      2610 PARcau 5.637301e-03 3.409687e-04 0.994022
    60   1       1392       1076  9.708  15.403 108.5 75.964     1387     1069     1398     1085     11     16      1385      1070      1395      1068      1398      1083      1389      1085      1362      1044      1423      1110 PARcau 6.881654e-01 5.974592e-03 0.305860
    60   0        859       1196  9.899  26.870 202.5 45.000      850     1185      870     1208     20     23       853      1183       872      1202       865      1209       846      1190       825      1160       895      1233 PARcau 2.954316e-03 4.741054e-07 0.997045
    61   3       3298       2572  8.000  24.000 148.0 90.000     3294     2561     3303     2586      9     25      3294      2561      3302      2561      3302      2585      3294      2585      3269      2536      3328      2611 PARcau 2.982245e-03 7.647857e-03 0.989370
    61   1       1394       1082  8.544  15.232 109.5 68.199     1389     1076     1401     1091     12     15      1387      1077      1395      1074      1401      1088      1393      1091      1364      1051      1426      1116 PARcau 3.492057e-02 1.371121e-02 0.951368
    61   0        853       1189 10.308  28.040 202.0 51.340      845     1178      864     1201     19     23       848      1175       866      1196       858      1203       840      1181       820      1153       889      1226 PARcau 9.739738e-06 1.561778e-08 0.999990
    62   3       3297       2572  9.849  23.770 138.0 67.380     3291     2562     3304     2587     13     25      3298      2560      3307      2582      3298      2586      3289      2564      3266      2537      3329      2612 PARcau 2.833383e-03 2.683263e-02 0.970334
    62   1       1398       1088  9.220  15.556 111.5 45.000     1392     1082     1405     1097     13     15      1396      1080      1407      1091      1400      1097      1389      1086      1367      1057      1430      1122 PARcau 1.690908e-04 8.089815e-05 0.999750
    62   0        848       1182  9.849  26.833 195.0 63.435      841     1170      858     1194     17     24       847      1167       859      1191       850      1195       838      1171       816      1145       883      1219 PARcau 2.956012e-02 1.048643e-05 0.970429
    63   3       3296       2574  9.862  24.130 148.5 56.310     3290     2564     3305     2587     15     23      3294      2562      3308      2582      3299      2587      3286      2567      3265      2539      3330      2612 PARcau 9.255324e-03 8.518957e-02 0.905555
    63   1       1402       1094  9.192  16.263 114.0 45.000     1396     1087     1410     1102     14     15      1399      1085      1411      1097      1404      1103      1393      1092      1371      1062      1435      1127 PARcau 8.863733e-04 1.454640e-03 0.997659
    63   0        844       1174  9.394  27.951 198.5 63.435      837     1162      854     1187     17     25       842      1159       855      1184       846      1188       834      1163       812      1137       879      1212 PARcau 1.241565e-03 6.118042e-07 0.998758
    64   3       3295       2574 10.607  23.335 120.0 45.000     3288     2566     3306     2588     18     22      3293      2564      3309      2580      3302      2588      3285      2571      3263      2541      3331      2613 PARcau 9.393476e-03 1.376731e-01 0.852933
    64   1       1407       1099  9.192  16.263 112.0 45.000     1401     1093     1415     1107     14     14      1405      1091      1416      1102      1410      1109      1398      1097      1376      1068      1440      1132 PARcau 2.127427e-02 1.253958e-03 0.977472
    64   0        841       1166  8.944  25.495 185.0 63.435      834     1154      850     1179     16     25       839      1152       850      1175       842      1179       831      1156       809      1129       875      1204 PARcau 1.300070e-02 7.798246e-06 0.986992
    65   1       1412       1104  9.192  16.263 115.0 45.000     1406     1098     1421     1111     15     13      1410      1095      1421      1106      1415      1113      1403      1101      1381      1073      1446      1136 PARcau 2.651947e-04 1.210512e-04 0.999614
    65   0        838       1158  9.618  25.269 185.5 63.435      831     1147      846     1171     15     24       836      1144       848      1167       839      1171       828      1149       806      1122       871      1196 PARcau 9.959982e-03 1.167145e-05 0.990028
    66   1       1418       1107  9.849  15.652 105.5 26.565     1412     1102     1426     1114     14     12      1413      1099      1427      1106      1423      1115      1409      1108      1387      1077      1451      1139 PARcau 2.837167e-03 2.592435e-01 0.737919
    66   0        835       1151 10.296  24.597 183.5 63.435      829     1140      844     1163     15     23       834      1137       845      1159       836      1164       825      1142       804      1115       869      1188 PARcau 4.726302e-02 1.042189e-06 0.952736
    66   3       3291       2575 10.198  10.198  70.5 11.310     3287     2570     3298     2582     11     12      3287      2569      3297      2571      3295      2581      3285      2579      3262      2545      3323      2607 PARcau 1.058698e-02 6.479469e-03 0.982934
    67   3       3291       2577  9.708  10.112  61.5  9.462     3287     2573     3298     2584     11     11      3287      2572      3297      2573      3295      2583      3285      2581      3262      2548      3323      2609 PARcau 9.142663e-04 3.420093e-03 0.995666
    67   1       1423       1109 11.000  13.000 106.5 90.000     1417     1104     1431     1116     14     12      1417      1104      1430      1104      1430      1115      1417      1115      1392      1079      1456      1141 PARcau 1.234664e-02 5.656914e-01 0.421962
    67   0        832       1144 10.062  25.045 194.5 63.435      825     1133      841     1156     16     23       831      1130       842      1153       833      1157       822      1135       800      1108       866      1181 PARcau 1.932050e-03 1.006834e-05 0.998058
    68   3       3291       2580  8.000  12.000  54.5 90.000     3287     2576     3300     2585     13      9      3287      2576      3299      2576      3299      2584      3287      2584      3262      2551      3325      2610 PARcau 4.946950e-03 9.309233e-03 0.985744
    68   1       1428       1111 10.000  12.000  94.0 90.000     1422     1107     1435     1118     13     11      1422      1107      1434      1107      1434      1117      1422      1117      1397      1082      1460      1143 PARcau 2.104460e-03 6.067318e-01 0.391164
    68   0        829       1138 10.630  24.042 185.5 45.000      821     1128      838     1149     17     21       824      1126       841      1143       833      1150       816      1133       796      1103       863      1174 PARcau 1.388420e-02 7.783869e-05 0.986038
    69   3       3292       2582  7.071   9.899  51.0 45.000     3287     2578     3298     2587     11      9      3291      2576      3298      2583      3293      2588      3286      2581      3262      2553      3323      2612 PARcau 2.771303e-02 1.789649e-02 0.954391
    69   1       1431       1113  9.899  11.314  88.5 45.000     1426     1108     1439     1120     13     12      1431      1106      1439      1114      1432      1121      1424      1113      1401      1083      1464      1145 PARcau 4.147517e-03 6.917245e-01 0.304128
    69   0        824       1132  9.899  24.042 186.0 45.000      816     1122      834     1143     18     21       819      1120       836      1137       829      1144       812      1127       791      1097       859      1168 PARcau 2.830282e-02 1.240646e-06 0.971696
    70   3       3293       2583  7.000  10.000  42.0 90.000     3289     2580     3300     2588     11      8      3289      2580      3299      2580      3299      2587      3289      2587      3264      2555      3325      2613 PARcau 1.282837e-02 7.146782e-02 0.915704
    70   1       1434       1115 10.000  11.000  87.5 90.000     1429     1110     1441     1121     12     11      1429      1110      1440      1110      1440      1120      1429      1120      1404      1085      1466      1146 PARcau 4.446207e-05 9.936372e-01 0.006318
    70   0        819       1126  9.220  24.042 183.5 45.000      811     1117      829     1137     18     20       814      1115       831      1132       824      1138       807      1121       786      1092       854      1162 PARcau 1.413897e-02 3.943108e-06 0.985857
    71   3       3294       2585  6.946   8.500  40.0 30.964     3290     2581     3300     2589     10      8      3292      2580      3300      2584      3296      2590      3289      2586      3265      2556      3325      2614 PARcau 6.911304e-02 2.040660e-02 0.910480
    71   1       1437       1117  9.220  11.314  84.5 45.000     1432     1112     1443     1124     11     12      1436      1110      1444      1118      1438      1125      1430      1117      1407      1087      1468      1149 PARcau 2.506606e-04 9.745753e-01 0.025174
    71   0        813       1121  9.220  25.456 195.5 45.000      804     1111      824     1132     20     21       807      1108       825      1126       819      1133       801      1115       779      1086       849      1157 PARcau 1.555432e-04 1.245120e-04 0.999720
    72   3       3296       2586  6.000  11.000  39.5 90.000     3292     2584     3304     2591     12      7      3292      2584      3303      2584      3303      2590      3292      2590      3267      2559      3329      2616 PARcau 1.821693e-02 2.522519e-03 0.979261
    72   1       1439       1120 10.000  11.000  85.0 90.000     1434     1115     1445     1127     11     12      1434      1115      1444      1115      1444      1126      1434      1126      1409      1090      1470      1152 PARcau 1.443411e-04 9.555128e-01 0.044343
    72   0        807       1115  9.220  28.284 202.5 45.000      798     1104      818     1127     20     23       800      1101       820      1121       814      1128       794      1108       773      1079       843      1152 PARcau 8.006495e-04 6.005471e-07 0.999199
    73   3       3299       2587  6.576  12.093  51.5 81.870     3294     2584     3307     2592     13      8      3293      2585      3305      2583      3306      2590      3294      2591      3269      2559      3332      2617 PARcau 8.532523e-02 4.452531e-03 0.910222
    73   1       1440       1124  9.000  13.000  94.5 90.000     1436     1118     1446     1132     10     14      1436      1118      1445      1118      1445      1131      1436      1131      1411      1093      1471      1157 PARcau 2.816972e-05 9.676278e-01 0.032344
    73   0        801       1107  9.301  29.300 213.0 53.130      791     1096      812     1120     21     24       796      1093       813      1116       806      1122       788      1098       766      1071       837      1145 PARcau 7.232587e-02 1.255631e-04 0.927549
    74   1       1442       1129 10.000  14.000 107.5 90.000     1437     1123     1448     1138     11     15      1437      1123      1447      1123      1447      1137      1437      1137      1412      1098      1473      1163 PARcau 1.843331e-04 8.500129e-01 0.149803
    74   3       3302       2587  7.382  22.147  70.0 60.255     3295     2578     3315     2594     20     16      3293      2587      3312      2577      3316      2583      3296      2594      3270      2553      3340      2619 PARcau 1.261389e-01 2.792777e-02 0.845933
    74   0        791       1094  9.014  33.560 212.5 56.310      782     1080      803     1109     21     29       785      1077       804      1105       796      1110       778      1082       757      1055       828      1134 PARcau 1.014982e-05 8.029581e-09 0.999990
    75   3       3301       2588  7.616  15.232  72.5 68.199     3295     2583     3309     2594     14     11      3293      2588      3307      2582      3310      2589      3296      2595      3270      2558      3334      2619 PARcau 3.033967e-02 2.642198e-04 0.969396
    75   1       1444       1134 11.000  15.000 122.5 90.000     1439     1127     1451     1143     12     16      1439      1127      1450      1127      1450      1142      1439      1142      1414      1102      1476      1168 PARcau 3.396085e-04 7.990000e-01 0.200660
    75   0        783       1079 10.296  29.155 211.5 59.036      775     1067      792     1094     17     27       780      1064       795      1089       786      1094       771      1069       750      1042       817      1119 PARcau 4.529869e-04 7.691411e-07 0.999546
    75   4       3883       2003  5.000   8.000  25.5 90.000     3881     2000     3887     2009      6      9      3881      2000      3886      2000      3886      2008      3881      2008      3856      1975      3912      2034 PARcau 8.134764e-05 9.910735e-01 0.008845
    76   4       3884       2003  5.000   8.000  26.0 90.000     3882     2000     3888     2009      6      9      3882      2000      3887      2000      3887      2008      3882      2008      3857      1975      3913      2034 PARcau 5.833473e-04 9.739624e-01 0.025454
    76   3       3302       2589  8.246  14.318  66.5 77.471     3296     2584     3310     2595     14     11      3294      2586      3308      2583      3310      2591      3296      2594      3271      2559      3335      2620 PARcau 1.581512e-03 1.510676e-03 0.996908
    76   1       1446       1140  9.618  16.325 121.5 63.435     1441     1134     1454     1149     13     15      1439      1136      1447      1131      1455      1146      1446      1150      1416      1109      1479      1174 PARcau 4.052448e-04 7.928680e-03 0.991666
    76   0        777       1068  9.394  31.085 228.5 63.435      769     1055      787     1083     18     28       774      1052       788      1080       779      1084       766      1056       744      1030       812      1108 PARcau 4.170313e-01 1.262054e-02 0.570348
    77   4       3884       2003  6.000   7.000  28.0 90.000     3882     2000     3889     2008      7      8      3882      2000      3888      2000      3888      2007      3882      2007      3857      1975      3914      2033 PARcau 6.987553e-04 9.697062e-01 0.029595
    77   3       3302       2589  6.801  14.116  61.0 68.199     3296     2585     3310     2595     14     10      3295      2588      3308      2583      3310      2589      3297      2595      3271      2560      3335      2620 PARcau 4.540930e-02 3.717851e-02 0.917412
    77   1       1451       1146  9.899  15.556 123.0 45.000     1445     1140     1459     1154     14     14      1449      1137      1460      1148      1453      1155      1442      1144      1420      1115      1484      1179 PARcau 1.649099e-03 3.215416e-01 0.676809
    77   0        770       1056 10.062  30.859 231.0 63.435      763     1043      781     1071     18     28       768      1040       782      1068       773      1072       759      1045       738      1018       806      1096 PARcau 1.828117e-04 5.357193e-07 0.999817
    78   3       3302       2589  7.433  13.463  53.5 68.199     3296     2585     3309     2595     13     10      3295      2588      3307      2583      3310      2590      3297      2595      3271      2560      3334      2620 PARcau 6.459332e-04 1.065657e-05 0.999343
    78   4       3885       2004  6.708   7.616  26.0 21.801     3882     2000     3890     2009      8      9      3884      1999      3890      2002      3887      2009      3881      2006      3857      1975      3915      2034 PARcau 1.482753e-04 9.840083e-01 0.015843
    78   1       1456       1151  9.192  16.263 117.0 45.000     1450     1145     1464     1159     14     14      1453      1142      1465      1154      1458      1160      1447      1149      1425      1120      1489      1184 PARcau 4.973614e-03 2.627484e-01 0.732278
    78   0        765       1044 10.296  30.414 228.0 63.435      757     1031      774     1059     17     28       762      1028       776      1055       767      1060       753      1033       732      1006       799      1084 PARcau 5.247855e-03 5.574046e-06 0.994747
    79   4       3885       2004  6.185   7.762  27.5 11.310     3883     2000     3890     2009      7      9      3884      1999      3890      2001      3888      2008      3882      2007      3858      1975      3915      2034 PARcau 3.753393e-04 9.518334e-01 0.047791
    79   3       3302       2590  5.408  11.927  38.0 56.310     3298     2585     3308     2595     10     10      3296      2590      3306      2584      3309      2588      3299      2595      3273      2560      3333      2620 PARcau 7.883467e-02 4.680786e-03 0.916485
    79   1       1461       1156  9.899  16.971 126.0 45.000     1454     1150     1470     1164     16     14      1459      1147      1471      1159      1464      1166      1452      1154      1429      1125      1495      1189 PARcau 1.627266e-03 7.749681e-02 0.920876
    79   0        758       1033  9.849  31.305 225.0 63.435      750     1020      769     1048     19     28       756      1017       770      1045       761      1049       747      1021       725       995       794      1073 PARcau 1.106261e-06 1.733818e-08 0.999999
    80   1       1466       1160 10.630  15.556 124.5 45.000     1460     1154     1475     1167     15     13      1465      1151      1476      1162      1468      1169      1457      1158      1435      1129      1500      1192 PARcau 4.919369e-03 4.240459e-02 0.952676
    80   0        752       1022  9.862  30.187 223.5 63.435      744     1009      762     1037     18     28       750      1006       763      1033       755      1038       741      1011       719       984       787      1062 PARcau 7.435282e-04 2.661955e-08 0.999256
    81   4       3886       2004  6.000   8.000  26.0  0.000     3884     2000     3891     2009      7      9      3884      2000      3890      2000      3890      2008      3884      2008      3859      1975      3916      2034 PARcau 4.384756e-04 9.392169e-01 0.060345
    81   1       1471       1162 12.000  13.000 117.0 90.000     1465     1157     1479     1170     14     13      1465      1157      1478      1157      1478      1169      1465      1169      1440      1132      1504      1195 PARcau 6.101353e-04 9.098666e-01 0.089523
    81   0        746       1012 10.296  29.069 225.0 63.435      738      999      756     1026     18     27       744       996       757      1022       748      1027       735      1001       713       974       781      1051 PARcau 9.405239e-02 1.246058e-06 0.905946
    82   4       3887       2004  5.385   8.944  32.5 63.435     3885     2000     3892     2010      7     10      3883      2001      3888      1999      3892      2007      3887      2009      3860      1975      3917      2035 PARcau 5.264554e-05 9.953869e-01 0.004560
    82   1       1475       1165 11.000  13.000 109.5 90.000     1469     1160     1483     1172     14     12      1469      1160      1482      1160      1482      1171      1469      1171      1444      1135      1508      1197 PARcau 9.960501e-05 9.694275e-01 0.030473
    82   0        740       1002 10.062  29.517 224.0 63.435      732      989      750     1016     18     27       738       986       751      1012       742      1017       729       990       707       964       775      1041 PARcau 1.735301e-02 6.005576e-08 0.982647
    83   4       3887       2003  6.000  10.000  38.5 90.000     3885     1999     3892     2010      7     11      3885      1999      3891      1999      3891      2009      3885      2009      3860      1974      3917      2035 PARcau 1.898336e-04 9.905635e-01 0.009247
    83   1       1476       1166 12.000  13.000 117.0 90.000     1470     1160     1484     1173     14     13      1470      1160      1483      1160      1483      1172      1470      1172      1445      1135      1509      1198 PARcau 1.961862e-03 3.586492e-01 0.639389
    83   0        735        992  9.849  29.547 218.5 65.556      727      979      744     1006     17     27       733       976       745      1003       736      1007       724       980       702       954       769      1031 PARcau 2.259838e-04 1.232162e-04 0.999651
    84   4       3888       2003  7.071   8.485  33.0 45.000     3885     1999     3893     2009      8     10      3888      1998      3894      2004      3889      2009      3883      2003      3860      1974      3918      2034 PARcau 2.092388e-04 9.793769e-01 0.020414
    84   1       1477       1166  9.899  16.971 122.5 45.000     1470     1160     1486     1174     16     14      1475      1157      1487      1169      1480      1176      1468      1164      1445      1135      1511      1199 PARcau 1.829140e-03 7.981934e-03 0.990189
    84   0        730        981  9.179  30.859 219.0 63.435      723      967      739      996     16     29       727       965       741       992       733       997       719       969       698       942       764      1021 PARcau 1.081741e-03 1.593615e-05 0.998902
    85   4       3889       2003  5.000  10.000  31.0 90.000     3887     1999     3893     2010      6     11      3887      1999      3892      1999      3892      2009      3887      2009      3862      1974      3918      2035 PARcau 4.023071e-03 1.104693e-01 0.885508
    85   1       1479       1167  9.220  19.799 133.5 45.000     1471     1160     1488     1176     17     16      1475      1157      1489      1171      1483      1178      1469      1164      1446      1135      1513      1201 PARcau 1.553373e-02 7.579527e-04 0.983708
    85   0        726        970 10.296  30.414 228.5 63.435      719      957      735      985     16     28       723       954       737       981       728       986       714       959       694       932       760      1010 PARcau 1.313505e-04 6.341792e-05 0.999805
    86   4       3889       2003  6.325   9.220  34.0 75.964     3887     1999     3894     2010      7     11      3885      2000      3891      1998      3893      2007      3887      2009      3862      1974      3919      2035 PARcau 7.513401e-04 9.288680e-01 0.070381
    86   1       1482       1170  9.220  22.023 136.5 40.601     1474     1163     1493     1180     19     17      1477      1160      1494      1174      1488      1181      1471      1167      1449      1138      1518      1205 PARcau 2.326739e-02 8.460684e-05 0.976648
    86   0        722        960 10.062  29.517 218.5 63.435      714      947      731      974     17     27       719       944       732       971       723       975       710       949       689       922       756       999 PARcau 3.370003e-05 1.032653e-02 0.989640
    87   4       3889       2003  6.083   9.220  32.5 78.690     3887     1999     3894     2009      7     10      3885      1999      3891      1998      3893      2007      3887      2008      3862      1974      3919      2034 PARcau 6.137071e-04 9.766753e-01 0.022711
    87   1       1488       1175  9.605  21.708 149.5 38.660     1480     1168     1499     1184     19     16      1483      1165      1500      1179      1494      1186      1477      1173      1455      1143      1524      1209 PARcau 1.560742e-04 6.154299e-06 0.999838
    87   0        717        950 10.512  29.741 231.5 63.435      709      937      727      965     18     28       715       935       728       961       719       966       705       939       684       912       752       990 PARcau 1.624302e-05 5.436413e-05 0.999929
    88   4       3890       2003  6.083   9.220  29.0 14.036     3887     1999     3895     2009      8     10      3888      1998      3894      1999      3892      2008      3886      2007      3862      1974      3920      2034 PARcau 9.234099e-04 7.887930e-01 0.210284
    88   1       1493       1179  9.899  21.213 156.0 45.000     1485     1172     1504     1188     19     16      1490      1169      1505      1184      1498      1191      1483      1176      1460      1147      1529      1213 PARcau 1.836431e-04 6.758286e-05 0.999749
    88   0        711        941  9.849  30.414 228.5 63.435      702      928      722      955     20     27       709       925       723       952       714       956       700       929       677       903       747       980 PARcau 2.377119e-05 1.083978e-04 0.999868
    89   4       3890       2003  5.852   8.382  31.0 71.565     3888     1999     3895     2008      7      9      3887      2000      3892      1998      3895      2006      3889      2008      3863      1974      3920      2033 PARcau 9.059195e-04 9.342875e-01 0.064807
    89   1       1500       1184  9.899  21.213 158.5 45.000     1492     1177     1510     1193     18     16      1496      1173      1511      1188      1504      1195      1489      1180      1467      1152      1535      1218 PARcau 1.794933e-05 3.758356e-04 0.999606
    89   0        706        932  9.862  29.125 214.0 56.310      697      920      716      946     19     26       701       917       718       941       709       946       693       922       672       895       741       971 PARcau 1.603210e-03 2.225863e-07 0.998397
    90   4       3891       2002  4.950   7.778  27.0 45.000     3888     1999     3896     2008      8      9      3890      1998      3896      2004      3892      2007      3887      2002      3863      1974      3921      2033 PARcau 6.378004e-04 9.776092e-01 0.021753
    90   1       1507       1190  9.899  19.799 150.5 45.000     1499     1183     1517     1199     18     16      1504      1180      1518      1194      1511      1201      1497      1187      1474      1158      1542      1224 PARcau 3.840879e-04 2.194937e-03 0.997421
    90   0        700        924 10.296  28.653 214.5 60.255      691      913      710      938     19     25       698       909       712       934       703       939       689       914       666       888       735       963 PARcau 7.077355e-02 2.245849e-05 0.929204
    91   0        695        918 10.308  27.951 216.5 63.435      687      906      705      931     18     25       694       903       706       928       697       932       684       907       662       881       730       956 PARcau 2.096404e-01 9.462754e-07 0.790359
    91   1       1514       1197  9.899  21.213 158.5 45.000     1507     1189     1524     1206     17     17      1511      1186      1526      1201      1519      1208      1504      1193      1482      1164      1549      1231 PARcau 3.936424e-04 9.923841e-03 0.989682
    92   0        691        911  9.434  27.785 204.5 60.255      683      899      700      924     17     25       688       896       702       920       694       925       680       901       658       874       725       949 PARcau 1.716790e-01 5.237331e-04 0.827797
    92   1       1521       1204  9.899  19.799 156.5 45.000     1514     1196     1530     1214     16     18      1518      1194      1532      1208      1525      1215      1511      1201      1489      1171      1555      1239 PARcau 3.796341e-03 8.921216e-03 0.987282
    93   0        686        903  8.944  26.833 194.0 63.435      679      891      696      916     17     25       684       888       696       912       688       916       676       892       654       866       721       941 PARcau 4.005420e-02 1.668292e-03 0.958278
    93   1       1527       1212  9.552  20.230 154.5 50.194     1520     1203     1536     1222     16     19      1524      1201      1537      1216      1530      1223      1517      1207      1495      1178      1561      1247 PARcau 1.556010e-03 2.065915e-03 0.996378
    94   0        683        895 10.062  26.387 182.0 63.435      676      883      691      908     15     25       681       880       693       904       684       908       672       885       651       858       716       933 PARcau 5.234668e-01 7.381374e-02 0.402719
    94   1       1533       1219  9.708  19.007 139.5 53.130     1526     1212     1541     1229     15     17      1531      1209      1542      1224      1534      1230      1523      1214      1501      1187      1566      1254 PARcau 1.937255e-03 3.758442e-02 0.960478
    95   0        679        885  8.944  28.231 186.5 66.038      673      872      688      899     15     27       677       870       688       896       680       900       669       874       648       847       713       924 PARcau 9.949671e-03 7.543820e-06 0.990043
    95   1       1538       1227 10.817  20.248 157.0 56.310     1531     1219     1547     1236     16     17      1537      1215      1548      1232      1539      1238      1528      1221      1506      1194      1572      1261 PARcau 1.140346e-02 2.979933e-03 0.985617
    96   1       1543       1233  9.899  19.799 146.5 45.000     1536     1226     1553     1242     17     16      1540      1223      1554      1237      1547      1244      1533      1230      1511      1201      1578      1267 PARcau 1.513553e-02 1.902083e-01 0.794656
    96   0        676        875  9.618  27.505 185.5 63.435      670      863      684      889     14     26       674       861       686       885       678       890       665       865       645       838       709       914 PARcau 1.054989e-02 2.824422e-04 0.989168
    96   5       3900        321  5.000  11.000  43.5 90.000     3895      319     3907      325     12      6      3895       319      3906       319      3906       324      3895       324      3870       294      3932       350 PARcau 5.001617e-03 3.541371e-03 0.991457
    97   0        673        867  9.487  28.460 209.0 71.565      667      854      682      881     15     27       673       852       682       879       673       882       664       855       642       829       707       906 PARcau 1.418076e-03 1.169711e-04 0.998465
    97   1       1549       1239  9.899  18.385 146.0 45.000     1542     1232     1559     1247     17     15      1546      1229      1559      1242      1552      1249      1539      1236      1517      1207      1584      1272 PARcau 8.971666e-05 2.276887e-04 0.999683
    97   5       3903        324 10.966  23.049 159.5 41.186     3894      318     3914      336     20     18      3900       313      3917       328      3910       336      3892       321      3869       293      3939       361 PARcau 7.998698e-01 3.141056e-03 0.196989
    98   0        670        858  9.849  27.857 203.5 68.199      663      845      679      871     16     26       669       842       679       868       670       872       660       846       638       820       704       896 PARcau 1.473117e-03 8.868494e-04 0.997640
    98   1       1555       1244 12.000  16.000 139.5 90.000     1548     1238     1565     1251     17     13      1548      1238      1564      1238      1564      1250      1548      1250      1523      1213      1590      1276 PARcau 8.958723e-07 1.413946e-06 0.999998
    98   5       3909        331 11.102  31.213 258.0 55.305     3898      319     3921      345     23     26      3904       315      3922       341      3913       347      3895       322      3873       294      3946       370 PARcau 6.195849e-02 5.394205e-07 0.938041
    99   0        666        849  8.944  29.069 205.5 63.435      658      837      675      863     17     26       663       834       676       860       668       864       655       838       633       812       700       888 PARcau 6.467099e-04 8.397236e-06 0.999345
    99   1       1562       1248  9.394  19.007 130.0 26.565     1554     1242     1572     1256     18     14      1556      1240      1573      1248      1569      1257      1552      1248      1529      1217      1597      1281 PARcau 1.225500e-04 1.146003e-04 0.999763
    99   5       3917        342 12.021  28.991 257.0 45.000     3907      330     3929      355     22     25      3911       327      3932       348      3923       356      3903       336      3882       305      3954       380 PARcau 6.557754e-01 8.788581e-04 0.343346
   100   0        661        842  9.434  27.785 198.5 60.255      653      830      671      855     18     25       658       827       672       851       664       856       650       832       628       805       696       880 PARcau 1.191465e-02 7.547849e-06 0.988078
   100   1       1571       1253  8.944  20.125 130.0 26.565     1563     1247     1582     1260     19     13      1564      1245      1582      1254      1578      1262      1560      1253      1538      1222      1607      1285 PARcau 4.978605e-04 8.695001e-05 0.999415
   100   5       3924        350 12.021  30.406 286.0 45.000     3913      338     3937      363     24     25      3917       335      3939       356      3930       365      3909       343      3888       313      3962       388 PARcau 7.870566e-01 8.686203e-07 0.212943
   101   0        656        834  9.301  28.151 204.0 56.310      647      822      666      847     19     25       652       819       667       843       660       848       644       825       622       797       691       872 PARcau 3.132372e-03 3.945587e-06 0.996864
   101   1       1580       1258  8.944  20.125 135.0 26.565     1572     1252     1590     1265     18     13      1573      1249      1591      1258      1587      1266      1569      1257      1547      1227      1615      1290 PARcau 2.211535e-04 6.402068e-05 0.999715
   101   5       3931        358 11.314  32.527 284.5 45.000     3920      347     3945      371     25     24      3924       343      3947       366      3939       374      3916       351      3895       322      3970       396 PARcau 1.117727e-02 5.274155e-08 0.988823
   101   6        602        435  6.708   8.944  41.0 26.565      598      432      609      439     11      7       600       430       608       434       605       440       597       436       573       407       634       464 PARcau 3.632163e-07 1.027818e-05 0.999989
   102   0        650        827  9.434  28.844 199.5 56.310      641      816      661      840     20     24       646       812       662       836       654       841       638       817       616       791       686       865 PARcau 3.195872e-01 8.940470e-04 0.679519
   102   1       1588       1263  9.899  19.799 143.0 45.000     1580     1257     1598     1271     18     14      1584      1253      1598      1267      1591      1274      1577      1260      1555      1232      1623      1296 PARcau 3.315886e-06 4.905539e-05 0.999948
   102   5       3940        366 11.314  31.113 268.0 45.000     3929      355     3954      378     25     23      3933       351      3955       373      3947       381      3925       359      3904       330      3979       403 PARcau 1.443204e-01 7.342463e-04 0.854945
   103   0        645        821  9.605  26.707 186.5 51.340      636      811      655      833     19     22       640       807       657       828       649       834       633       813       611       786       680       858 PARcau 5.083547e-03 6.554048e-08 0.994916
   103   1       1595       1269  9.192  20.506 148.0 45.000     1587     1262     1606     1278     19     16      1591      1259      1606      1274      1599      1280      1585      1266      1562      1237      1631      1303 PARcau 7.964961e-04 1.325045e-02 0.985953
   103   5       3950        373 11.662  31.064 263.0 33.690     3938      363     3965      385     27     22      3940       360      3966       377      3960       387      3934       370      3913       338      3990       410 PARcau 3.816288e-02 2.419865e-05 0.961813
   104   0        642        817 10.000  25.807 187.5 53.130      633      807      651      829     18     22       638       803       653       824       645       830       630       809       608       782       676       854 PARcau 1.056652e-01 1.362128e-05 0.894321
   104   1       1603       1277  9.192  20.506 147.0 45.000     1596     1269     1612     1286     16     17      1599      1266      1614      1281      1607      1287      1593      1273      1571      1244      1637      1311 PARcau 4.454580e-03 2.980623e-02 0.965739
   104   5       3960        380 11.662  31.385 272.5 30.964     3947      370     3975      391     28     21      3950       367      3977       383      3971       393      3944       377      3922       345      4000       416 PARcau 5.875735e-04 1.530199e-04 0.999259
   105   0        638        812  9.434  25.239 185.0 56.310      631      802      648      824     17     22       635       799       649       820       641       825       627       804       606       777       673       849 PARcau 3.326585e-04 1.625058e-05 0.999651
   105   1       1609       1285  9.192  19.092 141.0 45.000     1602     1277     1618     1294     16     17      1606      1274      1619      1288      1613      1294      1599      1281      1577      1252      1643      1319 PARcau 2.930437e-04 6.418757e-04 0.999065
   105   5       3971        386 12.093  32.004 295.0 29.055     3958      377     3987      397     29     20      3960       374      3988       389      3982       400      3954       384      3933       352      4012       422 PARcau 3.965140e-05 2.417252e-08 0.999960
   106   0        637        809  9.849  23.707 178.0 63.435      631      798      645      821     14     23       636       796       647       817       638       821       627       800       606       773       670       846 PARcau 1.566251e-01 8.146788e-03 0.835228
   106   1       1615       1292  9.899  18.385 142.5 45.000     1608     1285     1623     1302     15     17      1612      1282      1625      1295      1618      1302      1605      1289      1583      1260      1648      1327 PARcau 3.579076e-05 4.782216e-04 0.999486
   106   5       3981        392 12.530  32.650 312.5 26.565     3968      382     3997      403     29     21      3970       379      3999       394      3993       405      3964       390      3943       357      4022       428 PARcau 3.099795e-07 1.310533e-07 1.000000
   107   0        637        805 10.000  23.000 178.0 90.000      633      794      644      818     11     24       633       794       643       794       643       817       633       817       608       769       669       843 PARcau 8.682106e-03 4.875527e-02 0.942563
   107   1       1620       1299  9.220  18.385 138.5 45.000     1613     1292     1628     1309     15     17      1617      1290      1630      1303      1623      1309      1610      1296      1588      1267      1653      1334 PARcau 8.542389e-05 8.060167e-05 0.999834
   107   5       3990        397 13.314  30.647 280.5 33.690     3978      388     4006      407     28     19      3982       383      4007       400      4000       411      3974       394      3953       363      4031       432 PARcau 1.141592e-05 4.254181e-05 0.999946
   108   0        639        801  9.000  23.000 171.5 90.000      635      790      645      814     10     24       635       790       644       790       644       813       635       813       610       765       670       839 PARcau 1.821923e-02 7.347385e-01 0.247042
   108   1       1625       1305  9.220  18.385 133.5 45.000     1618     1299     1634     1314     16     15      1622      1296      1635      1309      1628      1315      1615      1302      1593      1274      1659      1339 PARcau 6.408395e-04 3.818037e-03 0.995541
   108   5       4000        402 11.236  29.904 226.0 20.556     3988      394     4015      413     27     19      3989       391      4017       402      4013       412      3985       402      3963       369      4040       438 PARcau 2.190539e-05 5.424310e-05 0.999924
   109   0        642        797  9.055  25.318 177.0  9.462      637      784      648      810     11     26       639       783       648       784       644       809       635       808       612       759       673       835 PARcau 2.125898e-03 4.822623e-04 0.997392
   109   1       1631       1311  9.708  18.446 135.0 33.690     1623     1304     1640     1319     17     15      1625      1302      1641      1312      1635      1320      1620      1310      1598      1279      1665      1344 PARcau 8.475017e-04 2.740683e-02 0.971746
   109   5       4011        410 10.630  30.480 215.0 49.086     3998      400     4023      422     25     22      4004       394      4024       417      4016       424      3996       401      3973       375      4048       447 PARcau 3.013241e-04 6.955917e-03 0.992743
   110   0        645        789  8.732  26.800 170.5 14.931      640      777      653      803     13     26       644       775       653       777       646       803       638       801       615       752       678       828 PARcau 1.846271e-02 8.022091e-04 0.980735
   110   1       1637       1315  9.899  18.385 139.0 45.000     1629     1309     1647     1323     18     14      1634      1305      1647      1318      1640      1325      1627      1312      1604      1284      1672      1348 PARcau 2.336373e-04 3.961240e-05 0.999727
   110   5       4018        419 12.021  27.577 242.0 45.000     4009      408     4030      431     21     23      4013       404      4032       424      4024       432      4004       413      3984       383      4055       456 PARcau 4.126265e-03 2.414566e-05 0.995850
   111   1       1644       1320  9.849  20.125 141.0 26.565     1636     1314     1654     1328     18     14      1637      1311      1655      1320      1651      1329      1633      1320      1611      1289      1679      1353 PARcau 6.946456e-06 3.639874e-07 0.999993
   111   0        649        781  8.944  26.833 184.5 26.565      643      769      657      795     14     26       639       791       651       767       659       771       647       795       618       744       682       820 PARcau 8.041654e-02 2.767278e-03 0.916816
   111   5       4024        426 12.021  30.406 286.0 45.000     4013      415     4036      440     23     25      4018       411      4040       432      4031       441      4010       419      3988       390      4061       465 PARcau 5.588356e-07 1.402215e-05 0.999985
   112   1       1652       1325  9.192  19.092 137.0 45.000     1644     1319     1662     1333     18     14      1648      1315      1662      1329      1655      1335      1642      1322      1619      1294      1687      1358 PARcau 1.030266e-03 7.606780e-05 0.998894
   112   0        653        773  9.487  26.571 194.5 18.435      647      760      661      786     14     26       653       758       662       761       653       786       644       783       622       735       686       811 PARcau 3.764582e-03 8.753511e-05 0.996148
   112   5       4031        435 12.500  31.004 288.0 53.130     4021      423     4043      449     22     26      4027       419      4046       444      4036       451      4017       427      3996       398      4068       474 PARcau 7.387635e-05 2.475828e-04 0.999679
   113   1       1660       1330  9.434  20.248 146.0 33.690     1652     1324     1670     1339     18     15      1654      1321      1671      1332      1666      1340      1649      1329      1627      1299      1695      1364 PARcau 3.030926e-04 2.871755e-03 0.996825
   113   0        657        764  9.487  28.160 190.5 15.945      651      751      664      779     13     28       656       749       665       752       657       779       648       776       626       726       689       804 PARcau 7.996544e-05 1.723845e-05 0.999903
   113   5       4038        445 13.038  32.450 302.0 56.310     4028      433     4051      459     23     26      4035       428      4053       455      4042       462      4024       435      4003       408      4076       484 PARcau 7.275923e-05 1.191134e-03 0.998736
   114   0        660        755  9.487  28.460 197.5 18.435      654      742      667      770     13     28       660       740       669       743       660       770       651       767       629       717       692       795 PARcau 1.944999e-02 1.452380e-02 0.966026
   114   1       1667       1337  9.220  19.799 133.0 45.000     1660     1330     1677     1345     17     15      1664      1327      1678      1341      1671      1347      1657      1333      1635      1305      1702      1370 PARcau 1.465976e-04 9.721851e-03 0.990131
   114   5       4046        454 12.806  31.241 296.0 50.194     4035      442     4059      468     24     26      4041       438      4061       462      4051       470      4031       446      4010       417      4084       493 PARcau 2.037247e-05 1.095164e-06 0.999979
   115   0        662        746  9.341  27.409 192.0 14.036      657      733      669      761     12     28       661       731       670       734       663       760       654       758       632       708       694       786 PARcau 2.440522e-02 1.725297e-04 0.975422
   115   1       1674       1343  8.902  20.230 134.0 50.194     1667     1336     1683     1353     16     17      1671      1333      1684      1348      1677      1354      1664      1338      1642      1311      1708      1378 PARcau 3.466623e-06 7.193786e-06 0.999989
   115   5       4054        462 11.314  31.828 292.5 45.000     4042      451     4067      476     25     25      4047       447      4069       470      4061       478      4039       455      4017       426      4092       501 PARcau 2.274172e-04 7.136206e-06 0.999765
   116   0        664        737  8.732  27.771 192.5 14.036      659      723      671      751     12     28       663       722       672       724       665       751       657       749       634       698       696       776 PARcau 2.147656e-01 1.252547e-04 0.785109
   116   1       1680       1352  9.014  19.704 127.0 53.130     1674     1344     1689     1362     15     18      1678      1342      1690      1358      1682      1363      1671      1347      1649      1319      1714      1387 PARcau 1.070618e-05 3.766349e-04 0.999613
   116   5       4063        471 12.042  31.113 287.5 45.000     4051      460     4077      484     26     24      4056       456      4078       478      4070       487      4048       465      4026       435      4102       509 PARcau 5.586473e-04 1.569780e-07 0.999441
   117   0        666        727  9.487  27.893 203.5 14.036      661      714      673      742     12     28       665       712       674       715       667       742       658       739       636       689       698       767 PARcau 6.656076e-02 5.564856e-04 0.932883
   117   1       1685       1360  9.899  18.385 135.0 45.000     1679     1352     1693     1370     14     18      1683      1350      1696      1363      1689      1370      1676      1357      1654      1327      1718      1395 PARcau 2.795818e-04 2.666268e-04 0.999454
   117   5       4072        478 12.728  31.113 294.5 45.000     4060      468     4087      490     27     22      4066       463      4088       485      4079       494      4057       472      4035       443      4112       515 PARcau 4.933473e-04 7.904758e-07 0.999506
   118   1       1690       1367  9.708  19.602 138.0 53.130     1684     1359     1699     1377     15     18      1688      1357      1700      1372      1692      1378      1680      1362      1659      1334      1724      1402 PARcau 1.388525e-03 2.228024e-02 0.976331
   118   0        668        718  9.823  27.286 196.5 14.036      662      705      674      732     12     27       666       703       676       706       669       732       660       730       637       680       699       757 PARcau 1.147144e-02 2.603020e-05 0.988503
   118   5       4082        484 13.038  30.806 290.0 35.538     4070      474     4097      495     27     21      4073       470      4098       488      4091       499      4066       481      4045       449      4122       520 PARcau 4.907328e-04 2.133471e-06 0.999507
   119   1       1695       1374  9.192  17.678 127.0 45.000     1688     1367     1703     1382     15     15      1692      1364      1705      1377      1698      1383      1686      1371      1663      1342      1728      1407 PARcau 7.502050e-06 4.328948e-05 0.999949
   119   0        669        708  9.341  27.171 199.0 14.036      664      695      676      722     12     27       668       693       677       696       671       722       662       720       639       670       701       747 PARcau 3.033169e-02 1.380852e-04 0.969530
   119   5       4092        490 13.200  31.101 294.5 36.870     4080      480     4108      501     28     21      4084       476      4109       494      4101       505      4076       486      4055       455      4133       526 PARcau 2.117472e-01 1.847602e-07 0.788253
   120   1       1700       1379  9.192  17.678 124.0 45.000     1693     1373     1709     1388     16     15      1697      1370      1710      1383      1703      1389      1691      1377      1668      1348      1734      1413 PARcau 1.790967e-03 6.779014e-04 0.997531
   120   0        671        698  9.341  28.640 192.5 15.945      666      684      677      713     11     29       671       683       680       685       672       713       663       710       641       659       702       738 PARcau 5.860130e-03 9.989686e-06 0.994130
   120   5       4103        495 12.207  31.064 281.5 33.690     4090      486     4118      506     28     20      4093       482      4119       499      4112       509      4086       492      4065       461      4143       531 PARcau 8.693958e-01 3.516604e-05 0.130569
   121   1       1706       1384  9.014  17.500 123.0 36.870     1699     1378     1715     1392     16     14      1701      1375      1715      1386      1710      1393      1696      1383      1674      1353      1740      1417 PARcau 3.884405e-03 1.398320e-03 0.994717
   121   0        673        688  9.341  27.409 187.0 14.036      668      675      679      703     11     28       672       674       681       676       674       703       665       700       643       650       704       728 PARcau 1.694488e-02 1.039025e-01 0.879153
   121   5       4113        501 12.748  29.741 279.0 26.565     4101      492     4127      512     26     20      4103       489      4129       502      4124       514      4097       500      4076       467      4152       537 PARcau 8.506338e-02 3.010873e-05 0.914907
   122   1       1712       1389  8.485  18.385 125.5 45.000     1705     1383     1722     1396     17     13      1709      1379      1722      1392      1716      1398      1703      1385      1680      1358      1747      1421 PARcau 1.480895e-04 4.659601e-04 0.999386
   122   0        675        679  9.487  27.893 189.5 14.036      670      665      681      693     11     28       674       663       683       666       676       693       667       690       645       640       706       718 PARcau 1.084992e-01 9.399203e-02 0.797509
   122   5       4122        508 11.402  29.833 269.5 39.806     4110      498     4136      519     26     21      4114       494      4137       513      4130       522      4107       503      4085       473      4161       544 PARcau 6.712829e-02 1.828566e-03 0.931043
   123   1       1720       1393  8.602  19.209 122.0 38.660     1713     1387     1730     1401     17     14      1715      1384      1730      1396      1725      1403      1710      1391      1688      1362      1755      1426 PARcau 5.312402e-07 7.064121e-07 0.999999
   123   0        678        669  9.220  27.893 186.5 14.036      672      655      684      683     12     28       677       654       686       656       679       683       670       681       647       630       709       708 PARcau 8.465040e-01 1.668212e-02 0.136814
   123   5       4131        515 11.314  29.000 254.5 45.000     4120      505     4144      527     24     22      4125       501      4146       521      4138       529      4117       509      4095       480      4169       552 PARcau 6.435122e-02 2.331306e-02 0.912336
   124   1       1728       1399  9.192  19.092 134.0 45.000     1720     1392     1737     1407     17     15      1724      1389      1738      1403      1731      1409      1718      1396      1695      1367      1762      1432 PARcau 4.265192e-05 9.099835e-06 0.999948
   124   0        680        659  8.860  26.315 175.0 14.036      675      646      686      673     11     27       680       645       688       647       682       673       673       670       650       621       711       698 PARcau 2.882896e-01 6.500244e-03 0.705210
   124   5       4139        523 11.314  29.698 258.5 45.000     4128      512     4151      536     23     24      4133       509      4154       530      4146       538      4125       517      4103       487      4176       561 PARcau 2.246357e-02 4.929562e-06 0.977531
   125   1       1735       1405  8.485  19.799 131.0 45.000     1728     1398     1745     1413     17     15      1731      1395      1745      1409      1739      1415      1725      1401      1703      1373      1770      1438 PARcau 1.264305e-06 2.097445e-06 0.999997
   125   0        683        648  8.246  28.862 183.0 14.036      678      635      691      663     13     28       683       633       691       635       684       663       676       661       653       610       716       688 PARcau 4.928430e-02 9.821131e-02 0.852504
   125   5       4146        532 11.011  30.923 258.0 51.340     4136      521     4158      546     22     25      4141       517      4160       541      4152       548      4132       524      4111       496      4183       571 PARcau 1.941289e-01 7.396569e-07 0.805870
   126   1       1742       1412  9.220  19.799 136.5 45.000     1735     1405     1750     1422     15     17      1738      1402      1752      1416      1746      1423      1732      1409      1710      1380      1775      1447 PARcau 4.337473e-06 1.211611e-06 0.999994
   126   0        687        639  9.487  26.249 181.0 18.435      681      627      693      653     12     26       686       625       695       628       687       653       678       650       656       602       718       678 PARcau 1.249101e-03 6.880637e-01 0.310687
   126   5       4153        542 11.715  31.627 270.5 51.340     4143      530     4165      556     22     26      4148       526      4168       550      4159       558      4139       533      4118       505      4190       581 PARcau 8.177891e-01 6.672792e-05 0.182144
   127   0        689        631 10.112  26.800 187.5  9.462      684      617      695      644     11     27       686       616       696       617       692       644       682       642       659       592       720       669 PARcau 4.811533e-03 2.874065e-03 0.992314
   127   1       1747       1420  8.944  19.235 122.0 63.435     1741     1412     1755     1429     14     17      1747      1410      1756      1427      1748      1431      1739      1414      1716      1387      1780      1454 PARcau 1.199416e-05 4.878885e-05 0.999939
   127   5       4160        551 11.402  30.806 269.0 53.130     4150      539     4172      565     22     26      4156       535      4174       560      4165       567      4147       542      4125       514      4197       590 PARcau 2.764775e-01 1.017342e-05 0.723512
   128   0        691        620  9.552  27.372 196.0  9.462      686      607      698      635     12     28       689       606       698       607       694       634       684       633       661       582       723       660 PARcau 6.803855e-03 1.125406e-03 0.992071
   128   1       1752       1428  9.179  19.679 130.5 63.435     1747     1420     1760     1438     13     18      1752      1417      1761      1434      1753      1439      1744      1421      1722      1395      1785      1463 PARcau 1.404294e-03 2.901275e-03 0.995694
   128   5       4167        560 11.011  30.154 254.5 50.194     4157      548     4179      574     22     26      4162       545      4181       568      4173       575      4153       552      4132       523      4204       599 PARcau 2.446649e-01 5.466319e-04 0.754788
   129   0        693        611  9.000  28.000 193.5 90.000      689      598      699      627     10     29       689       598       698       598       698       626       689       626       664       573       724       652 PARcau 2.824303e-03 2.475626e-03 0.994700
   129   1       1757       1436  8.944  17.889 120.5 63.435     1751     1428     1764     1445     13     17      1757      1426      1765      1442      1757      1446      1749      1430      1726      1403      1789      1470 PARcau 4.161732e-05 1.815313e-04 0.999777
   129   5       4174        568 11.314  29.698 264.5 45.000     4164      557     4187      581     23     24      4168       554      4189       575      4181       583      4160       562      4139       532      4212       606 PARcau 3.277374e-01 9.445146e-04 0.671318
   130   1       1761       1442  9.220  16.971 119.5 45.000     1755     1435     1769     1451     14     16      1758      1433      1770      1445      1764      1452      1752      1440      1730      1410      1794      1476 PARcau 2.242482e-04 2.594739e-04 0.999516
   130   0        694        602  9.055  27.166 198.5  5.711      690      589      701      617     11     28       691       588       700       589       697       616       688       615       665       564       726       642 PARcau 2.958445e-01 3.049814e-03 0.701106
   130   5       4182        575 11.314  29.698 263.5 45.000     4171      565     4195      587     24     22      4176       561      4197       582      4189       590      4168       569      4146       540      4220       612 PARcau 6.667268e-03 1.076358e-03 0.992256
   131   0        695        594 10.050  28.160 209.5  6.340      690      581      701      610     11     29       691       580       701       581       698       609       688       608       665       556       726       635 PARcau 9.501167e-01 8.142003e-04 0.049069
   131   1       1765       1448  8.485  18.385 117.5 45.000     1759     1442     1774     1457     15     15      1762      1439      1775      1452      1769      1458      1756      1445      1734      1417      1799      1482 PARcau 8.935692e-03 6.535406e-03 0.984529
   131   5       4191        582 12.420  30.154 266.5 39.806     4180      572     4205      593     25     21      4183       568      4206       587      4198       597      4175       577      4155       547      4230       618 PARcau 5.809225e-04 8.120192e-06 0.999411
   132   0        695        586 10.000  28.000 223.5 90.000      690      572      701      601     11     29       690       572       700       572       700       600       690       600       665       547       726       626 PARcau 4.849239e-03 4.018844e-04 0.994749
   132   1       1770       1454  9.220  16.971 118.5 45.000     1764     1448     1779     1462     15     14      1768      1445      1780      1457      1773      1463      1761      1451      1739      1423      1804      1487 PARcau 8.654633e-04 2.179211e-03 0.996955
   132   5       4200        588 12.207  30.000 270.0 36.870     4188      578     4214      599     26     21      4191       575      4215       593      4208       603      4184       585      4163       553      4239       624 PARcau 4.538385e-03 3.831666e-03 0.991630
   133   1       1776       1458  8.485  16.971 116.0 45.000     1770     1452     1785     1466     15     14      1773      1449      1785      1461      1779      1467      1767      1455      1745      1427      1810      1491 PARcau 2.590337e-04 2.490008e-04 0.999492
   133   0        695        577 10.000  29.000 220.5 90.000      690      563      701      593     11     30       690       563       700       563       700       592       690       592       665       538       726       618 PARcau 9.652715e-02 8.331727e-04 0.902640
   133   5       4210        594 12.093  30.270 269.0 30.964     4198      585     4225      605     27     20      4200       582      4226       597      4220       608      4194       592      4173       560      4250       630 PARcau 9.726520e-02 1.974603e-03 0.900760
   134   1       1783       1463  9.014  18.310 123.0 33.690     1776     1457     1793     1470     17     13      1778      1454      1793      1464      1788      1472      1773      1461      1751      1432      1818      1495 PARcau 1.017588e-03 6.844379e-06 0.998976
   134   0        696        567  9.708  27.554 207.0 11.310      691      554      703      583     12     29       694       553       704       555       698       582       689       580       666       529       728       608 PARcau 1.084477e-01 3.764186e-04 0.891176
   134   5       4221        600 11.180  30.414 274.0 26.565     4208      591     4236      611     28     20      4210       588      4237       602      4232       612      4205       598      4183       566      4261       636 PARcau 6.441104e-03 2.807609e-05 0.993531
   135   0        697        558  9.962  28.022 208.5 15.255      692      545      704      573     12     28       697       543       706       546       699       573       689       570       667       520       729       598 PARcau 8.009988e-01 1.425785e-04 0.198859
   135   1       1790       1468  8.846  19.526 125.0 38.660     1783     1462     1800     1476     17     14      1786      1459      1801      1471      1795      1478      1780      1465      1758      1437      1825      1501 PARcau 9.984474e-05 1.929345e-04 0.999707
   135   5       4231        606 11.927  30.647 272.0 33.690     4219      597     4246      617     27     20      4221       593      4247       610      4240       620      4215       603      4194       572      4271       642 PARcau 5.092424e-01 2.500275e-05 0.490733
   135   7        333       1830  7.000  10.000  58.0 90.000      330     1825      338     1836      8     11       330      1825       337      1825       337      1835       330      1835       305      1800       363      1861 PARcau 2.499689e-04 5.280943e-03 0.994469
   136   7        334       1834  7.071   7.071  42.5 45.000      330     1831      339     1839      9      8       334      1829       339      1834       334      1839       329      1834       305      1806       364      1864 PARcau 2.018125e-04 1.271487e-01 0.872649
   136   0        699        549  9.962  28.022 212.0 15.945      694      535      706      564     12     29       699       534       708       537       701       564       691       561       669       510       731       589 PARcau 7.828797e-02 2.629429e-04 0.921449
   136   1       1798       1474  8.485  19.799 126.5 45.000     1791     1467     1807     1482     16     15      1794      1464      1808      1478      1802      1484      1788      1470      1766      1442      1832      1507 PARcau 5.700436e-06 4.558425e-07 0.999994
   136   5       4241        613 11.402  31.401 273.5 36.870     4229      603     4255      625     26     22      4232       599      4257       618      4250       627      4225       608      4204       578      4280       650 PARcau 5.816922e-02 1.368106e-05 0.941817
   137   0        702        540  9.708  27.771 205.0 14.036      696      526      709      554     13     28       701       525       710       527       704       554       694       552       671       501       734       579 PARcau 2.786246e-03 3.936002e-03 0.993278
   137   1       1805       1481  8.485  19.799 137.5 45.000     1798     1473     1814     1490     16     17      1801      1471      1815      1485      1809      1491      1795      1477      1773      1448      1839      1515 PARcau 1.030678e-03 3.410732e-05 0.998935
   137   5       4250        620 11.314  31.113 281.0 45.000     4238      609     4264      633     26     24      4243       605      4265       627      4257       635      4235       613      4213       584      4289       658 PARcau 4.807305e-04 1.019522e-03 0.998500
   138   0        704        532  9.962  28.022 205.5 15.945      699      518      711      546     12     28       704       516       713       519       706       546       696       543       674       493       736       571 PARcau 4.251626e-01 1.063550e-03 0.573774
   138   1       1810       1488  9.220  19.799 135.5 45.000     1804     1480     1819     1498     15     18      1807      1478      1821      1492      1815      1499      1801      1485      1779      1455      1844      1523 PARcau 1.214158e-04 3.846264e-03 0.996032
   138   5       4258        628 11.314  31.113 272.0 45.000     4247      617     4271      642     24     25      4252       614      4274       636      4266       644      4244       622      4222       592      4296       667 PARcau 9.133204e-03 1.701362e-06 0.990865
   139   0        707        522  9.708  27.771 202.0 12.995      702      508      714      536     12     28       706       507       716       509       709       536       700       534       677       483       739       561 PARcau 9.602387e-03 3.227096e-05 0.990365
   139   1       1816       1496  8.944  20.125 134.0 63.435     1810     1488     1823     1506     13     18      1815      1485      1824      1503      1816      1507      1807      1489      1785      1463      1848      1531 PARcau 1.101662e-04 5.674001e-05 0.999833
   139   5       4266        637 11.011  30.923 268.5 51.340     4255      626     4278      652     23     26      4260       622      4280       646      4271       653      4252       629      4230       601      4303       677 PARcau 7.179752e-05 1.082487e-06 0.999927
   140   1       1819       1504  8.944  19.235 127.0 63.435     1814     1496     1826     1514     12     18      1819      1494      1828      1511      1820      1515      1811      1498      1789      1471      1851      1539 PARcau 1.224797e-05 1.118294e-04 0.999876
   140   0        710        513  9.618  28.045 201.0 11.310      705      499      717      528     12     29       708       498       718       500       712       527       703       526       680       474       742       553 PARcau 6.727641e-01 2.093971e-04 0.327026
   140   5       4272        647 11.236  29.954 251.5 56.310     4263      635     4283      661     20     26      4269       631      4285       656      4276       662      4259       637      4238       610      4308       686 PARcau 2.713205e-04 4.364122e-06 0.999724
   141   1       1822       1512  9.657  18.848 134.5 68.199     1817     1504     1829     1522     12     18      1814      1505      1823      1502      1830      1519      1821      1523      1792      1479      1854      1547 PARcau 4.396259e-04 1.180991e-02 0.987750
   141   0        713        503  9.962  27.771 200.5 14.036      708      490      720      518     12     28       712       488       721       491       715       518       705       515       683       465       745       543 PARcau 6.990702e-02 1.308713e-04 0.929962
   141   5       4279        656 10.817  30.232 265.5 56.310     4269      644     4290      671     21     27      4275       641      4292       666      4283       672      4266       647      4244       619      4315       696 PARcau 1.736123e-04 2.159504e-04 0.999610
   142   1       1825       1519  8.944  17.889 123.5 63.435     1820     1511     1832     1528     12     17      1825      1509      1833      1525      1825      1529      1817      1513      1795      1486      1857      1553 PARcau 1.515723e-04 1.379496e-03 0.998469
   142   0        716        494  9.552  26.235 196.5  8.130      711      481      723      508     12     27       713       480       722       481       719       507       709       506       686       456       748       533 PARcau 8.684534e-02 4.101061e-03 0.909054
   142   5       4285        666 12.207  30.610 271.0 51.340     4276      654     4297      681     21     27      4281       651      4300       675      4290       682      4271       658      4251       629      4322       706 PARcau 1.461558e-04 6.968374e-04 0.999157
   143   1       1828       1524  9.434  16.643 120.0 56.310     1823     1518     1836     1533     13     15      1828      1515      1837      1529      1829      1534      1820      1520      1798      1493      1861      1558 PARcau 4.406785e-03 2.937122e-02 0.966222
   143   0        718        486 10.050  27.166 212.0  6.340      713      472      725      500     12     28       715       471       725       472       722       499       712       498       688       447       750       525 PARcau 2.352932e-02 7.147846e-03 0.969323
   143   5       4292        676 11.402  31.401 268.5 51.340     4282      663     4304      690     22     27      4287       660      4306       685      4297       692      4278       667      4257       638      4329       715 PARcau 6.970227e-05 3.231657e-05 0.999898
   144   1       1832       1530  9.014  16.919 113.5 56.310     1826     1524     1840     1539     14     15      1831      1521      1840      1535      1833      1540      1823      1526      1801      1499      1865      1564 PARcau 9.312339e-02 5.219676e-04 0.906355
   144   0        720        477 10.050  28.160 209.5  6.340      715      463      726      492     11     29       716       462       726       463       723       491       713       490       690       438       751       517 PARcau 6.955583e-02 3.046423e-03 0.927398
   144   5       4299        684 11.314  31.113 262.0 45.000     4289      672     4311      697     22     25      4292       669      4314       691      4306       699      4284       677      4264       647      4336       722 PARcau 1.027765e-03 7.245471e-07 0.998972
   145   1       1836       1535  8.485  15.556 109.5 45.000     1830     1529     1844     1543     14     14      1834      1527      1845      1538      1839      1544      1828      1533      1805      1504      1869      1568 PARcau 5.561574e-04 3.889800e-04 0.999055
   145   0        722        468 10.000  28.000 217.5 90.000      717      454      728      483     11     29       717       454       727       454       727       482       717       482       692       429       753       508 PARcau 3.402264e-02 9.001656e-04 0.965077
   145   5       4306        692 10.630  31.113 267.5 45.000     4296      680     4320      704     24     24      4299       677      4321       699      4314       707      4292       685      4271       655      4345       729 PARcau 8.508323e-01 3.506951e-06 0.149164
   146   1       1841       1539  9.192  17.678 132.0 45.000     1834     1533     1850     1548     16     15      1838      1530      1851      1543      1844      1549      1832      1537      1809      1508      1875      1573 PARcau 7.450277e-04 2.767809e-04 0.998978
   146   0        723        458 10.000  27.000 217.0 90.000      718      445      729      473     11     28       718       445       728       445       728       472       718       472       693       420       754       498 PARcau 8.944860e-01 3.038457e-04 0.105210
   146   5       4315        699 12.042  29.069 270.5 41.186     4304      688     4329      711     25     23      4308       685      4330       704      4322       713      4300       694      4279       663      4354       736 PARcau 8.050973e-01 5.771788e-06 0.194897
   147   0        723        451 10.000  27.000 221.5 90.000      718      438      729      466     11     28       718       438       728       438       728       465       718       465       693       413       754       491 PARcau 4.080194e-02 1.127333e-02 0.947925
   147   1       1847       1544  9.192  19.092 131.0 45.000     1840     1538     1856     1553     16     15      1844      1535      1857      1548      1851      1555      1837      1541      1815      1513      1881      1578 PARcau 3.009343e-02 4.686153e-06 0.969902
   147   5       4324        705 12.104  31.313 283.0 38.660     4313      694     4339      717     26     23      4316       691      4340       711      4333       720      4308       701      4288       669      4364       742 PARcau 2.000302e-01 2.645686e-07 0.799970
   148   0        721        445 10.050  27.074 217.0 86.186      717      432      728      460     11     28       715       432       725       431       727       458       717       459       692       407       753       485 PARcau 1.868844e-01 9.490546e-02 0.718210
   148   1       1853       1550  9.899  19.799 140.0 45.000     1846     1542     1863     1559     17     17      1850      1539      1864      1553      1857      1560      1843      1546      1821      1517      1888      1584 PARcau 4.166509e-05 1.345146e-06 0.999957
   148   5       4334        711 12.104  32.101 283.5 36.870     4322      701     4349      723     27     22      4325       697      4351       717      4343       726      4318       707      4297       676      4374       748 PARcau 7.968568e-02 1.838744e-03 0.918476
   149   0        719        439 10.050  28.284 220.5 82.875      715      425      727      454     12     29       712       425       722       424       726       452       716       453       690       400       752       479 PARcau 6.361012e-02 1.337953e-02 0.923010
   149   1       1860       1556  9.220  19.799 141.5 45.000     1853     1548     1869     1566     16     18      1856      1546      1870      1560      1864      1567      1850      1553      1828      1523      1894      1591 PARcau 1.971977e-08 5.441429e-08 1.000000
   149   5       4344        717 12.728  31.113 289.5 45.000     4332      707     4359      729     27     22      4338       702      4360       724      4351       733      4329       711      4307       682      4384       754 PARcau 3.030253e-01 2.052256e-05 0.696954