 Frame  ID  CentroidX  CentroidY  Width  Length  Area  Angle  Box_TLX  Box_TLY  Box_BRX  Box_BRY  Box_W  Box_H  rBox_TLX  rBox_TLY  rBox_TRX  rBox_TRY  rBox_BRX  rBox_BRY  rBox_BLX  rBox_BLY  lBox_TLX  lBox_TLY  lBox_BRX  lBox_BRY  Label       HOMver       NONpro   PARcau
    21   0       1230       1142  9.301  22.102 166.5 53.130     1222     1133     1239     1153     17     20      1227      1130      1240      1148      1233      1153      1219      1136      1197      1108      1264      1178 PARcau 1.599711e-03 8.759792e-01 0.122421
    22   0       1235       1145  9.192  23.335 160.5 45.000     1227     1136     1245     1155     18     19      1230      1134      1246      1150      1240      1157      1223      1140      1202      1111      1270      1180 PARcau 3.663984e-03 5.385559e-02 0.942480
    23   0       1241       1149  9.192  21.920 167.0 45.000     1233     1141     1251     1159     18     18      1237      1139      1252      1154      1246      1161      1230      1145      1208      1116      1276      1184 PARcau 2.966042e-03 1.450779e-01 0.851956
    24   0       1242       1149  8.485  21.213 155.5 45.000     1234     1141     1253     1159     19     18      1238      1139      1253      1154      1247      1160      1232      1145      1209      1116      1278      1184 PARcau 9.580395e-03 5.153050e-02 0.938889
    25   0       1238       1146  9.899  21.213 154.0 45.000     1231     1138     1248     1156     17     18      1234      1135      1249      1150      1242      1157      1227      1142      1206      1113      1273      1181 PARcau 8.503127e-04 5.119102e-03 0.994031
    26   0       1235       1143  9.962  19.526 134.0 75.964     1230     1134     1242     1154     12     20      1228      1135      1237      1132      1242      1151      1232      1154      1205      1109      1267      1179 PARcau 3.935774e-04 8.478385e-01 0.151768
    27   0       1234       1140  9.000  19.000 125.0 90.000     1229     1131     1239     1151     10     20      1229      1131      1238      1131      1238      1150      1229      1150      1204      1106      1264      1176 PARcau 1.777209e-03 3.710525e-01 0.627170
    28   0       1233       1140  9.220  18.439  96.5 11.310     1227     1132     1239     1150     12     18      1230      1130      1239      1132      1235      1150      1226      1148      1202      1107      1264      1175 PARcau 4.683288e-04 7.879708e-02 0.920735
    29   0       1231       1141  8.902  21.006 102.5 39.289     1225     1132     1240     1151     15     19      1222      1147      1235      1130      1242      1136      1229      1152      1200      1107      1265      1176 PARcau 1.736439e-03 5.973314e-04 0.997666
    30   0       1230       1141  8.515  21.966  98.5 48.814     1222     1133     1239     1151     17     18      1219      1146      1236      1131      1241      1138      1225      1152      1197      1108      1264      1176 PARcau 2.263203e-01 2.048551e-03 0.771631
    31   0       1225       1145  8.201  14.705  70.0 53.130     1219     1139     1235     1152     16     13      1217      1146      1229      1137      1234      1144      1222      1152      1194      1114      1260      1177 PARcau 6.418133e-01 4.029670e-05 0.358146
    32   0       1224       1146  7.071  15.556  61.0 45.000     1219     1140     1234     1153     15     13      1217      1149      1228      1138      1233      1143      1222      1154      1194      1115      1259      1178 PARcau 4.103141e-03 9.292859e-05 0.995804
    33   0       1223       1148  7.071  14.142  69.0 45.000     1218     1142     1230     1154     12     12      1216      1150      1226      1140      1231      1145      1221      1155      1193      1117      1255      1179 PARcau 7.022533e-04 5.980471e-04 0.998700
    34   0       1222       1148  7.071  14.866  65.5 45.000     1217     1142     1230     1155     13     13      1215      1150      1226      1140      1231      1145      1220      1155      1192      1117      1255      1180 PARcau 2.686084e-01 4.408863e-05 0.731347
    34   1        695       2871  5.657   7.071  32.0 45.000      693     2868      700     2876      7      8       691      2871       696      2866       700      2870       695      2875       668      2843       725      2901 PARcau 1.282721e-03 2.157230e-04 0.998502
    35   0       1222       1149  7.071  14.142  63.5 45.000     1217     1143     1229     1155     12     12      1215      1151      1225      1141      1230      1146      1220      1156      1192      1118      1254      1180 PARcau 1.862715e-02 7.544120e-04 0.980618
    35   1        694       2870  6.000   8.000  40.0 90.000      692     2867      699     2876      7      9       692      2867       698      2867       698      2875       692      2875       667      2842       724      2901 PARcau 1.227074e-01 4.666468e-04 0.876826
    36   1        694       2870  7.000   7.000  41.5 90.000      691     2867      699     2875      8      8       691      2867       698      2867       698      2874       691      2874       666      2842       724      2900 PARcau 6.038647e-04 1.043217e-06 0.999395
    36   0       1220       1150  7.071  14.142  53.0 45.000     1215     1145     1229     1156     14     11      1213      1152      1223      1142      1228      1147      1218      1157      1190      1120      1254      1181 PARcau 5.951399e-03 6.535139e-04 0.993395
    37   1        694       2871  6.000   7.000  33.0 90.000      691     2868      699     2875      8      7       691      2868       698      2868       698      2874       691      2874       666      2843       724      2900 PARcau 9.920334e-03 1.396007e-04 0.989940
    37   0       1218       1151  7.382  16.808  74.5 60.255     1212     1145     1227     1157     15     12      1210      1152      1224      1143      1228      1150      1213      1158      1187      1120      1252      1182 PARcau 1.039243e-02 6.702427e-04 0.988937
    38   1        694       2871  6.000   7.000  30.5 90.000      691     2868      699     2875      8      7       691      2868       698      2868       698      2874       691      2874       666      2843       724      2900 PARcau 1.890826e-03 4.232514e-05 0.998067
    38   0       1214       1153  7.280  17.464  73.0 74.055     1208     1148     1225     1158     17     10      1206      1151      1223      1147      1225      1154      1208      1158      1183      1123      1250      1183 PARcau 1.146761e-01 1.033026e-05 0.885314
    39   0       1211       1154  8.544  22.136 124.0 71.565     1203     1148     1225     1161     22     13      1201      1153      1222      1146      1225      1154      1204      1161      1178      1123      1250      1186 PARcau 6.359012e-04 2.165611e-02 0.977708
    40   0       1209       1155  9.618  21.783 146.0 80.538     1199     1151     1221     1162     22     11      1198      1152      1219      1149      1221      1158      1199      1162      1174      1126      1246      1187 PARcau 1.929615e-02 1.919178e-04 0.980512
    41   0       1206       1156  9.708  21.477 151.0 78.690     1196     1152     1218     1163     22     11      1195      1154      1216      1149      1218      1159      1197      1163      1171      1127      1243      1188 PARcau 4.016817e-02 1.925511e-04 0.959639
    42   0       1204       1157 10.050  20.224 146.5 82.875     1195     1152     1216     1163     21     11      1194      1153      1214      1150      1215      1160      1195      1163      1170      1127      1241      1188 PARcau 1.063832e-01 9.730160e-03 0.883887
    43   0       1202       1157  9.000  21.000 148.5 90.000     1192     1153     1214     1163     22     10      1192      1153      1213      1153      1213      1162      1192      1162      1167      1128      1239      1188 PARcau 3.043786e-02 2.946440e-03 0.966616
    44   0       1198       1157 10.000  21.000 148.0 90.000     1189     1153     1211     1164     22     11      1189      1153      1210      1153      1210      1163      1189      1163      1164      1128      1236      1189 PARcau 3.797577e-02 4.002729e-04 0.961624
    45   0       1195       1157  9.823  22.192 160.0 14.036     1185     1152     1207     1164     22     12      1185      1150      1207      1156      1204      1165      1183      1160      1160      1127      1232      1189 PARcau 3.781642e-05 1.434514e-06 0.999961
    46   0       1191       1157  9.657  22.940 157.0 21.801     1182     1151     1204     1165     22     14      1183      1149      1204      1157      1201      1166      1179      1158      1157      1126      1229      1190 PARcau 6.967115e-05 1.550882e-05 0.999915
    47   0       1187       1156 10.296  21.954 162.5 29.745     1178     1149     1199     1164     21     15      1180      1146      1199      1157      1194      1166      1175      1155      1153      1124      1224      1189 PARcau 2.411462e-05 2.571201e-06 0.999973
    48   0       1184       1154 10.000  22.204 167.5 36.870     1176     1146     1195     1164     19     18      1178      1144      1196      1157      1190      1165      1172      1152      1151      1121      1220      1189 PARcau 1.019743e-02 7.148928e-04 0.989088
    49   0       1182       1152  9.899  22.627 166.5 45.000     1175     1143     1192     1162     17     19      1178      1141      1194      1157      1187      1164      1171      1148      1150      1118      1217      1187 PARcau 8.942943e-04 1.570967e-05 0.999090
    50   0       1179       1148 10.000  23.601 168.5 54.462     1172     1139     1189     1159     17     20      1176      1136      1190      1155      1182      1161      1168      1142      1147      1114      1214      1184 PARcau 7.972892e-06 6.385846e-05 0.999928
    51   0       1176       1145 10.548  23.436 180.0 56.310     1169     1135     1186     1156     17     21      1174      1132      1187      1152      1178      1157      1165      1138      1144      1110      1211      1181 PARcau 1.951234e-02 2.186724e-04 0.980269
    52   0       1173       1139  9.862  22.209 166.0 59.036     1166     1129     1181     1150     15     21      1171      1127      1183      1146      1174      1151      1163      1132      1141      1104      1206      1175 PARcau 2.054424e-04 2.406028e-06 0.999792
    53   0       1171       1137 10.296  23.259 156.5 63.435     1164     1126     1179     1148     15     22      1170      1123      1180      1144      1171      1149      1161      1128      1139      1101      1204      1173 PARcau 9.388135e-04 2.009225e-03 0.997052
    54   0       1167       1134  9.220  22.672 155.5 48.366     1160     1124     1177     1144     17     20      1163      1122      1178      1139      1171      1145      1156      1128      1135      1099      1202      1169 PARcau 2.765173e-04 2.086185e-04 0.999515
    55   0       1164       1130  9.925  22.727 151.0 51.340     1156     1120     1173     1140     17     20      1160      1118      1174      1135      1167      1142      1152      1124      1131      1095      1198      1165 PARcau 3.402254e-03 2.007012e-03 0.994591
    56   0       1159       1125  9.862  23.479 151.0 63.435     1153     1115     1169     1137     16     22      1159      1112      1169      1133      1161      1138      1150      1117      1128      1090      1194      1162 PARcau 1.377897e-03 6.605039e-05 0.998556
    57   0       1157       1121 10.440  22.472 156.0 70.017     1152     1110     1165     1133     13     23      1148      1112      1158      1109      1166      1130      1156      1133      1127      1085      1190      1158 PARcau 5.123589e-04 7.996170e-04 0.998688
    58   0       1156       1118  9.000  22.000 159.0 90.000     1152     1108     1162     1131     10     23      1152      1108      1161      1108      1161      1130      1152      1130      1127      1083      1187      1156 PARcau 1.554414e-02 3.908445e-02 0.945371
    59   0       1156       1116  9.618  23.927 162.0 10.305     1151     1105     1163     1129     12     24      1154      1103      1163      1105      1159      1128      1149      1127      1126      1080      1188      1154 PARcau 3.634507e-03 6.107032e-02 0.935295
    60   0       1157       1114  9.487  23.409 156.5 18.435     1152     1104     1165     1127     13     23      1156      1102      1165      1105      1157      1127      1148      1124      1127      1079      1190      1152 PARcau 8.156832e-02 8.024391e-03 0.910407
    61   0       1157       1112  9.487  23.409 161.0 18.435     1152     1102     1165     1125     13     23      1157      1100      1166      1103      1158      1125      1149      1122      1127      1077      1190      1150 PARcau 6.707184e-01 2.600928e-03 0.326681
    62   0       1158       1110  8.544  24.166 146.0 23.199     1152     1099     1166     1122     14     23      1149      1119      1159      1097      1167      1100      1157      1122      1127      1074      1191      1147 PARcau 2.890103e-04 2.130809e-06 0.999709
    63   0       1158       1106  9.657  24.233 159.0 21.801     1153     1096     1166     1119     13     23      1158      1093      1167      1097      1158      1119      1149      1116      1128      1071      1191      1144 PARcau 8.646910e-02 4.540910e-03 0.908990
    64   0       1159       1103  9.618  23.033 152.0 26.565     1152     1094     1167     1116     15     22      1149      1112      1159      1091      1168      1096      1157      1116      1127      1069      1192      1141 PARcau 1.717751e-03 1.398681e-06 0.998281
    65   0       1159       1100  9.708  22.611 162.5 35.538     1152     1091     1169     1112     17     21      1149      1107      1162      1088      1170      1094      1157      1112      1127      1066      1194      1137 PARcau 1.111486e-03 2.747085e-04 0.998614
    66   0       1162       1097  8.515  23.377 149.0 42.274     1153     1089     1172     1108     19     19      1150      1103      1166      1085      1172      1091      1157      1108      1128      1064      1197      1133 PARcau 7.870308e-04 9.010858e-04 0.998312
    67   0       1166       1092  8.846  23.754 152.5 50.194     1157     1085     1177     1102     20     17      1154      1097      1172      1081      1178      1088      1160      1103      1132      1060      1202      1127 PARcau 1.222704e-03 1.400122e-04 0.998637
    68   0       1171       1088  8.602  23.854 167.0 56.310     1161     1081     1182     1098     21     17      1158      1091      1178      1078      1183      1085      1163      1098      1136      1056      1207      1123 PARcau 1.006580e-03 6.670645e-04 0.998326
    69   0       1174       1084  9.899  22.627 163.5 45.000     1165     1077     1185     1094     20     17      1163      1089      1179      1073      1186      1080      1170      1096      1140      1052      1210      1119 PARcau 2.030487e-04 6.350710e-03 0.993446
    70   0       1178       1081  8.485  22.627 160.0 45.000     1169     1073     1188     1090     19     17      1167      1086      1183      1070      1189      1076      1173      1092      1144      1048      1213      1115 PARcau 5.800341e-04 6.360994e-05 0.999356
    71   0       1181       1077  8.485  22.627 164.5 45.000     1172     1068     1191     1087     19     19      1170      1082      1186      1066      1192      1072      1176      1088      1147      1043      1216      1112 PARcau 6.782432e-04 3.049109e-04 0.999017
    72   0       1183       1072  9.434  23.022 162.5 33.690     1175     1063     1193     1083     18     20      1172      1079      1185      1060      1193      1065      1180      1084      1150      1038      1218      1108 PARcau 2.576591e-04 9.414896e-04 0.998801
    73   0       1182       1071  9.487  22.136 166.5 18.435     1176     1061     1190     1083     14     22      1181      1059      1190      1062      1183      1083      1174      1080      1151      1036      1215      1108 PARcau 3.617078e-03 6.792977e-03 0.989590
    74   0       1180       1072  9.000  22.000 142.5 90.000     1176     1062     1186     1085     10     23      1176      1062      1185      1062      1185      1084      1176      1084      1151      1037      1211      1110 PARcau 3.342958e-03 7.213999e-02 0.924517
    75   0       1178       1072  9.849  17.889 131.5 63.435     1172     1064     1186     1083     14     19      1169      1066      1178      1062      1186      1078      1177      1082      1147      1039      1211      1108 PARcau 4.363820e-03 6.405146e-01 0.355122
    76   0       1176       1072  8.944  18.788 109.5 26.565     1169     1067     1187     1079     18     12      1171      1065      1188      1073      1184      1081      1167      1073      1144      1042      1212      1104 PARcau 9.978549e-03 7.364248e-02 0.916379
    77   0       1174       1073  9.055  19.105 112.0  4.764     1166     1070     1186     1080     20     10      1166      1068      1185      1070      1184      1079      1165      1077      1141      1045      1211      1105 PARcau 4.711229e-02 3.618609e-01 0.591027
    78   0       1170       1074  9.000  20.000 124.0 90.000     1162     1070     1183     1080     21     10      1162      1070      1182      1070      1182      1079      1162      1079      1137      1045      1208      1105 PARcau 1.127552e-01 2.029562e-01 0.684289
    79   0       1168       1074  9.000  21.000 143.0 90.000     1159     1070     1181     1080     22     10      1159      1070      1180      1070      1180      1079      1159      1079      1134      1045      1206      1105 PARcau 5.587387e-03 8.851359e-01 0.109277
    80   0       1166       1074  9.000  22.000 139.5 90.000     1156     1070     1179     1080     23     10      1156      1070      1178      1070      1178      1079      1156      1079      1131      1045      1204      1105 PARcau 4.533656e-02 8.021393e-01 0.152524
    81   0       1164       1074  9.000  21.000 145.5 90.000     1154     1070     1176     1080     22     10      1154      1070      1175      1070      1175      1079      1154      1079      1129      1045      1201      1105 PARcau 1.885752e-03 1.255200e-01 0.872594
    82   0       1161       1074  9.000  21.000 141.0 90.000     1151     1070     1173     1080     22     10      1151      1070      1172      1070      1172      1079      1151      1079      1126      1045      1198      1105 PARcau 8.715967e-03 7.938631e-03 0.983345
    83   0       1157       1073  9.000  22.000 145.0 90.000     1146     1069     1169     1079     23     10      1146      1069      1168      1069      1168      1078      1146      1078      1121      1044      1194      1104 PARcau 7.471906e-03 6.305676e-02 0.929471
    84   0       1151       1073 10.000  22.000 160.5 90.000     1141     1069     1164     1080     23     11      1141      1069      1163      1069      1163      1079      1141      1079      1116      1044      1189      1105 PARcau 9.338799e-03 1.827756e-03 0.988833
    85   0       1146       1073 10.000  22.000 164.0 90.000     1136     1068     1159     1079     23     11      1136      1068      1158      1068      1158      1078      1136      1078      1111      1043      1184      1104 PARcau 1.396326e-03 4.050790e-03 0.994553
    86   0       1140       1072  9.962  23.243 173.0 18.435     1130     1066     1153     1079     23     13      1131      1063      1153      1071      1150      1080      1128      1073      1105      1041      1178      1104 PARcau 8.789869e-03 3.774455e-04 0.990833
    87   0       1135       1071  9.487  22.136 160.0 18.435     1125     1065     1147     1078     22     13      1126      1063      1147      1070      1144      1079      1123      1072      1100      1040      1172      1103 PARcau 2.528567e-06 1.150039e-04 0.999882
    88   0       1130       1069 10.124  21.506 158.5 18.435     1120     1063     1141     1077     21     14      1121      1062      1141      1068      1138      1078      1117      1071      1095      1038      1166      1102 PARcau 2.782609e-02 2.647694e-04 0.971909
    89   0       1124       1068  9.657  21.077 150.0 21.801     1115     1062     1135     1075     20     13      1116      1059      1135      1067      1132      1076      1112      1068      1090      1037      1160      1100 PARcau 6.749895e-03 2.883705e-02 0.964413
    90   0       1121       1067  8.944  21.932 147.5 23.962     1111     1061     1132     1074     21     13      1112      1058      1132      1067      1128      1075      1108      1066      1086      1036      1157      1099 PARcau 7.582309e-03 2.186782e-03 0.990231
    91   0       1116       1066  8.544  23.409 152.0 20.556     1107     1060     1129     1073     22     13      1107      1058      1129      1066      1126      1074      1104      1066      1082      1035      1154      1098 PARcau 5.261950e-04 2.860381e-02 0.970870
    92   0       1110       1063  8.944  22.361 146.0 26.565     1101     1057     1122     1071     21     14      1103      1055      1123      1065      1119      1073      1099      1063      1076      1032      1147      1096 PARcau 6.482060e-04 4.709336e-02 0.952258
    93   0       1104       1060  8.944  21.471 150.0 26.565     1095     1054     1115     1068     20     14      1096      1051      1115      1061      1111      1069      1092      1059      1070      1029      1140      1093 PARcau 2.171863e-03 3.394190e-04 0.997489
    94   0       1096       1056  9.394  23.479 163.5 26.565     1086     1049     1108     1064     22     15      1087      1046      1108      1057      1104      1065      1083      1055      1061      1024      1133      1089 PARcau 5.631978e-02 7.675095e-03 0.936005
    95   0       1087       1050  9.605  23.114 162.5 38.660     1078     1043     1099     1059     21     16      1081      1040      1099      1054      1093      1062      1075      1047      1053      1018      1124      1084 PARcau 3.973570e-03 7.198181e-03 0.988828
    96   0       1079       1045  9.192  23.335 164.0 45.000     1070     1037     1090     1054     20     17      1074      1033      1091      1050      1084      1056      1068      1040      1045      1012      1115      1079 PARcau 1.584278e-04 3.085585e-03 0.996756
    97   0       1071       1039  9.220  22.627 160.5 45.000     1062     1031     1081     1048     19     17      1066      1027      1082      1043      1076      1050      1060      1034      1037      1006      1106      1073 PARcau 7.715865e-03 2.904559e-02 0.963239
    98   0       1063       1033  9.192  23.335 168.0 45.000     1054     1024     1074     1043     20     19      1058      1021      1075      1038      1068      1044      1052      1028      1029       999      1099      1068 PARcau 2.955341e-03 3.328186e-01 0.664226
    99   0       1055       1026  9.192  23.335 165.0 45.000     1046     1018     1065     1036     19     18      1050      1015      1066      1031      1060      1038      1043      1021      1021       993      1090      1061 PARcau 1.084980e-03 3.806372e-04 0.998534
   100   0       1048       1020  9.192  21.920 154.0 45.000     1039     1012     1058     1030     19     18      1043      1009      1059      1025      1052      1031      1037      1016      1014       987      1083      1055 PARcau 6.257190e-04 9.670691e-05 0.999278
   101   0       1041       1014  8.485  22.627 153.0 45.000     1032     1006     1051     1023     19     17      1036      1003      1052      1019      1046      1025      1030      1009      1007       981      1076      1048 PARcau 2.034523e-05 5.748671e-04 0.999405
   102   0       1033       1007  8.485  22.627 152.0 45.000     1024      999     1043     1016     19     17      1028       996      1044      1012      1038      1018      1022      1002       999       974      1068      1041 PARcau 3.143599e-06 3.803702e-05 0.999959
   103   0       1025        999  9.220  22.627 158.5 45.000     1016      991     1035     1009     19     18      1020       988      1036      1004      1030      1011      1014       995       991       966      1060      1034 PARcau 2.124324e-03 2.308044e-04 0.997645
   104   0       1018        993  9.192  21.920 158.0 45.000     1010      985     1028     1002     18     17      1014       982      1029       997      1023      1004      1007       988       985       960      1053      1027 PARcau 3.584415e-07 5.485581e-07 0.999999
   105   0       1014        987  9.192  21.920 151.0 45.000     1007      979     1024      996     17     17      1010       976      1025       991      1019       998      1003       982       982       954      1049      1021 PARcau 6.941935e-03 1.073543e-04 0.992951
   106   0       1013        984  9.220  21.213 150.5 45.000     1006      975     1023      993     17     18      1009       973      1024       988      1018       995      1003       980       981       950      1048      1018 PARcau 9.857302e-05 5.123987e-03 0.994777
   107   0       1015        986  9.192  20.506 141.0 45.000     1009      978     1024      995     15     17      1011       975      1026       990      1019       996      1005       982       984       953      1049      1020 PARcau 1.110926e-02 7.517340e-05 0.988816
   108   0       1017        990 11.673  14.431 103.0 14.036     1011      984     1026      998     15     14      1011       983      1025       986      1023       998      1009       994       986       959      1051      1023 PARcau 3.069538e-04 2.001583e-02 0.979677
   109   0       1019        995 10.440  12.649  90.0 71.565     1013      990     1026     1002     13     12      1011       992      1023       988      1026       998      1014      1002       988       965      1051      1027 PARcau 2.032293e-03 2.512851e-02 0.972839
   110   0       1019       1000  9.708  16.800 120.5 36.870     1014      992     1027     1009     13     17      1010      1004      1020       990      1028       996      1018      1009       989       967      1052      1034 PARcau 5.221395e-03 2.534257e-02 0.969436
   111   0       1020       1004  9.487  20.881 138.0 18.435     1016      993     1028     1015     12     22      1019       992      1028       995      1022      1015      1013      1012       991       968      1053      1040 PARcau 7.286483e-03 1.864310e-03 0.990849
   112   0       1022       1009  9.000  22.000 133.0 90.000     1018      998     1028     1021     10     23      1018       998      1027       998      1027      1020      1018      1020       993       973      1053      1046 PARcau 2.187551e-01 1.037703e-02 0.770868
   113   0       1025       1016  8.860  22.192 144.0 75.964     1020     1005     1031     1028     11     23      1018      1006      1026      1003      1032      1025      1023      1027       995       980      1056      1053 PARcau 2.613103e-03 2.653660e-03 0.994733
   114   0       1028       1023  9.487  22.136 147.5 71.565     1023     1013     1035     1035     12     22      1020      1014      1029      1011      1036      1032      1027      1035       998       988      1060      1060 PARcau 4.362337e-05 2.085518e-04 0.999748
   115   0       1030       1026  9.487  21.190 151.0 71.565     1025     1017     1037     1038     12     21      1022      1018      1031      1015      1038      1035      1029      1038      1000       992      1062      1063 PARcau 5.460973e-02 1.637436e-01 0.781647
   116   0       1031       1029  8.544  22.136 154.0 71.565     1026     1019     1038     1042     12     23      1024      1021      1032      1018      1039      1039      1031      1042      1001       994      1063      1067 PARcau 2.305321e-02 1.354606e-01 0.841486
   117   0       1033       1035  9.487  22.804 155.5 74.055     1029     1024     1040     1047     11     23      1026      1025      1035      1022      1041      1044      1032      1047      1004       999      1065      1072 PARcau 2.103419e-02 4.196885e-03 0.974769
   118   0       1035       1040  8.559  22.277 151.5 80.538     1031     1030     1042     1053     11     23      1030      1030      1038      1029      1042      1051      1033      1052      1006      1005      1067      1078 PARcau 2.422463e-04 3.331769e-01 0.666581
   119   0       1036       1044  9.000  22.000 160.0 90.000     1032     1034     1042     1057     10     23      1032      1034      1041      1034      1041      1056      1032      1056      1007      1009      1067      1082 PARcau 3.387268e-03 1.108756e-02 0.985525
   120   0       1037       1048  9.000  23.000 156.5  0.000     1033     1037     1043     1061     10     24      1033      1037      1042      1037      1042      1060      1033      1060      1008      1012      1068      1086 PARcau 5.816060e-04 8.462260e-03 0.990956
   121   0       1037       1051  9.000  22.000 151.0 90.000     1033     1041     1043     1064     10     23      1033      1041      1042      1041      1042      1063      1033      1063      1008      1016      1068      1089 PARcau 2.338964e-03 1.664835e-02 0.981013
   122   0       1037       1055  9.000  23.000 146.0 90.000     1033     1044     1043     1068     10     24      1033      1044      1042      1044      1042      1067      1033      1067      1008      1019      1068      1093 PARcau 2.890510e-04 3.151308e-02 0.968198
   123   0       1037       1058  8.000  22.000 143.0 90.000     1034     1048     1043     1071      9     23      1034      1048      1042      1048      1042      1070      1034      1070      1009      1023      1068      1096 PARcau 1.401520e-03 1.518460e-02 0.983414
   124   0       1038       1063  8.559  22.142 133.0  6.340     1034     1052     1044     1075     10     23      1035      1051      1043      1052      1041      1074      1032      1073      1009      1027      1069      1100 PARcau 1.439063e-03 1.443586e-02 0.984125
   125   0       1038       1065  8.732  21.477 121.5 11.310     1034     1054     1044     1076     10     22      1036      1053      1045      1055      1040      1076      1032      1074      1009      1029      1069      1101 PARcau 4.475456e-03 4.771446e-05 0.995477
   126   0       1038       1065  9.000  21.000 107.0  0.000     1035     1053     1045     1075     10     22      1035      1053      1044      1053      1044      1074      1035      1074      1010      1028      1070      1100 PARcau 3.519665e-03 3.006716e-02 0.966413
   127   0       1042       1066  9.014  17.868 105.0 71.565     1036     1057     1049     1075     13     18      1035      1058      1043      1055      1049      1072      1040      1075      1011      1032      1074      1100 PARcau 3.751329e-02 1.216344e-02 0.950323
   128   0       1045       1068  8.485  18.385 110.0 45.000     1038     1061     1053     1077     15     16      1042      1058      1055      1071      1049      1077      1036      1064      1013      1036      1078      1102 PARcau 5.099057e-06 2.544738e-06 0.999992
   129   0       1049       1070  8.485  21.213 137.0 45.000     1041     1063     1059     1080     18     17      1045      1060      1060      1075      1054      1081      1039      1066      1016      1038      1084      1105 PARcau 1.042159e-04 1.318088e-04 0.999764
   130   0       1054       1074  8.485  21.213 142.0 45.000     1046     1067     1065     1083     19     16      1050      1064      1065      1079      1059      1085      1044      1070      1021      1042      1090      1108 PARcau 1.646467e-06 9.706192e-05 0.999901
   131   0       1061       1079  8.746  20.940 141.0 33.690     1053     1072     1071     1088     18     16      1055      1069      1072      1081      1068      1088      1050      1077      1028      1047      1096      1113 PARcau 4.787385e-03 6.442384e-02 0.930789
   132   0       1068       1084  8.902  22.411 154.0 38.660     1059     1077     1079     1093     20     16      1062      1073      1079      1087      1074      1094      1056      1080      1034      1052      1104      1118 PARcau 4.745976e-06 2.417181e-04 0.999754
   133   0       1075       1089  9.220  22.627 165.5 45.000     1067     1081     1086     1099     19     18      1071      1078      1087      1094      1080      1100      1064      1084      1042      1056      1111      1124 PARcau 1.485966e-02 1.486686e-01 0.836472
   133   2       4129        321  5.000   7.000  27.5 90.000     4126      319     4134      325      8      6      4126       319      4133       319      4133       324      4126       324      4101       294      4159       350 PARcau 2.826141e-04 8.033404e-05 0.999637
   134   2       4128        322  8.000   8.000  46.0 90.000     4125      318     4134      327      9      9      4125       318      4133       318      4133       326      4125       326      4100       293      4159       352 PARcau 7.034914e-08 1.435840e-10 1.000000
   134   0       1083       1094  9.192  21.920 160.0 45.000     1075     1086     1093     1104     18     18      1079      1084      1094      1099      1088      1106      1072      1090      1050      1061      1118      1129 PARcau 1.503461e-03 1.489184e-02 0.983605
   135   2       4128        322  7.071  10.630  55.5 45.000     4124      318     4134      328     10     10      4122       324      4129       316      4134       321      4127       329      4099       293      4159       353 PARcau 3.161023e-06 5.029364e-09 0.999997
   135   0       1090       1100  8.485  22.627 157.0 45.000     1082     1092     1101     1110     19     18      1085      1089      1101      1105      1095      1111      1079      1095      1057      1067      1126      1135 PARcau 1.008162e-03 5.065472e-01 0.492445
   136   2       4128        322  7.071  11.314  62.5 45.000     4123      318     4134      329     11     11      4121       324      4129       316      4134       321      4126       329      4098       293      4159       354 PARcau 1.724260e-04 1.244602e-08 0.999828
   136   0       1098       1106  9.192  21.920 157.0 45.000     1090     1098     1108     1115     18     17      1093      1095      1109      1111      1102      1117      1087      1102      1065      1073      1133      1140 PARcau 3.033953e-03 2.576587e-02 0.971200
   137   2       4127        323  7.778  12.021  67.0 45.000     4122      319     4134      330     12     11      4120       325      4129       317      4134       322      4126       331      4097       294      4159       355 PARcau 2.433178e-03 2.271987e-05 0.997544
   137   0       1105       1112  9.220  22.627 157.5 45.000     1097     1104     1116     1122     19     18      1101      1101      1117      1117      1110      1123      1094      1107      1072      1079      1141      1147 PARcau 2.702115e-05 8.664822e-05 0.999886
   138   2       4126        324  8.515  13.509  75.0 38.660     4121      319     4134      331     13     12      4119       327      4128       316      4134       322      4126       332      4096       294      4159       356 PARcau 1.198973e-02 5.500855e-05 0.987955
   138   0       1112       1118  9.899  22.627 166.0 45.000     1104     1109     1123     1127     19     18      1108      1106      1124      1122      1117      1129      1101      1113      1079      1084      1148      1152 PARcau 4.138513e-04 1.421458e-04 0.999444
   139   2       4125        326  8.515  17.734 100.0 41.186     4118      319     4134      333     16     14      4116       330      4128       316      4134       322      4123       335      4093       294      4159       358 PARcau 1.425355e-01 1.777151e-04 0.857287
   139   0       1120       1123  9.192  23.335 169.0 45.000     1112     1115     1131     1133     19     18      1115      1112      1132      1129      1125      1135      1109      1119      1087      1090      1156      1158 PARcau 1.010376e-04 5.389321e-07 0.999898
   140   2       4123        327  8.139  20.887 105.0 48.814     4116      320     4133      335     17     15      4114       331      4129       317      4135       323      4119       337      4091       295      4158       360 PARcau 6.118411e-02 2.833499e-04 0.938533
   140   0       1128       1130  9.192  23.335 160.0 45.000     1119     1122     1139     1139     20     17      1123      1119      1139      1135      1133      1142      1116      1125      1094      1097      1164      1164 PARcau 2.449958e-04 1.741671e-05 0.999738
   141   2       4121        329  8.602  21.095 123.0 59.036     4113      321     4132      337     19     16      4111       331      4129       320      4134       327      4116       338      4088       296      4157       362 PARcau 6.117690e-04 2.617464e-05 0.999362
   141   0       1136       1137  9.899  22.627 168.0 45.000     1127     1129     1147     1146     20     17      1131      1125      1147      1141      1140      1148      1124      1132      1102      1104      1172      1171 PARcau 1.062151e-05 1.473547e-05 0.999975
   142   2       4119        331  9.179  21.523 129.0 59.036     4111      324     4130      339     19     15      4108       333      4127       322      4131       330      4113       341      4086       299      4155       364 PARcau 1.183268e-02 3.044681e-05 0.988137
   142   0       1144       1143  9.192  23.335 167.0 45.000     1134     1135     1155     1153     21     18      1139      1132      1155      1148      1149      1155      1132      1138      1109      1110      1180      1178 PARcau 2.050476e-05 2.695767e-04 0.999710
   143   2       4116        333  8.944  20.125 133.5 63.435     4108      326     4127      341     19     15      4106       333      4124       324      4128       332      4110       341      4083       301      4152       366 PARcau 2.145077e-02 7.373242e-06 0.978542
   143   0       1152       1150  9.434  23.324 174.0 30.964     1142     1143     1163     1159     21     16      1144      1140      1164      1152      1159      1160      1139      1148      1117      1118      1188      1184 PARcau 2.363875e-04 1.068764e-03 0.998695
   143   1        676       2899  4.243   8.485  26.0 45.000      673     2896      681     2904      8      8       675      2895       681      2901       678      2904       672      2898       648      2871       706      2929 PARcau 2.567749e-02 4.438185e-03 0.969884
   144   1        675       2900  5.831  10.817  45.0 56.310      672     2896      681     2906      9     10       675      2894       681      2903       676      2906       670      2897       647      2871       706      2931 PARcau 1.995721e-03 8.108727e-06 0.997996
   144   2       4113        335  8.944  21.471 134.0 63.435     4104      328     4124      342     20     14      4102       336      4121       326      4125       334      4106       344      4079       303      4149       367 PARcau 3.008847e-01 7.133713e-05 0.699044
   144   0       1159       1156  9.434  23.022 164.0 33.690     1150     1149     1171     1165     21     16      1153      1146      1172      1159      1167      1167      1148      1154      1125      1124      1196      1190 PARcau 1.171539e-03 3.063573e-03 0.995765
   145   1        675       2900  7.071  11.314  61.0 45.000      670     2896      681     2907     11     11       673      2894       681      2902       676      2907       668      2899       645      2871       706      2932 PARcau 1.015010e-03 1.318862e-04 0.998853
   145   2       4109        336  8.944  21.471 138.5 63.435     4100      330     4121      344     21     14      4098       337      4117       327      4121       335      4102       345      4075       305      4146       369 PARcau 8.978401e-03 1.817964e-06 0.991020
   145   0       1167       1163 10.296  23.324 171.0 30.964     1158     1156     1179     1172     21     16      1160      1152      1180      1164      1175      1173      1155      1161      1133      1131      1204      1197 PARcau 7.567307e-04 7.157797e-04 0.998527
   146   1        674       2901  7.778  10.607  62.5 45.000      670     2897      681     2907     11     10       674      2895       681      2902       676      2908       668      2900       645      2872       706      2932 PARcau 1.343580e-01 1.795305e-03 0.863847
   146   2       4106        338  8.944  20.125 130.5 63.435     4097      331     4117      345     20     14      4095       338      4113       329      4117       337      4099       346      4072       306      4142       370 PARcau 1.601285e-01 1.708470e-06 0.839870
   146   0       1174       1168  9.708  22.051 160.5 33.690     1165     1161     1185     1177     20     16      1168      1158      1186      1170      1181      1178      1162      1166      1140      1136      1210      1202 PARcau 1.462466e-04 6.599564e-05 0.999788
   147   1        674       2902  8.000  10.000  64.5 90.000      670     2898      681     2907     11      9       670      2898       680      2898       680      2906       670      2906       645      2873       706      2932 PARcau 1.018165e-03 1.086016e-04 0.998873
   147   2       4103        339  8.944  22.361 148.5 63.435     4093      332     4114      347     21     15      4091       340      4111       330      4115       338      4095       348      4068       307      4139       372 PARcau 8.159292e-02 1.935949e-07 0.918407
   147   0       1179       1172  9.434  21.954 165.5 30.964     1170     1165     1190     1181     20     16      1172      1162      1191      1173      1186      1181      1167      1170      1145      1140      1215      1206 PARcau 3.357820e-05 8.331659e-05 0.999883
   148   1        675       2902  7.810   9.899  55.5 45.000      670     2899      681     2908     11      9       674      2896       681      2903       676      2909       669      2902       645      2874       706      2933 PARcau 5.289582e-03 2.942835e-05 0.994681
   148   0       1178       1170  9.657  22.006 154.5 21.801     1169     1164     1190     1178     21     14      1170      1161      1191      1169      1187      1178      1167      1170      1144      1139      1215      1203 PARcau 3.745974e-02 4.422790e-03 0.958117
   148   2       4100        340  9.179  21.523 130.5 59.036     4091      334     4110      348     19     14      4088       342      4107       331      4111       339      4093       350      4066       309      4135       373 PARcau 2.639950e-02 5.280772e-06 0.973595
   149   1        675       2904  8.000   8.000  47.5 90.000      672     2900      681     2909      9      9       672      2900       680      2900       680      2908       672      2908       647      2875       706      2934 PARcau 1.274863e-03 9.800743e-06 0.998715
   149   0       1176       1165 10.112  19.729 155.0 81.870     1166     1161     1187     1172     21     11      1165      1162      1185      1159      1186      1169      1167      1172      1141      1136      1212      1197 PARcau 1.304006e-03 1.922234e-02 0.979474
   149   2       4096        342  8.062  20.248 122.5 59.036     4088      336     4107      350     19     14      4086       344      4103       333      4107       340      4090       351      4063       311      4132       375 PARcau 2.007863e-01 7.163696e-04 0.798497