 Frame  ID  CentroidX  CentroidY  Width  Length  Area  Angle  Box_TLX  Box_TLY  Box_BRX  Box_BRY  Box_W  Box_H  rBox_TLX  rBox_TLY  rBox_TRX  rBox_TRY  rBox_BRX  rBox_BRY  rBox_BLX  rBox_BLY  lBox_TLX  lBox_TLY  lBox_BRX  lBox_BRY  Label       HOMver       NONpro   PARcau
    21   0       2249        785  7.071  19.799  90.5 45.000     2242      778     2257      795     15     17      2244       776      2258       790      2253       795      2239       781      2217       753      2282       820 PARcau 1.181902e-02 8.623667e-05 0.988095
    21   1        351        602  9.394  19.007 143.0 26.565      345      594      359      613     14     19       351       592       360       596       351       613       343       609       320       569       384       638 PARcau 4.871958e-05 4.300707e-06 0.999947
    21   2       1182        379  9.220  19.647 131.0 75.964     1174      374     1193      386     19     12      1172       377      1191       372      1193       381      1174       386      1149       349      1218       411 PARcau 5.989278e-03 3.908870e-04 0.993620
    22   0       2246        784  7.071  19.799  82.5 45.000     2238      778     2256      793     18     15      2242       774      2256       788      2251       793      2237       779      2213       753      2281       818 PARcau 3.218875e-05 8.355774e-06 0.999959
    22   2       1179        380  9.124  19.906 139.5 78.690     1170      375     1190      386     20     11      1169       377      1188       373      1190       382      1170       386      1145       350      1215       411 PARcau 9.428422e-04 3.538137e-05 0.999022
    22   1        355        594  9.394  19.007 134.0 26.565      350      586      363      604     13     18       355       584       364       588       355       605       347       601       325       561       388       629 PARcau 1.374814e-05 6.021972e-04 0.999384
    23   0       2245        783  6.801  21.101  82.5 36.870     2236      778     2254      792     18     14      2238       774      2255       786      2251       792      2234       779      2211       753      2279       817 PARcau 2.603311e-05 1.075114e-05 0.999963
    23   2       1175        380  9.000  20.000 143.5 90.000     1165      376     1186      386     21     10      1165       376      1185       376      1185       385      1165       385      1140       351      1211       411 PARcau 9.135972e-02 3.475334e-03 0.905165
    23   1        359        587  9.862  18.608 149.0 30.964      352      579      366      597     14     18       350       593       359       577       368       582       358       598       327       554       391       622 PARcau 1.350199e-04 3.517572e-04 0.999513
    24   0       2243        783  6.708  20.591  61.5 29.745     2235      778     2254      792     19     14      2236       775      2254       785      2251       791      2233       781      2210       753      2279       817 PARcau 2.954418e-03 1.403668e-03 0.995642
    24   2       1170        381  9.000  19.000 134.0 90.000     1161      377     1181      387     20     10      1161       377      1180       377      1180       386      1161       386      1136       352      1206       412 PARcau 3.313972e-03 2.595718e-03 0.994090
    24   1        362        580 10.548  19.294 144.5 30.964      356      571      369      590     13     19       353       585       363       569       372       574       362       591       331       546       394       615 PARcau 2.896753e-04 1.755226e-03 0.997955
    25   2       1163        381  9.000  19.000 137.5 90.000     1154      377     1174      387     20     10      1154       377      1173       377      1173       386      1154       386      1129       352      1199       412 PARcau 1.461636e-03 9.454953e-03 0.989083
    25   1        366        572  9.862  19.474 144.0 30.964      360      564      373      582     13     18       357       578       367       561       375       566       366       583       335       539       398       607 PARcau 1.646552e-05 2.081378e-03 0.997902
    26   2       1156        381  8.000  20.000 134.5 90.000     1146      378     1167      387     21      9      1146       378      1166       378      1166       386      1146       386      1121       353      1192       412 PARcau 3.092565e-06 4.715883e-07 0.999996
    26   1        370        565 10.296  19.235 140.0 26.565      364      557      377      575     13     18       370       554       379       559       370       576       361       571       339       532       402       600 PARcau 1.508875e-05 4.747763e-03 0.995237
    27   2       1151        382  9.000  19.000 136.0 90.000     1142      378     1162      388     20     10      1142       378      1161       378      1161       387      1142       387      1117       353      1187       413 PARcau 2.776103e-10 8.381827e-08 1.000000
    27   1        373        559 10.296  18.788 142.5 26.565      367      551      381      569     14     18       373       548       382       553       374       570       365       565       342       526       406       594 PARcau 1.541265e-04 3.962168e-02 0.960224
    27   0       2250        798  4.000   9.000  28.5  0.000     2249      794     2254      804      5     10      2249       794      2253       794      2253       803      2249       803      2224       769      2279       829 PARcau 6.002642e-04 5.856337e-04 0.998814
    28   2       1148        381  9.124  20.887 142.5 11.310     1138      377     1159      388     21     11      1138       375      1158       379      1157       388      1136       384      1113       352      1184       413 PARcau 4.355812e-08 4.674685e-07 1.000000
    28   0       2249        801  7.000  10.000  52.5 90.000     2246      796     2254      807      8     11      2246       796      2253       796      2253       806      2246       806      2221       771      2279       832 PARcau 2.976670e-05 2.925697e-06 0.999967
    28   1        376        558  9.552  18.822 141.0 39.806      369      550      385      567     16     17       367       562       379       547       386       554       374       568       344       525       410       592 PARcau 3.470158e-04 1.401849e-03 0.998251
    29   0       2248        801  6.801  11.927  59.5 56.310     2244      797     2255      807     11     10      2241       801      2251       795      2255       800      2245       807      2219       772      2280       832 PARcau 4.536903e-03 1.502658e-03 0.993960
    29   1        376        562  9.487  16.763 116.0 71.565      369      557      386      569     17     12       367       560       383       555       386       564       370       569       344       532       411       594 PARcau 3.480881e-05 3.166043e-03 0.996799
    29   2       1144        380  9.394  20.427 142.5 21.801     1135      375     1155      387     20     12      1136       372      1155       380      1151       388      1132       381      1110       350      1180       412 PARcau 2.309242e-08 1.934308e-08 1.000000
    30   0       2250        800  5.099   9.487  38.0 71.565     2246      797     2256      804     10      7      2245       799      2254       796      2255       801      2246       804      2221       772      2281       829 PARcau 7.866269e-01 5.787707e-05 0.213315
    30   1        376        566  9.000  19.000 100.0 90.000      366      562      386      572     20     10       366       562       385       562       385       571       366       571       341       537       411       597 PARcau 2.017608e-04 3.876566e-03 0.995922
    30   2       1138        378  9.394  19.500 140.5 23.199     1129      372     1148      385     19     13      1131       370      1149       378      1145       386      1127       379      1104       347      1173       410 PARcau 3.865173e-08 2.640422e-07 1.000000
    31   1        376        570  8.485  19.799  99.0 45.000      368      563      384      578     16     15       371       560       385       574       379       580       365       566       343       538       409       603 PARcau 9.721849e-05 2.056764e-05 0.999882
    31   2       1131        375  9.849  20.125 151.0 26.565     1122      369     1142      383     20     14      1124       366      1142       375      1138       384      1120       375      1097       344      1167       408 PARcau 5.100482e-08 5.848920e-06 0.999994
    32   1        376        577 10.000  17.205 119.5 53.130      370      568      383      586     13     18       375       567       385       581       377       587       367       573       345       543       408       611 PARcau 6.392590e-06 5.725356e-04 0.999421
    32   2       1125        372 10.062  20.573 161.0 26.565     1116      365     1136      380     20     15      1118       363      1136       372      1132       381      1113       372      1091       340      1161       405 PARcau 1.138797e-01 7.486680e-03 0.878634
    33   1        376        584  8.732  19.526 133.0 75.964      372      575      383      594     11     19       370       575       378       573       383       592       374       594       347       550       408       619 PARcau 2.085900e-05 5.733662e-05 0.999922
    33   2       1118        368 10.735  21.243 172.0 26.565     1109      361     1129      376     20     15      1111       358      1130       368      1125       377      1106       368      1084       336      1154       401 PARcau 2.143201e-04 1.201216e-04 0.999666
    33   0       2272        801  5.831  13.416  47.5 29.745     2266      798     2280      806     14      8      2267       796      2279       802      2276       807      2264       801      2241       773      2305       831 PARcau 2.377657e-03 1.258455e-05 0.997610
    33   3       2770        563  5.000   8.000  28.5 90.000     2766      561     2775      567      9      6      2766       561      2774       561      2774       566      2766       566      2741       536      2800       592 PARcau 2.341975e-02 3.409068e-02 0.942490
    34   3       2771        563  7.000   7.000  36.0 90.000     2768      560     2776      568      8      8      2768       560      2775       560      2775       567      2768       567      2743       535      2801       593 PARcau 8.072810e-05 1.344829e-05 0.999906
    34   0       2274        803  5.385  17.889  63.0 26.565     2267      798     2285      808     18     10      2268       797      2284       805      2282       810      2266       802      2242       773      2310       833 PARcau 8.590237e-03 6.306932e-05 0.991347
    34   1        376        591  9.000  19.000 138.0 90.000      372      582      382      602     10     20       372       582       381       582       381       601       372       601       347       557       407       627 PARcau 1.534074e-04 1.138005e-04 0.999733
    34   2       1111        364  9.849  20.125 157.0 26.565     1103      358     1122      372     19     14      1104       355      1122       364      1118       373      1100       364      1078       333      1147       397 PARcau 5.945981e-03 4.087644e-04 0.993645
    35   3       2772        562  6.265  13.200  46.0 26.565     2768      558     2777      571      9     13      2772       556      2777       559      2772       571      2766       568      2743       533      2802       596 PARcau 1.506107e-03 1.585992e-01 0.839895
    35   0       2278        804  6.325  19.313  81.0 21.801     2270      800     2289      810     19     10      2270       798      2288       805      2286       811      2268       804      2245       775      2314       835 PARcau 1.534292e-03 1.743761e-05 0.998448
    35   1        376        598  9.000  20.000 154.5 90.000      372      589      382      610     10     21       372       589       381       589       381       609       372       609       347       564       407       635 PARcau 1.173635e-03 1.524320e-02 0.983583
    35   2       1104        360 10.735  21.243 167.0 26.565     1096      353     1115      368     19     15      1097       350      1116       360      1111       369      1092       360      1071       328      1140       393 PARcau 1.009926e-03 8.490508e-04 0.998141
    36   3       2771        566  5.590  15.075  39.0  5.194     2768      560     2775      576      7     16      2769       559      2774       560      2773       575      2767       574      2743       535      2800       601 PARcau 9.946906e-03 1.681390e-02 0.973239
    36   0       2281        806  7.159  21.243  87.5 26.565     2273      801     2293      813     20     12      2274       799      2293       808      2290       815      2271       805      2248       776      2318       838 PARcau 3.150062e-02 6.676536e-04 0.967832
    36   1        376        605  9.552  20.156 153.5 83.660      371      596      382      617     11     21       369       596       379       595       381       615       372       616       346       571       407       642 PARcau 7.883877e-04 4.617118e-03 0.994595
    36   2       1097        355 11.314  18.385 167.5 45.000     1089      349     1107      364     18     15      1095       345      1108       358      1100       366      1087       353      1064       324      1132       389 PARcau 2.679002e-03 6.808609e-04 0.996640
    37   0       2284        808  6.708  20.125  81.5 26.565     2276      803     2295      814     19     11      2277       800      2295       809      2292       815      2274       806      2251       778      2320       839 PARcau 5.204781e-04 1.281947e-04 0.999351
    37   3       2770        573  5.000  16.000  57.0 90.000     2768      564     2774      581      6     17      2768       564      2773       564      2773       580      2768       580      2743       539      2799       606 PARcau 8.995700e-04 8.788379e-03 0.990312
    37   2       1090        351 12.728  21.213 194.5 45.000     1082      344     1100      361     18     17      1088       339      1103       354      1094       363      1079       348      1057       319      1125       386 PARcau 2.349042e-03 1.718809e-03 0.995932
    37   1        375        613  9.000  20.000 152.0 90.000      371      603      381      624     10     21       371       603       380       603       380       623       371       623       346       578       406       649 PARcau 2.532291e-05 4.473409e-03 0.995501
    38   3       2771        576  6.000  13.000  51.5 90.000     2769      569     2776      583      7     14      2769       569      2775       569      2775       582      2769       582      2744       544      2801       608 PARcau 1.770626e-03 5.534250e-03 0.992695
    38   0       2289        810  5.590  19.679  65.0 26.565     2281      806     2300      817     19     11      2282       804      2300       813      2297       818      2280       809      2256       781      2325       842 PARcau 3.555509e-03 1.276812e-04 0.996317
    38   2       1084        347 15.000  17.000 190.5 90.000     1075      340     1093      356     18     16      1075       340      1092       340      1092       355      1075       355      1050       315      1118       381 PARcau 7.875612e-03 1.036277e-03 0.991088
    38   1        374        620 10.000  21.000 160.0 90.000      370      610      381      632     11     22       370       610       380       610       380       631       370       631       345       585       406       657 PARcau 4.819896e-04 1.235204e-02 0.987166
    39   3       2773        578  6.265  14.534  66.5 63.435     2768      572     2779      587     11     15      2772       570      2779       583      2773       586      2767       573      2743       547      2804       612 PARcau 4.231786e-03 3.652163e-01 0.630552
    39   0       2294        813  6.708  19.723  80.0 30.964     2286      808     2304      820     18     12      2287       805      2304       815      2301       821      2284       811      2261       783      2329       845 PARcau 1.157713e-05 6.364521e-05 0.999925
    39   2       1077        343 15.000  19.000 207.0 90.000     1067      336     1087      352     20     16      1067       336      1086       336      1086       351      1067       351      1042       311      1112       377 PARcau 1.305425e-04 2.398835e-05 0.999846
    39   1        373        628  9.000  20.000 146.0 90.000      369      619      379      640     10     21       369       619       378       619       378       639       369       639       344       594       404       665 PARcau 1.872758e-03 2.771826e-02 0.970409
    40   3       2774        581  6.519  15.116  61.5 56.310     2769      575     2780      589     11     14      2772       573      2781       585      2775       589      2767       576      2744       550      2805       614 PARcau 1.384294e-04 4.771549e-03 0.995090
    40   0       2298        816  7.382  20.797  82.0 26.565     2290      810     2310      823     20     13      2292       808      2310       818      2307       824      2288       815      2265       785      2335       848 PARcau 8.020693e-04 4.978663e-05 0.999148
    40   2       1068        338 12.530  21.471 191.5 26.565     1059      331     1079      347     20     16      1062       327      1081       337      1075       348      1056       338      1034       306      1104       372 PARcau 8.012912e-04 2.000848e-03 0.997198
    40   1        372        638  9.000  20.000 147.5 90.000      368      628      378      649     10     21       368       628       377       628       377       648       368       648       343       603       403       674 PARcau 2.892239e-03 5.748899e-03 0.991359
    41   3       2775        583  5.701  15.116  56.5 56.310     2769      577     2781      590     12     13      2773       575      2781       587      2777       591      2768       578      2744       552      2806       615 PARcau 3.003516e-03 1.265341e-03 0.995731
    41   0       2304        818  7.433  21.077 107.5 21.801     2295      813     2315      825     20     12      2296       811      2315       819      2313       826      2293       818      2270       788      2340       850 PARcau 1.674596e-02 4.210889e-05 0.983212
    41   2       1062        334 11.180  21.471 172.0 26.565     1053      328     1072      343     19     15      1055       324      1074       334      1069       344      1050       334      1028       303      1097       368 PARcau 9.717239e-05 6.005384e-05 0.999843
    41   1        371        647  9.000  21.000 148.5 90.000      367      637      377      659     10     22       367       637       376       637       376       658       367       658       342       612       402       684 PARcau 1.523517e-04 4.500753e-03 0.995347
    42   3       2776        586  5.000  15.000  29.0 36.870     2770      580     2783      591     13     11      2770       578      2782       587      2779       591      2767       582      2745       555      2808       616 PARcau 6.822657e-04 1.162716e-03 0.998155
    42   0       2308        821  7.826  20.573 103.5 26.565     2300      815     2320      827     20     12      2301       813      2320       822      2316       829      2298       820      2275       790      2345       852 PARcau 1.067670e-03 3.214644e-05 0.998900
    42   2       1056        331  9.014  19.138 119.0 33.690     1048      325     1065      338     17     13      1050       321      1066       332      1061       339      1045       329      1023       300      1090       363 PARcau 6.734902e-03 4.819390e-03 0.988446
    42   1        370        655  9.000  21.000 156.0 90.000      366      646      376      668     10     22       366       646       375       646       375       667       366       667       341       621       401       693 PARcau 2.127955e-04 9.460729e-04 0.998841
    43   0       2314        823  7.826  20.573 112.5 26.565     2305      818     2325      829     20     11      2306       815      2325       824      2321       831      2303       822      2280       793      2350       854 PARcau 3.161788e-04 2.082743e-03 0.997601
    43   2       1050        326  7.071  14.142  67.5 45.000     1045      321     1057      332     12     11      1048       318      1058       328      1053       333      1043       323      1020       296      1082       357 PARcau 1.885426e-03 1.587158e-02 0.982243
    43   1        368        665  9.000  20.000 145.0 90.000      364      655      374      676     10     21       364       655       373       655       373       675       364       675       339       630       399       701 PARcau 1.552576e-05 5.818413e-04 0.999403
    44   0       2318        824  7.616  19.698 104.0 21.801     2310      820     2330      830     20     10      2311       817      2329       825      2326       832      2308       824      2285       795      2355       855 PARcau 4.247615e-05 4.649723e-06 0.999953
    44   1        367        675 10.000  20.000 156.0 90.000      362      665      373      686     11     21       362       665       372       665       372       685       362       685       337       640       398       711 PARcau 1.651530e-02 7.868164e-02 0.904803
    45   0       2324        826  7.566  19.320 105.0  9.462     2315      822     2335      831     20      9      2315       820      2334       824      2333       831      2314       828      2290       797      2360       856 PARcau 9.254804e-03 2.487951e-03 0.988257
    45   1        364        684 11.000  21.000 177.5 90.000      359      673      371      695     12     22       359       673       370       673       370       694       359       694       334       648       396       720 PARcau 2.520473e-07 4.530738e-05 0.999954
    46   0       2328        827  8.000  19.000  98.5 90.000     2320      823     2340      832     20      9      2320       823      2339       823      2339       831      2320       831      2295       798      2365       857 PARcau 2.388097e-03 2.360750e-03 0.995251
    46   1        363        693 10.920  22.677 185.5 14.036      357      682      370      705     13     23       360       680       371       683       365       705       355       702       332       657       395       730 PARcau 1.431743e-08 1.686214e-06 0.999998
    47   0       2334        828  7.071  19.105  99.5  6.340     2326      824     2346      833     20      9      2326       823      2345       825      2344       832      2325       830      2301       799      2371       858 PARcau 1.614353e-02 4.477856e-03 0.979379
    47   1        361        701 11.281  23.049 203.0 11.310      356      691      369      714     13     23       358       689       369       692       364       714       353       712       331       666       394       739 PARcau 1.774390e-05 5.535196e-05 0.999927
    48   0       2339        828  7.000  20.000 102.5 90.000     2330      825     2351      833     21      8      2330       825      2350       825      2350       832      2330       832      2305       800      2376       858 PARcau 9.441747e-04 6.115239e-04 0.998444
    48   1        360        711 11.000  23.000 204.5 90.000      355      700      367      724     12     24       355       700       366       700       366       723       355       723       330       675       392       749 PARcau 8.307022e-05 3.527587e-03 0.996389
    49   0       2345        828  7.000  20.000 108.0 90.000     2336      825     2357      833     21      8      2336       825      2356       825      2356       832      2336       832      2311       800      2382       858 PARcau 2.808755e-05 9.523120e-06 0.999962
    49   1        359        720 12.000  23.000 209.0 90.000      353      709      366      733     13     24       353       709       365       709       365       732       353       732       328       684       391       758 PARcau 4.050193e-07 6.176933e-05 0.999938
    50   0       2351        828  7.000  21.000 112.5 90.000     2342      825     2364      833     22      8      2342       825      2363       825      2363       832      2342       832      2317       800      2389       858 PARcau 1.743265e-05 1.603089e-05 0.999967
    50   1        358        729 10.000  24.000 203.0 90.000      353      718      364      743     11     25       353       718       363       718       363       742       353       742       328       693       389       768 PARcau 3.502047e-06 5.042448e-04 0.999492
    51   0       2357        828  7.000  22.000 113.0 90.000     2347      825     2370      833     23      8      2347       825      2369       825      2369       832      2347       832      2322       800      2395       858 PARcau 1.876119e-03 2.443930e-04 0.997880
    51   1        356        739 10.000  24.000 208.5 90.000      352      727      363      752     11     25       352       727       362       727       362       751       352       751       327       702       388       777 PARcau 1.839087e-06 2.085223e-04 0.999790
    52   0       2363        827  8.062  22.091 110.0 84.289     2353      824     2376      833     23      9      2352       824      2374       822      2375       830      2353       832      2328       799      2401       858 PARcau 1.298891e-01 1.227755e-04 0.869988
    52   1        355        748 10.000  24.000 209.5 90.000      351      737      362      762     11     25       351       737       361       737       361       761       351       761       326       712       387       787 PARcau 8.745307e-06 2.846128e-04 0.999707
    53   0       2369        827  7.000  22.000 114.0 90.000     2359      824     2382      832     23      8      2359       824      2381       824      2381       831      2359       831      2334       799      2407       857 PARcau 5.417136e-04 6.016468e-05 0.999398
    53   1        354        758 11.045  26.173 218.5  8.130      349      745      361      772     12     27       350       744       361       745       358       771       347       770       324       720       386       797 PARcau 9.807348e-05 2.986780e-04 0.999603
    54   0       2375        826  7.071  22.204 104.0 83.660     2365      823     2388      832     23      9      2364       824      2386       821      2387       828      2365       831      2340       798      2413       857 PARcau 9.507208e-03 4.895632e-04 0.990003
    54   1        352        768 12.000  24.000 223.5 90.000      347      756      360      781     13     25       347       756       359       756       359       780       347       780       322       731       385       806 PARcau 4.121791e-05 9.025324e-04 0.999056
    55   0       2382        826  7.000  23.000 115.0 90.000     2371      823     2395      831     24      8      2371       823      2394       823      2394       830      2371       830      2346       798      2420       856 PARcau 8.835281e-04 1.422500e-03 0.997694
    55   1        350        778 12.000  24.000 221.0 90.000      345      766      358      791     13     25       345       766       357       766       357       790       345       790       320       741       383       816 PARcau 5.954325e-04 8.795119e-04 0.998525
    55   3       2790        570  4.924  13.647  37.5 63.435     2787      564     2796      578      9     14      2790       563      2796       575      2792       577      2785       565      2762       539      2821       603 PARcau 2.580630e-04 5.128267e-04 0.999229
    56   3       2788        567  5.315  16.651  45.0 50.194     2784      562     2795      576     11     14      2785       560      2796       572      2792       576      2781       563      2759       537      2820       601 PARcau 1.087454e-06 6.082219e-06 0.999993
    56   0       2387        826  7.000  21.000  94.0 90.000     2378      823     2400      831     22      8      2378       823      2399       823      2399       830      2378       830      2353       798      2425       856 PARcau 7.414765e-03 3.930043e-03 0.988655
    56   1        348        788 11.180  26.476 226.0 10.305      342      776      356      802     14     26       345       774       356       776       351       802       340       800       317       751       381       827 PARcau 4.398456e-04 2.896647e-03 0.996664
    57   3       2787        566  5.000  14.142  47.5 45.000     2783      560     2793      573     10     13      2784       559      2794       569      2790       572      2780       562      2758       535      2818       598 PARcau 9.940368e-07 3.378829e-05 0.999965
    57   0       2395        825  6.000  23.000 108.5 90.000     2384      823     2408      830     24      7      2384       823      2407       823      2407       829      2384       829      2359       798      2433       855 PARcau 5.452369e-02 6.504267e-03 0.938972
    57   1        345        798 11.543  25.773 234.5 18.435      339      786      353      812     14     26       344       784       355       788       347       812       336       809       314       761       378       837 PARcau 1.615007e-03 2.473627e-02 0.973649
    58   3       2784        561  0.500  15.403  38.5 36.870     2777      555     2791      567     14     12      2778       554      2787       567      2791       563      2775       558      2752       530      2816       592 PARcau 1.199358e-05 1.533151e-05 0.999973
    58   0       2401        825  6.000  22.000 108.0 90.000     2391      823     2414      830     23      7      2391       823      2413       823      2413       829      2391       829      2366       798      2439       855 PARcau 4.313196e-02 2.179137e-03 0.954689
    58   1        343        808 12.369  24.739 228.0 14.036      337      796      351      821     14     25       340       794       352       797       346       821       334       818       312       771       376       846 PARcau 5.371217e-04 1.640772e-04 0.999299
    59   3       2779        557  5.000  17.205  39.0 36.870     2771      552     2787      564     16     12      2773       550      2787       560      2784       564      2770       554      2746       527      2812       589 PARcau 3.929480e-04 6.088551e-05 0.999546
    59   0       2407        826  7.000  22.000 113.5 90.000     2397      823     2420      831     23      8      2397       823      2419       823      2419       830      2397       830      2372       798      2445       856 PARcau 1.627672e-04 4.313195e-05 0.999794
    60   0       2413        826  7.000  21.000 110.0 90.000     2404      823     2426      831     22      8      2404       823      2425       823      2425       830      2404       830      2379       798      2451       856 PARcau 1.342709e-04 2.849265e-04 0.999581
    61   0       2420        827  7.000  21.000 111.5 90.000     2410      824     2432      832     22      8      2410       824      2431       824      2431       831      2410       831      2385       799      2457       857 PARcau 8.627431e-05 3.998745e-04 0.999514
    62   0       2426        827  7.000  22.000 104.5 90.000     2416      824     2439      832     23      8      2416       824      2438       824      2438       831      2416       831      2391       799      2464       857 PARcau 9.177668e-05 1.015944e-03 0.998892
    63   0       2433        827  6.000  22.000 105.0 90.000     2423      825     2446      832     23      7      2423       825      2445       825      2445       831      2423       831      2398       800      2471       857 PARcau 3.337412e-01 4.202814e-05 0.666217
    64   0       2439        828  7.000  21.000 100.5  0.000     2430      824     2452      832     22      8      2430       824      2451       824      2451       831      2430       831      2405       799      2477       857 PARcau 6.597410e-03 6.466639e-04 0.992756
    64   1        324        866 26.879  35.107 463.5 17.745      302      855      340      882     38     27       309       846       343       857       334       882       301       872       277       830       365       907 PARcau 2.329668e-03 1.375240e-04 0.997533
    65   1        325        869 25.612  33.422 490.5 50.194      308      852      338      890     30     38       325       849       346       875       326       891       305       865       283       827       363       915 PARcau 1.806378e-03 3.328457e-02 0.964909
    65   0       2446        827  7.000  22.000 114.5  0.000     2436      824     2459      832     23      8      2436       824      2458       824      2458       831      2436       831      2411       799      2484       857 PARcau 1.348517e-03 2.946040e-03 0.995705
    66   0       2453        827  7.000  23.000 117.0 90.000     2442      824     2466      832     24      8      2442       824      2465       824      2465       831      2442       831      2417       799      2491       857 PARcau 3.890900e-03 1.278728e-04 0.995981
    67   0       2459        826  8.062  22.091 116.5 83.660     2449      823     2472      832     23      9      2448       823      2470       821      2471       829      2449       831      2424       798      2497       857 PARcau 2.585271e-04 7.386201e-05 0.999668
    68   0       2465        826  7.000  21.000 103.5 90.000     2456      823     2478      831     22      8      2456       823      2477       823      2477       830      2456       830      2431       798      2503       856 PARcau 2.994228e-04 6.258988e-05 0.999638
    69   0       2472        826  7.000  21.000 110.5 90.000     2463      823     2485      831     22      8      2463       823      2484       823      2484       830      2463       830      2438       798      2510       856 PARcau 5.669607e-03 8.900328e-05 0.994241
    70   0       2479        826  7.000  22.000 116.0 90.000     2469      823     2492      831     23      8      2469       823      2491       823      2491       830      2469       830      2444       798      2517       856 PARcau 1.864837e-03 1.730208e-03 0.996405
    70   1        337        844 11.413  27.354 197.0 30.256      328      834      348      858     20     24       325       854       339       831       349       836       335       860       303       809       373       883 PARcau 6.581593e-02 4.360937e-01 0.498090
    70   4        290       1120  7.000  12.000  70.0 90.000      287     1114      295     1127      8     13       287      1114       294      1114       294      1126       287      1126       262      1089       320      1152 PARcau 1.780519e-06 1.318079e-06 0.999997
    70   5        309        925 11.180  24.597 222.0 26.565      301      914      318      938     17     24       299       934       310       912       320       917       309       939       276       889       343       963 PARcau 4.950059e-15 4.721637e-13 1.000000
    71   1        341        840 12.207  25.807 202.5 35.538      331      830      350      853     19     23       328       848       343       827       353       834       338       855       306       805       375       878 PARcau 3.283808e-03 1.064454e-02 0.986072
    71   0       2486        826  7.000  23.000 119.5 90.000     2476      823     2500      831     24      8      2476       823      2499       823      2499       830      2476       830      2451       798      2525       856 PARcau 2.086678e-04 1.112173e-04 0.999680
    71   5        305        935 12.176  26.405 240.5 18.435      298      923      314      948     16     25       303       920       315       924       306       949       295       945       273       898       339       973 PARcau 2.576133e-14 5.666664e-14 1.000000
    71   4        291       1124 11.402  22.136 188.5 71.565      285     1114      299     1136     14     22       282      1115       293      1112       300      1133       289      1136       260      1089       324      1161 PARcau 2.589919e-06 2.166899e-06 0.999995
    72   1        344        836 12.903  27.902 213.5 36.027      334      825      353      851     19     26       330       845       346       822       357       830       340       852       309       800       378       876 PARcau 4.258061e-04 1.617122e-03 0.997957
    72   0       2493        827  7.000  23.000 115.5 90.000     2483      824     2507      832     24      8      2483       824      2506       824      2506       831      2483       831      2458       799      2532       857 PARcau 1.426912e-03 2.831285e-04 0.998290
    72   4        293       1130 12.530  28.178 256.5 63.435      286     1118      303     1144     17     26       292      1115       305      1140       294      1146       281      1121       261      1093       328      1169 PARcau 1.996288e-02 1.964553e-04 0.979841
    72   5        301        944 13.124  27.354 273.0 18.435      294      932      311      959     17     27       300       929       312       933       304       959       291       955       269       907       336       984 PARcau 2.187340e-08 5.064061e-09 1.000000
    73   1        348        831 11.927  27.042 216.0 33.690      338      819      357      845     19     26       335       840       350       817       360       824       345       846       313       794       382       870 PARcau 1.718507e-05 5.329195e-05 0.999930
    73   0       2501        828  7.000  23.000 115.5 90.000     2490      825     2514      833     24      8      2490       825      2513       825      2513       832      2490       832      2465       800      2539       858 PARcau 2.270572e-03 1.170995e-04 0.997612
    73   4        298       1139 11.180  25.942 217.5 63.435      290     1128      307     1152     17     24       297      1125       309      1148       299      1153       287      1130       265      1103       332      1177 PARcau 1.686990e-06 1.738019e-07 0.999998
    73   5        298        955 14.577  28.504 314.5 21.801      291      941      308      970     17     29       296       939       310       944       299       971       286       965       266       916       333       995 PARcau 5.335148e-03 7.467161e-06 0.994657
    74   0       2507        829  7.000  22.000 111.0 90.000     2497      826     2520      834     23      8      2497       826      2519       826      2519       833      2497       833      2472       801      2545       859 PARcau 1.931431e-02 4.888292e-05 0.980637
    74   1        351        824 11.413  25.500 220.0 28.072      342      813      360      838     18     25       341       833       353       810       363       816       351       838       317       788       385       863 PARcau 5.367435e-05 1.465045e-05 0.999932
    74   4        303       1147  9.708  22.051 153.5 56.310      297     1138      311     1158     14     20       301      1135       313      1154       305      1159       293      1141       272      1113       336      1183 PARcau 4.537072e-03 3.239476e-04 0.995139
    74   5        295        965 15.000  29.000 329.5  0.000      288      951      304      981     16     30       288       951       303       951       303       980       288       980       263       926       329      1006 PARcau 3.643356e-03 1.489591e-05 0.996342
    75   0       2514        830  7.000  22.000 105.0 90.000     2504      827     2527      835     23      8      2504       827      2526       827      2526       834      2504       834      2479       802      2552       860 PARcau 7.053949e-05 1.162246e-06 0.999928
    75   1        355        819 11.662  26.833 238.0 26.565      347      807      364      832     17     25       344       828       356       804       366       810       354       834       322       782       389       857 PARcau 2.776498e-04 9.499703e-04 0.998772
    75   5        293        975 14.637  29.347 327.5  8.130      286      961      302      991     16     30       287       959       302       961       297       990       283       988       261       936       327      1016 PARcau 1.298652e-05 4.327260e-07 0.999987
    75   4        311       1158  8.322  24.005 148.0 56.310      303     1148      320     1170     17     22       307      1146       321      1165       314      1170       300      1150       278      1123       345      1195 PARcau 5.475700e-04 2.925922e-03 0.996527
    75   3       2749        540  4.123  13.342  28.0 75.964     2743      538     2757      545     14      7      2742       540      2755       537      2756       541      2743       544      2718       513      2782       570 PARcau 5.987417e-05 7.991675e-05 0.999860
    76   3       2744        543  4.272  15.692  29.0 68.199     2739      539     2755      547     16      8      2738       543      2752       537      2754       541      2739       547      2714       514      2780       572 PARcau 5.874187e-06 2.864158e-06 0.999991
    76   1        358        813 12.176  28.040 261.0 21.801      349      800      367      827     18     27       357       798       369       802       358       828       347       824       324       775       392       852 PARcau 9.510507e-03 1.610144e-03 0.988879
    76   0       2522        831  7.000  21.000 101.5 90.000     2512      828     2534      836     22      8      2512       828      2533       828      2533       835      2512       835      2487       803      2559       861 PARcau 6.583204e-04 2.421588e-05 0.999318
    76   5        291        981 13.000  19.000 204.5 90.000      285      972      299      992     14     20       285       972       298       972       298       991       285       991       260       947       324      1017 PARcau 2.795931e-02 6.606341e-04 0.971380
    76   4        316       1166  9.849  22.361 169.5 63.435      309     1156      325     1177     16     21       315      1154       325      1174       316      1178       306      1158       284      1131       350      1202 PARcau 6.086617e-01 1.156806e-04 0.391223
    77   3       2741        544  3.606  14.422  36.5 56.310     2736      540     2749      550     13     10      2734       547      2746       539      2748       542      2736       550      2711       515      2774       575 PARcau 1.979557e-05 5.132102e-07 0.999980
    77   0       2528        832  7.000  20.000 101.5 90.000     2519      829     2540      837     21      8      2519       829      2539       829      2539       836      2519       836      2494       804      2565       862 PARcau 3.040160e-02 2.669038e-04 0.969331
    77   1        360        806 12.176  26.405 251.0 18.435      353      794      369      820     16     26       359       792       371       796       362       821       351       817       328       769       394       845 PARcau 4.962362e-03 1.103033e-05 0.995027
    77   4        321       1173 10.735  24.377 189.0 63.435      314     1163      330     1185     16     22       320      1160       331      1182       321      1187       311      1165       289      1138       355      1210 PARcau 1.191768e-02 7.323404e-04 0.987350
    77   5        290        985  9.000  11.000  74.5 90.000      286      980      296      992     10     12       286       980       295       980       295       991       286       991       261       955       321      1017 PARcau 2.230238e-01 1.234927e-03 0.775741
    78   3       2739        546  5.000  14.142  37.0 45.000     2734      542     2746      553     12     11      2732       549      2742       539      2746       542      2736       552      2709       517      2771       578 PARcau 1.784723e-04 7.236378e-04 0.999098
    78   0       2535        831  6.000  22.000  98.0 90.000     2525      829     2548      836     23      7      2525       829      2547       829      2547       835      2525       835      2500       804      2573       861 PARcau 9.737786e-03 1.503349e-04 0.990112
    78   1        363        800 12.530  26.833 258.5 26.565      355      787      372      814     17     27       352       809       364       785       375       791       363       815       330       762       397       839 PARcau 7.488895e-03 1.159471e-01 0.876564
    78   4        327       1182  9.618  23.033 169.5 63.435      320     1172      336     1194     16     22       326      1170       336      1190       328      1195       317      1174       295      1147       361      1219 PARcau 3.158342e-04 6.083675e-05 0.999623
    79   3       2737        548  4.472  15.264  42.0 32.005     2733      542     2743      556     10     14      2731       554      2739       541      2743       543      2735       556      2708       517      2768       581 PARcau 2.922201e-04 5.951571e-04 0.999113
    79   0       2541        831  6.000  21.000  98.0 90.000     2532      829     2554      836     22      7      2532       829      2553       829      2553       835      2532       835      2507       804      2579       861 PARcau 7.746768e-03 2.625578e-04 0.991991
    79   1        365        794 12.816  27.391 259.5 21.801      358      781      374      808     16     27       365       779       377       783       367       809       355       804       333       756       399       833 PARcau 2.119682e-02 3.453826e-02 0.944265
    79   4        332       1191  8.944  22.361 155.5 63.435      326     1181      340     1202     14     21       331      1179       341      1199       333      1203       323      1183       301      1156       365      1227 PARcau 3.097283e-05 1.156870e-04 0.999853
    80   0       2546        831  6.000  20.000  68.0 90.000     2538      828     2559      835     21      7      2538       828      2558       828      2558       834      2538       834      2513       803      2584       860 PARcau 4.712613e-05 1.905792e-05 0.999934
    80   1        368        788 11.885  26.800 242.5 14.036      361      775      375      802     14     27       365       773       377       776       370       802       359       799       336       750       400       827 PARcau 6.539211e-06 4.065521e-05 0.999953
    80   4        336       1199  9.434  23.324 160.5 59.036      330     1190      344     1211     14     21       334      1187       346      1207       338      1212       326      1192       305      1165       369      1236 PARcau 7.748407e-06 2.866531e-04 0.999706
    81   1        369        781 12.369  26.926 252.5 14.036      363      768      377      795     14     27       367       766       379       769       372       795       360       792       338       743       402       820 PARcau 4.917517e-05 1.011647e-04 0.999850
    81   0       2556        830  6.576  23.135  93.0 84.289     2545      827     2569      835     24      8      2544       828      2567       825      2568       832      2545       834      2520       802      2594       860 PARcau 3.850941e-04 3.464483e-06 0.999611
    81   4        340       1208  8.944  21.024 152.0 63.435      335     1199      348     1220     13     21       340      1197       349      1216       341      1220       332      1201       310      1174       373      1245 PARcau 5.255288e-03 1.014465e-02 0.984600
    82   1        371        775 12.649  25.962 238.0 15.945      365      762      379      788     14     26       369       760       381       764       374       789       362       785       340       737       404       813 PARcau 4.896843e-02 5.439588e-02 0.896636
    82   0       2562        830  6.000  21.000  92.0 90.000     2552      827     2574      834     22      7      2552       827      2573       827      2573       833      2552       833      2527       802      2599       859 PARcau 2.280484e-05 4.964698e-05 0.999928
    82   4        344       1218  8.544  22.136 147.5 71.565      339     1208      352     1230     13     22       337      1209       345      1206       352      1227       344      1230       314      1183       377      1255 PARcau 3.376273e-02 1.581549e-02 0.950422
    83   0       2569        830  6.000  21.000 105.0 90.000     2559      827     2581      834     22      7      2559       827      2580       827      2580       833      2559       833      2534       802      2606       859 PARcau 6.367810e-05 3.377377e-07 0.999936
    83   1        373        768 12.093  26.800 237.0  8.130      367      755      380      782     13     27       369       754       381       755       377       782       365       780       342       730       405       807 PARcau 5.176901e-03 3.591176e-02 0.958911
    83   4        348       1227  8.276  20.797 136.0 63.435      342     1218      355     1238     13     20       347      1216       357      1235       349      1238       340      1220       317      1193       380      1263 PARcau 1.332039e-06 1.196758e-05 0.999987
    84   0       2575        830  6.000  19.000  87.5 90.000     2566      827     2586      834     20      7      2566       827      2585       827      2585       833      2566       833      2541       802      2611       859 PARcau 2.823799e-04 3.711180e-03 0.996006
    84   1        374        761 12.000  26.000 243.0 90.000      368      748      381      775     13     27       368       748       380       748       380       774       368       774       343       723       406       800 PARcau 1.045536e-04 9.361920e-04 0.998959
    84   4        352       1237  8.276  20.797 140.0 63.435      346     1228      359     1248     13     20       351      1226       361      1245       353      1248       344      1230       321      1203       384      1273 PARcau 2.372588e-05 1.127445e-04 0.999864
    85   0       2582        831  6.000  21.000  94.0 90.000     2573      828     2595      835     22      7      2573       828      2594       828      2594       834      2573       834      2548       803      2620       860 PARcau 6.629394e-04 5.068800e-04 0.998830
    85   1        374        755 11.000  26.000 236.5 90.000      369      742      381      769     12     27       369       742       380       742       380       768       369       768       344       717       406       794 PARcau 1.362180e-02 1.745587e-02 0.968922
    85   4        356       1247  8.944  20.125 128.0 63.435      351     1238      363     1257     12     19       356      1236       365      1254       357      1258       348      1240       326      1213       388      1282 PARcau 5.790554e-06 2.042173e-06 0.999992
    86   0       2589        832  6.576  21.148  92.0  7.125     2580      829     2602      837     22      8      2580       827      2601       830      2600       836      2579       834      2555       804      2627       862 PARcau 1.757149e-02 2.272872e-04 0.982201
    86   1        375        750 12.000  26.000 232.5 90.000      369      737      382      764     13     27       369       737       381       737       381       763       369       763       344       712       407       789 PARcau 4.108322e-05 2.387193e-05 0.999935
    86   4        360       1255  8.944  20.125 127.5 63.435      355     1247      368     1266     13     19       360      1245       369      1263       361      1267       352      1249       330      1222       393      1291 PARcau 1.229469e-02 3.706972e-01 0.617008
    87   1        375        744 12.000  26.000 235.5 90.000      370      731      383      758     13     27       370       731       382       731       382       757       370       757       345       706       408       783 PARcau 1.131749e-05 5.522376e-06 0.999983
    87   0       2597        833  7.071  22.361 103.0  9.462     2587      830     2610      838     23      8      2587       828      2609       832      2608       839      2586       835      2562       805      2635       863 PARcau 1.858711e-03 6.757907e-04 0.997465
    87   4        365       1264  8.276  20.797 129.0 63.435      360     1256      373     1275     13     19       364      1254       374      1272       366      1276       357      1257       335      1231       398      1300 PARcau 2.461957e-03 1.577424e-02 0.981764
    88   1        375        739 11.000  26.000 229.0 90.000      370      726      382      753     12     27       370       726       381       726       381       752       370       752       345       701       407       778 PARcau 6.555647e-05 4.111764e-05 0.999893
    88   0       2602        834  6.576  20.304  80.0  9.462     2594      831     2615      839     21      8      2594       830      2614       833      2613       840      2593       836      2569       806      2640       864 PARcau 2.522509e-02 7.736906e-05 0.974698
    88   4        371       1273  8.062  20.125 129.5 63.435      365     1264      379     1283     14     19       370      1262       379      1280       372      1284       363      1266       340      1239       404      1308 PARcau 2.421102e-06 1.452522e-04 0.999852
    89   1        375        734 11.000  27.000 232.5 90.000      370      721      382      749     12     28       370       721       381       721       381       748       370       748       345       696       407       774 PARcau 3.163833e-05 6.762228e-05 0.999901
    89   0       2609        836  7.000  18.000  84.5 90.000     2601      833     2620      841     19      8      2601       833      2619       833      2619       840      2601       840      2576       808      2645       866 PARcau 4.560502e-03 8.876381e-06 0.995431
    89   4        376       1281  8.602  20.809 131.0 56.310      370     1273      385     1291     15     18       374      1270       386      1287       379      1292       367      1275       345      1248       410      1316 PARcau 5.897859e-04 3.176715e-04 0.999093
    90   1        375        728 12.042  27.295 225.5 81.870      370      715      383      743     13     28       367       715       379       714       383       741       371       742       345       690       408       768 PARcau 3.945667e-05 2.613819e-06 0.999958
    90   0       2616        837  7.000  19.000  81.5 90.000     2608      834     2628      842     20      8      2608       834      2627       834      2627       841      2608       841      2583       809      2653       867 PARcau 1.458507e-02 6.436891e-04 0.984771
    90   4        382       1289  8.485  19.799 124.0 45.000      376     1281      390     1299     14     18       378      1279       392      1293       386      1299       372      1285       351      1256       415      1324 PARcau 6.738483e-05 8.083180e-05 0.999852
    91   1        375        722 11.000  26.000 223.0 90.000      371      709      383      736     12     27       371       709       382       709       382       735       371       735       346       684       408       761 PARcau 1.634511e-06 3.437530e-06 0.999995
    91   0       2625        838  6.000  21.000  94.0 90.000     2615      835     2637      842     22      7      2615       835      2636       835      2636       841      2615       841      2590       810      2662       867 PARcau 1.027812e-03 4.172928e-04 0.998555
    91   4        388       1297  8.602  21.633 137.5 56.310      382     1288      396     1307     14     19       385      1285       397      1303       390      1308       378      1290       357      1263       421      1332 PARcau 2.818733e-04 1.604297e-03 0.998114
    92   1        376        716 11.000  26.000 222.0 90.000      371      703      383      730     12     27       371       703       382       703       382       729       371       729       346       678       408       755 PARcau 8.436896e-06 6.770949e-07 0.999991
    92   0       2631        838  7.000  21.000 101.0 90.000     2622      835     2644      843     22      8      2622       835      2643       835      2643       842      2622       842      2597       810      2669       868 PARcau 1.571924e-03 4.007180e-04 0.998027
    92   4        393       1305  8.602  20.248 127.5 56.310      387     1296      401     1315     14     19       391      1294       402      1311       395      1316       384      1299       362      1271       426      1340 PARcau 3.678304e-06 6.872370e-06 0.999989
    93   1        375        710 11.102  26.800 221.0 81.870      370      697      383      724     13     27       368       697       379       695       383       722       372       723       345       672       408       749 PARcau 1.603928e-04 3.107618e-04 0.999529
    93   0       2640        837  6.000  22.000 105.5 90.000     2630      835     2653      842     23      7      2630       835      2652       835      2652       841      2630       841      2605       810      2678       867 PARcau 3.278325e-04 9.584690e-05 0.999576
    93   4        398       1313  8.322  19.831 119.0 56.310      393     1305      406     1323     13     18       396      1303       407      1319       400      1324       389      1307       368      1280       431      1348 PARcau 1.460883e-05 5.650232e-06 0.999980
    94   1        374        704 11.180  28.636 219.0 78.690      368      690      382      718     14     28       366       690       377       688       383       716       372       718       343       665       407       743 PARcau 3.120865e-05 5.379732e-06 0.999963
    94   0       2647        837  7.000  22.000  97.5 90.000     2638      834     2661      842     23      8      2638       834      2660       834      2660       841      2638       841      2613       809      2686       867 PARcau 2.222054e-03 8.256116e-05 0.997695
    94   4        403       1321  7.382  19.455 112.5 63.435      398     1313      409     1332     11     19       402      1311       410      1328       404      1332       395      1314       373      1288       434      1357 PARcau 2.083560e-06 2.215259e-05 0.999976
    94   3       2738        572  4.000  12.000  28.0  0.000     2736      566     2741      579      5     13      2736       566      2740       566      2740       578      2736       578      2711       541      2766       604 PARcau 9.431615e-05 6.320009e-01 0.367905
    95   1        373        697 11.068  26.879 215.0 71.565      366      684      381      711     15     27       363       686       373       682       382       708       371       711       341       659       406       736 PARcau 1.535738e-05 2.742955e-07 0.999984
    95   0       2653        836  7.071  20.224  85.0 80.538     2644      833     2665      841     21      8      2643       834      2663       831      2664       838      2644       841      2619       808      2690       866 PARcau 8.968949e-05 7.660918e-05 0.999834
    95   4        405       1328  8.382  19.449 120.5 71.565      400     1319      411     1339     11     20       398      1320       406      1318       412      1336       404      1339       375      1294       436      1364 PARcau 9.977358e-04 3.431041e-03 0.995571
    96   1        371        691 11.180  26.833 208.0 63.435      364      679      380      705     16     26       370       676       382       700       372       705       360       681       339       654       405       730 PARcau 1.410843e-03 1.194784e-05 0.998577
    96   0       2661        836  6.000  20.000  92.0 90.000     2652      833     2673      840     21      7      2652       833      2672       833      2672       839      2652       839      2627       808      2698       865 PARcau 8.097907e-04 6.667648e-05 0.999124
    96   4        405       1334  8.559  19.320 122.5 80.538      401     1325      411     1345     10     20       399      1325       407      1324       411      1343       402      1344       376      1300       436      1370 PARcau 4.138729e-04 9.745958e-05 0.999489
    97   4        404       1338  8.000  19.000 114.5  0.000      401     1329      410     1349      9     20       401      1329       409      1329       409      1348       401      1348       376      1304       435      1374 PARcau 9.954097e-03 5.771388e-03 0.984275
    97   1        369        685 11.180  26.833 208.5 63.435      362      673      378      698     16     25       368       670       380       694       370       699       358       675       337       648       403       723 PARcau 9.288753e-10 3.208927e-09 1.000000
    97   0       2668        836  6.000  21.000 107.0 90.000     2658      833     2680      840     22      7      2658       833      2679       833      2679       839      2658       839      2633       808      2705       865 PARcau 5.526151e-04 1.489096e-03 0.997958
    98   4        403       1338  9.000  18.000 119.0 90.000      399     1330      409     1349     10     19       399      1330       408      1330       408      1348       399      1348       374      1305       434      1374 PARcau 2.611003e-02 8.003729e-04 0.973090
    98   0       2674        836  6.000  20.000  88.0 90.000     2666      833     2687      840     21      7      2666       833      2686       833      2686       839      2666       839      2641       808      2712       865 PARcau 1.354368e-02 2.114437e-06 0.986454
    98   1        366        679 10.296  26.833 200.5 63.435      359      667      376      692     17     25       365       664       377       688       368       693       356       669       334       642       401       717 PARcau 6.785577e-10 3.114259e-09 1.000000
    99   4        402       1336  9.000  15.000  98.0 90.000      398     1329      408     1345     10     16       398      1329       407      1329       407      1344       398      1344       373      1304       433      1370 PARcau 3.289764e-03 5.213422e-01 0.475368
    99   1        364        674 10.062  26.387 202.0 63.435      356      662      373      687     17     25       362       659       374       683       365       687       353       664       331       637       398       712 PARcau 3.001067e-07 2.615812e-06 0.999997
    99   0       2682        836  6.576  21.148 101.0  6.340     2672      833     2694      841     22      8      2672       831      2693       834      2692       840      2671       838      2647       808      2719       866 PARcau 8.826808e-03 1.046695e-04 0.991068
   100   4        402       1332  8.000  11.000  62.0 90.000      399     1327      408     1339      9     12       399      1327       407      1327       407      1338       399      1338       374      1302       433      1364 PARcau 1.141584e-04 9.407104e-01 0.059175
   100   1        361        669 10.296  26.833 203.0 63.435      354      658      371      683     17     25       360       655       372       679       363       684       351       660       329       633       396       708 PARcau 1.426543e-05 6.265671e-05 0.999923
   100   0       2688        837  7.000  21.000  98.5 90.000     2679      834     2701      842     22      8      2679       834      2700       834      2700       841      2679       841      2654       809      2726       867 PARcau 9.171083e-05 1.551145e-04 0.999753
   101   4        402       1328  8.000  12.000  68.0 90.000      399     1322      408     1335      9     13       399      1322       407      1322       407      1334       399      1334       374      1297       433      1360 PARcau 3.706015e-03 6.465973e-01 0.349697
   101   1        359        665 10.735  25.715 209.0 63.435      352      654      368      678     16     24       358       651       370       674       360       679       349       656       327       629       393       703 PARcau 8.287336e-03 7.319549e-04 0.990981
   101   0       2694        838  7.000  19.000  96.0 90.000     2686      835     2706      843     20      8      2686       835      2705       835      2705       842      2686       842      2661       810      2731       868 PARcau 6.512203e-04 7.129327e-05 0.999278
   102   1        358        662 10.735  27.951 218.5 63.435      351      650      367      676     16     26       356       647       369       672       359       677       347       652       326       625       392       701 PARcau 1.035818e-03 6.415721e-04 0.998323
   102   0       2699        839  7.000  19.000  79.0 90.000     2692      836     2712      844     20      8      2692       836      2711       836      2711       843      2692       843      2667       811      2737       869 PARcau 1.885230e-04 8.527772e-04 0.998959
   102   4        402       1324  6.576  17.357  66.0 12.529      399     1317      408     1335      9     18       401      1316       407      1317       404      1334       397      1333       374      1292       433      1360 PARcau 3.923815e-02 1.290724e-02 0.947855
   103   1        356        658 10.308  26.744 203.5 68.199      349      647      366      672     17     25       357       644       366       669       357       673       347       648       324       622       391       697 PARcau 5.017170e-03 8.639511e-03 0.986343
   103   4        402       1319  7.000  15.000  64.5 90.000      399     1312      407     1328      8     16       399      1312       406      1312       406      1327       399      1327       374      1287       432      1353 PARcau 3.512385e-03 4.205962e-05 0.996446
   103   0       2706        841  6.576  21.290  86.5  9.462     2697      838     2719      846     22      8      2697       837      2718       840      2717       847      2696       843      2672       813      2744       871 PARcau 1.677107e-02 1.071434e-03 0.982157
   104   1        355        655 10.770  26.571 191.5 69.444      348      644      365      668     17     24       346       644       356       640       365       665       355       669       323       619       390       693 PARcau 8.908172e-03 7.926879e-03 0.983165
   104   0       2709        842  6.671  18.069  67.5 14.036     2702      839     2721      847     19      8      2702       837      2720       841      2718       848      2701       843      2677       814      2746       872 PARcau 3.459355e-04 6.991895e-04 0.998955
   104   4        400       1314  7.280  16.279  69.5 79.695      397     1306      406     1323      9     17       395      1307       402      1305       405      1321       398      1323       372      1281       431      1348 PARcau 2.493850e-03 4.557864e-02 0.951928
   105   1        354        651 10.512  27.505 195.5 63.435      346      640      363      664     17     24       353       637       365       661       356       666       343       641       321       615       388       689 PARcau 2.402408e-05 5.644278e-05 0.999920
   105   0       2715        843  5.099  16.279  52.0  9.462     2708      840     2725      847     17      7      2708       839      2724       842      2723       847      2707       844      2683       815      2750       872 PARcau 1.177567e-03 2.880091e-05 0.998794
   105   4        399       1307  7.000  18.000  86.0 90.000      396     1299      404     1318      8     19       396      1299       403      1299       403      1317       396      1317       371      1274       429      1343 PARcau 2.026413e-03 2.669638e-02 0.971277
   106   1        352        648 10.548  27.042 192.5 56.310      344      637      362      662     18     25       349       634       364       656       355       662       340       639       319       612       387       687 PARcau 2.383869e-04 1.793003e-04 0.999582
   106   0       2719        842  6.000  18.000  50.5 90.000     2712      840     2731      847     19      7      2712       840      2730       840      2730       846      2712       846      2687       815      2756       872 PARcau 1.317355e-03 1.100428e-04 0.998573
   106   4        398       1298  7.071  18.111  80.5 83.660      394     1290      403     1309      9     19       393      1290       400      1289       402      1307       395      1308       369      1265       428      1334 PARcau 2.745151e-04 2.354288e-04 0.999490
   107   1        350        644  9.708  28.430 202.0 56.310      342      633      360      658     18     25       346       630       362       653       354       659       338       635       317       608       385       683 PARcau 5.411103e-04 1.191372e-04 0.999340
   107   0       2727        841  6.000  19.000  74.5 90.000     2718      839     2738      846     20      7      2718       839      2737       839      2737       845      2718       845      2693       814      2763       871 PARcau 1.832704e-03 8.701127e-05 0.998080
   107   4        396       1292  8.000  16.000  99.0 90.000      393     1284      402     1301      9     17       393      1284       401      1284       401      1300       393      1300       368      1259       427      1326 PARcau 5.263492e-04 1.752631e-05 0.999456
   108   1        347        640 10.124  28.151 206.0 56.310      339      629      358      654     19     25       344       626       359       649       351       655       335       631       314       604       383       679 PARcau 5.768716e-06 2.548198e-07 0.999994
   108   0       2733        840  6.083  20.396  75.5 78.690     2723      837     2744      845     21      8      2722       839      2742       835      2743       841      2723       845      2698       812      2769       870 PARcau 9.127645e-03 1.046716e-06 0.990871
   108   4        395       1284  8.559  17.183 106.5 81.870      391     1276      401     1294     10     18       389      1276       398      1275       400      1292       392      1293       366      1251       426      1319 PARcau 5.577279e-04 3.356547e-04 0.999107
   109   1        344        635 10.817  27.785 221.5 59.036      336      624      355      648     19     24       342       620       356       644       347       650       333       626       311       599       380       673 PARcau 1.777595e-05 9.183092e-06 0.999973
   109   0       2738        838  7.433  22.006 102.0 69.444     2729      834     2751      844     22     10      2727       838      2748       830      2750       837      2730       845      2704       809      2776       869 PARcau 2.491595e-03 4.953364e-06 0.997503
   109   4        394       1278  8.000  17.000 110.0 90.000      390     1270      399     1288      9     18       390      1270       398      1270       398      1287       390      1287       365      1245       424      1313 PARcau 1.855401e-03 6.720073e-03 0.991424
   110   0       2740        837  6.083  19.416  87.0 78.690     2731      834     2751      843     20      9      2730       836      2749       832      2750       838      2731       842      2706       809      2776       868 PARcau 4.546499e-03 8.668903e-05 0.995367
   110   4        393       1276  8.000  17.000 103.5 90.000      390     1268      399     1286      9     18       390      1268       398      1268       398      1285       390      1285       365      1243       424      1311 PARcau 3.540967e-03 2.591829e-01 0.737276
   110   1        342        630 11.511  28.151 227.5 56.310      333      619      353      643     20     24       339       615       354       638       345       645       329       621       308       594       378       668 PARcau 3.768773e-05 3.630029e-05 0.999926
   111   4        393       1276  7.000  18.000 101.0 90.000      390     1267      398     1286      8     19       390      1267       397      1267       397      1285       390      1285       365      1242       423      1311 PARcau 6.840076e-03 6.144294e-02 0.931717
   111   0       2738        837  6.000  17.000  64.5 90.000     2730      835     2748      842     18      7      2730       835      2747       835      2747       841      2730       841      2705       810      2773       867 PARcau 4.485598e-03 8.477664e-05 0.995430
   111   1        339        625 10.630  28.284 231.0 45.000      329      614      350      638     21     24       333       612       353       632       345       639       325       619       304       589       375       663 PARcau 1.398163e-03 7.683899e-06 0.998594
   112   4        393       1275  7.000  17.000  82.5 90.000      390     1267      398     1285      8     18       390      1267       397      1267       397      1284       390      1284       365      1242       423      1310 PARcau 6.275029e-03 1.781803e-02 0.975907
   112   1        335        621 10.607  28.991 234.5 45.000      324      610      347      634     23     24       329       607       349       627       342       635       321       614       299       585       372       659 PARcau 4.415825e-03 1.270978e-03 0.994313
   112   0       2734        838  5.701  13.946  35.0 15.945     2727      835     2742      842     15      7      2727       833      2741       837      2739       842      2726       839      2702       810      2767       867 PARcau 4.682204e-03 1.847432e-03 0.993470
   113   4        393       1275  7.000  17.000  61.0  0.000      390     1267      398     1285      8     18       390      1267       397      1267       397      1284       390      1284       365      1242       423      1310 PARcau 1.233090e-02 5.002512e-03 0.982667
   113   1        331        616 10.630  28.284 234.0 45.000      321      606      343      629     22     23       325       603       345       623       337       630       317       610       296       581       368       654 PARcau 1.547356e-02 2.766131e-03 0.981760
   114   4        393       1276  7.000  14.000  39.5 90.000      390     1269      398     1284      8     15       390      1269       397      1269       397      1283       390      1283       365      1244       423      1309 PARcau 3.119783e-02 3.075348e-03 0.965727
   114   1        327        612 11.314  26.870 220.0 45.000      317      603      339      624     22     21       322       599       341       618       333       626       314       607       292       578       364       649 PARcau 2.552313e-03 1.362210e-03 0.996086
   115   1        323        609 10.607  26.163 207.0 45.000      313      600      335      619     22     19       318       596       336       614       329       622       310       603       288       575       360       644 PARcau 4.201022e-03 4.562485e-04 0.995343
   116   1        319        605  9.899  25.456 193.0 45.000      309      597      331      616     22     19       313       593       331       611       324       618       306       600       284       572       356       641 PARcau 6.553737e-01 2.560602e-04 0.344370
   116   0       2732        849  5.000  10.000  29.0 90.000     2730      845     2736      856      6     11      2730       845      2735       845      2735       855      2730       855      2705       820      2761       881 PARcau 9.867901e-03 7.532256e-05 0.990057
   117   1        314        602  9.899  25.456 184.5 45.000      303      594      326      612     23     18       309       589       327       607       320       614       302       596       278       569       351       637 PARcau 3.109641e-04 6.534899e-05 0.999624
   117   0       2730        853  5.852  15.042  59.0 23.199     2728      846     2736      862      8     16      2730       845      2736       847      2730       861      2725       859      2703       821      2761       887 PARcau 1.083835e-05 5.893087e-05 0.999930
   118   1        310        599  9.434  24.698 172.0 32.005      300      592      323      608     23     16       303       588       324       601       319       609       298       596       275       567       348       633 PARcau 1.768798e-02 6.634358e-02 0.915968
   118   0       2730        856  7.000  19.000  74.0  0.000     2727      848     2735      868      8     20      2727       848      2734       848      2734       867      2727       867      2702       823      2760       893 PARcau 1.285495e-03 1.370039e-04 0.998577
   119   1        306        596  9.179  22.809 146.5 26.565      295      591      317      604     22     13       298       587       318       597       314       605       293       595       270       566       342       629 PARcau 8.430721e-04 2.278375e-03 0.996879
   119   0       2728        861  7.071  18.111  84.5  7.125     2725      852     2734      871      9     19      2726       851      2733       852      2731       870      2724       869      2700       827      2759       896 PARcau 4.680394e-04 2.619392e-03 0.996913
   119   4        398       1261  6.708  10.770  47.0 21.801      395     1256      403     1267      8     11       397      1254       403      1257       399      1267       393      1264       370      1231       428      1292 PARcau 5.150023e-03 1.810428e-03 0.993040
   120   4        399       1258  6.265  14.534  67.5 26.565      395     1252      404     1266      9     14       393      1263       399      1250       405      1253       398      1266       370      1227       429      1291 PARcau 9.405998e-04 1.327602e-04 0.998927
   120   0       2727        865  7.071  18.439  77.5 11.310     2724      857     2733      876      9     19      2726       856      2733       857      2729       875      2722       874      2699       832      2758       901 PARcau 1.923994e-04 9.878635e-04 0.998820
   120   1        299        593  9.657  26.101 178.5 19.983      287      586      312      601     25     15       288       584       312       593       309       602       284       593       262       561       337       626 PARcau 2.604259e-03 2.069443e-03 0.995326
   121   4        399       1256  7.433  17.557  93.5 18.435      395     1248      405     1265     10     17       399      1246       406      1248       400      1265       393      1262       370      1223       430      1290 PARcau 6.704390e-05 7.709594e-05 0.999856
   121   0       2726        870  6.325  18.028  86.5 18.435     2722      862     2731      881      9     19      2726       861      2732       863      2726       880      2720       878      2697       837      2756       906 PARcau 7.100046e-03 3.359855e-04 0.992564
   121   1        292        590 10.296  25.554 188.0 30.964      282      583      306      599     24     16       284       579       306       592       301       601       279       588       257       558       331       624 PARcau 9.872572e-04 4.986121e-05 0.998963
   122   4        401       1249  6.964  17.393  93.5 18.435      397     1241      407     1259     10     18       401      1240       407      1242       402      1259       395      1256       372      1216       432      1284 PARcau 4.053427e-04 7.021886e-04 0.998892
   122   1        288        587 11.236  21.731 185.5 21.801      279      580      299      596     20     16       280       578       300       586       296       597       276       588       254       555       324       621 PARcau 3.782789e-06 9.200139e-07 0.999995
   122   0       2724        874  6.801  20.742  91.5 15.945     2720      865     2730      886     10     21      2723       864      2730       866      2724       886      2718       884      2695       840      2755       911 PARcau 8.335839e-04 6.935938e-05 0.999097
   123   1        286        586 11.662  20.591 168.5 30.964      278      580      296      595     18     15       280       577       298       587       292       597       274       587       253       555       321       620 PARcau 3.050857e-06 1.442382e-07 0.999997
   123   0       2722        880  6.185  19.164  79.0 14.036     2719      870     2728      890      9     20      2722       869      2728       871      2723       889      2717       888      2694       845      2753       915 PARcau 7.867651e-02 2.845617e-03 0.918478
   123   4        404       1241  8.000  17.000 101.5 90.000      400     1233      409     1251      9     18       400      1233       408      1233       408      1250       400      1250       375      1208       434      1276 PARcau 2.230264e-04 1.561550e-05 0.999761
   124   1        284        586 10.630  15.556 123.5 45.000      278      580      293      593     15     13       282       577       293       588       286       596       275       585       253       555       318       618 PARcau 5.187661e-04 1.460785e-06 0.999480
   124   0       2720        884  7.159  20.131  88.5 14.036     2717      876     2726      896      9     20      2719       875      2726       876      2721       896      2714       894      2692       851      2751       921 PARcau 5.512500e-02 7.116591e-04 0.944163
   124   4        406       1233  7.566  18.337  98.5 11.310      402     1225      411     1244      9     19       404      1224       411      1225       408      1243       400      1242       377      1200       436      1269 PARcau 8.619368e-04 3.883670e-04 0.998750
   125   0       2719        890  6.964  19.962  93.5 21.801     2715      881     2725      901     10     20      2711       898      2719       880      2725       882      2718       901      2690       856      2750       926 PARcau 1.004501e-04 1.485952e-05 0.999885
   125   1        282        585  5.852   7.433  30.5 71.565      279      582      286      590      7      8       278       583       283       581       286       588       280       590       254       557       311       615 PARcau 6.314724e-05 2.823271e-07 0.999937
   125   4        408       1225  7.159  19.007  95.0 26.565      404     1217      414     1235     10     18       401      1232       410      1215       416      1218       408      1235       379      1192       439      1260 PARcau 3.879015e-05 7.627630e-07 0.999960
   126   0       2717        894  6.325  19.313  77.5 20.556     2714      885     2723      905      9     20      2711       902      2718       884      2724       886      2717       904      2689       860      2748       930 PARcau 1.127309e-04 1.462049e-05 0.999873
   126   4        412       1217  7.382  18.561  95.0 26.565      407     1208      418     1226     11     18       405      1223       413      1206       420      1210       411      1226       382      1183       443      1251 PARcau 1.377551e-03 1.168153e-03 0.997454
   127   0       2715        900  6.801  20.742  95.0 15.945     2711      891     2721      911     10     20      2715       889      2721       891      2716       911      2709       909      2686       866      2746       936 PARcau 1.681834e-05 6.992522e-07 0.999982
   127   4        415       1208  6.708  19.235  93.5 26.565      411     1200      422     1218     11     18       408      1215       417      1198       423      1201       414      1218       386      1175       447      1243 PARcau 4.194125e-05 1.832078e-03 0.998126
   128   0       2714        904  6.964  19.609  86.5 18.435     2710      896     2720      915     10     19      2713       894      2720       897      2713       915      2707       913      2685       871      2745       940 PARcau 3.380064e-04 1.080994e-04 0.999554
   128   4        420       1200  7.211  18.028  93.0 33.690      415     1193      427     1209     12     16       412      1206       422      1191       428      1195       418      1210       390      1168       452      1234 PARcau 3.164694e-06 3.937333e-04 0.999603
   129   0       2712        910  7.280  20.616  95.5 14.036     2708      900     2718      921     10     21      2711       899      2718       901      2713       921      2706       919      2683       875      2743       946 PARcau 1.576775e-02 5.163375e-04 0.983716
   129   4        425       1193  7.810  18.601 100.5 36.870      419     1186      432     1202     13     16       417      1198       428      1183       434      1188       423      1203       394      1161       457      1227 PARcau 3.867834e-07 6.788596e-07 0.999999
   130   0       2710        915  7.159  21.101  79.0 14.036     2707      906     2716      927      9     21      2709       905      2716       906      2711       927      2704       925      2682       881      2741       952 PARcau 1.349516e-02 1.155599e-04 0.986389
   130   4        431       1185  7.826  18.337 101.0 26.565      425     1178      438     1194     13     16       423      1191       431      1175       438      1178       430      1195       400      1153       463      1219 PARcau 3.588213e-05 3.340709e-05 0.999931
   131   0       2708        921  6.325  19.925  91.5 18.435     2705      912     2714      932      9     20      2708       911      2714       913      2708       932      2702       930      2680       887      2739       957 PARcau 1.271365e-02 7.520848e-04 0.986534
   131   4        436       1178  7.433  18.118 100.0 38.660      430     1170      443     1186     13     16       428      1182       439      1168       445      1173       433      1187       405      1145       468      1211 PARcau 6.133049e-06 1.763226e-05 0.999976
   131   3       2765        566  4.243  14.142  27.0 45.000     2761      562     2774      572     13     10      2763       560      2773       570      2770       573      2760       563      2736       537      2799       597 PARcau 8.472376e-04 3.043288e-04 0.998848
   132   0       2707        925  6.576  18.337  73.0 11.310     2704      918     2712      937      8     19      2705       917      2711       918      2708       936      2701       935      2679       893      2737       962 PARcau 1.269434e-04 1.662681e-05 0.999856
   132   4        441       1170  6.801  17.755  90.5 33.690      436     1163      449     1178     13     15       434      1175       443      1160       449      1164       439      1179       411      1138       474      1203 PARcau 7.884722e-06 6.455782e-07 0.999991
   133   0       2704        932  6.500  21.077  90.5 21.801     2701      924     2710      944      9     20      2697       941      2705       922      2711       924      2703       944      2676       899      2735       969 PARcau 3.753960e-03 1.266253e-03 0.994980
   133   4        447       1162  7.071  18.385  94.0 45.000      442     1155      455     1171     13     16       439      1166       452      1153       457      1158       444      1171       417      1130       480      1196 PARcau 7.505635e-06 9.878041e-06 0.999983
   134   0       2703        938  6.708  17.464  79.5 23.962     2699      930     2709      948     10     18      2696       944      2703       928      2709       931      2702       947      2674       905      2734       973 PARcau 1.440436e-04 1.883771e-06 0.999854
   134   4        454       1154  7.071  17.692  95.0 45.000      448     1147      462     1162     14     15       446      1158       458      1145       463      1150       451      1163       423      1122       487      1187 PARcau 9.776773e-05 2.666562e-04 0.999636
   135   0       2700        943  7.159  18.200  88.0 20.556     2697      935     2707      953     10     18      2700       933      2707       936      2700       953      2694       950      2672       910      2732       978 PARcau 7.739055e-04 2.523736e-05 0.999201
   135   4        460       1146  7.071  18.385 106.0 45.000      454     1139      469     1155     15     16       452      1150       465      1137       470      1142       457      1155       429      1114       494      1180 PARcau 5.228795e-01 1.058365e-01 0.371284
   136   0       2698        950  6.325  21.190  91.5 18.435     2694      941     2704      961     10     20      2691       959      2698       939      2704       941      2697       961      2669       916      2729       986 PARcau 2.937165e-04 5.640593e-05 0.999650
   136   4        467       1139  7.071  16.971  91.0 45.000      461     1133      474     1147     13     14       459      1143       471      1131       476      1136       464      1148       436      1108       499      1172 PARcau 2.926789e-02 2.365491e-01 0.734183
   137   0       2696        955  7.616  18.974  88.0 18.435     2692      947     2702      966     10     19      2695       945      2702       948      2696       966      2689       963      2667       922      2727       991 PARcau 2.362410e-03 7.439663e-05 0.997563
   137   4        473       1133  6.801  13.901  64.5 36.870      468     1128      479     1140     11     12       466      1137       474      1126       480      1130       471      1141       443      1103       504      1165 PARcau 3.773508e-03 9.004803e-01 0.095746
   138   0       2693        962  7.280  19.925  95.0 18.435     2689      954     2700      973     11     19      2693       952      2700       954      2694       973      2687       971      2664       929      2725       998 PARcau 2.044724e-03 1.282715e-04 0.997827
   138   4        485       1122  5.590  10.735  39.0 26.565      481     1118      490     1127      9      9       485      1116       490      1118       485      1128       480      1125       456      1093       515      1152 PARcau 3.442467e-05 5.338777e-05 0.999912
   139   0       2692        967  8.062  17.889  86.5 26.565     2688      959     2698      977     10     18      2684       973      2692       957      2699       961      2691       977      2663       934      2723      1002 PARcau 3.087572e-03 2.852833e-04 0.996627
   139   4        490       1117  6.364  16.263  92.0 45.000      484     1111      498     1125     14     14       482      1120       494      1109       498      1113       487      1125       459      1086       523      1150 PARcau 6.909633e-02 8.240657e-02 0.848497
   140   0       2690        973  7.159  17.951  80.5 11.310     2686      965     2696      983     10     18      2688       964      2695       965      2691       983      2684       981      2661       940      2721      1008 PARcau 3.041668e-04 6.308550e-06 0.999690
   140   4        497       1111  7.778  19.092 113.0 45.000      490     1104      506     1119     16     15       488      1115       501      1101       507      1107       493      1120       465      1079       531      1144 PARcau 2.111903e-04 3.698039e-04 0.999419
   141   0       2687        980  6.801  18.822  92.0 18.435     2683      972     2693      990     10     18      2686       970      2693       972      2687       990      2681       988      2658       947      2718      1015 PARcau 5.462435e-04 7.086996e-05 0.999383
   141   4        504       1105  7.071  18.385 108.5 45.000      497     1098      512     1113     15     15       495      1109       508      1096       513      1101       500      1114       472      1073       537      1138 PARcau 1.759085e-05 2.813086e-05 0.999954
   142   0       2685        986  6.708  19.698  90.5 23.199     2681      978     2691      997     10     19      2677       994      2685       976      2691       979      2683       997      2656       953      2716      1022 PARcau 1.301096e-04 3.677470e-04 0.999502
   142   4        510       1099  7.071  18.385 112.5 45.000      503     1092      518     1108     15     16       501      1103       514      1090       519      1095       506      1108       478      1067       543      1133 PARcau 5.364989e-05 2.787328e-05 0.999918
   143   0       2683        993  7.280  20.396  93.0 11.310     2679      984     2689     1004     10     20      2681       982      2688       984      2684      1004      2677      1002      2654       959      2714      1029 PARcau 2.601307e-04 2.363234e-05 0.999716
   143   4        513       1094  8.485  18.385 112.5 45.000      507     1087      521     1103     14     16       504      1098       517      1085       523      1091       510      1104       482      1062       546      1128 PARcau 1.567079e-04 1.048179e-05 0.999833
   144   0       2681        998  7.280  18.974  91.0 16.699     2677      990     2687     1009     10     19      2681       989      2688       991      2682      1009      2675      1007      2652       965      2712      1034 PARcau 1.114538e-02 5.164674e-05 0.988803
   144   4        517       1087  9.014  19.138 120.5 33.690      511     1079      524     1097     13     18       508      1093       518      1077       526      1082       515      1098       486      1054       549      1122 PARcau 1.155071e-05 2.952434e-07 0.999988
   145   4        519       1081  8.544  19.313 120.5 21.801      514     1072      525     1091     11     19       518      1070       526      1073       519      1091       511      1088       489      1047       550      1116 PARcau 4.008791e-04 5.959621e-05 0.999539
   145   0       2679       1005  6.708  18.974  89.0 18.435     2676      997     2685     1016      9     19      2679       995      2685       998      2679      1016      2673      1013      2651       972      2710      1041 PARcau 3.989165e-03 3.071337e-05 0.995980
   146   4        518       1079  7.826  20.156 121.5 23.199      513     1070      525     1090     12     20       511      1087       519      1068       526      1072       518      1090       488      1045       550      1115 PARcau 1.112526e-02 1.191816e-04 0.988756
   146   0       2677       1012  6.708  20.125  90.5 26.565     2673     1003     2684     1023     11     20      2670      1020      2679      1002      2685      1005      2676      1023      2648       978      2709      1048 PARcau 6.207470e-02 5.717054e-04 0.937354
   147   4        516       1084  7.762  20.742 108.5 14.036      512     1075      522     1096     10     21       515      1074       523      1076       517      1096       510      1094       487      1050       547      1121 PARcau 3.988656e-03 1.184331e-04 0.995893
   147   0       2675       1018  7.159  20.427 106.5 21.801     2671     1009     2682     1029     11     20      2668      1026      2676      1007      2682      1010      2675      1029      2646       984      2707      1054 PARcau 9.159560e-04 4.925482e-05 0.999035
   148   0       2673       1024  7.616  19.313 100.5 21.801     2668     1016     2679     1035     11     19      2673      1014      2680      1017      2673      1035      2666      1032      2643       991      2704      1060 PARcau 3.297854e-02 8.352912e-03 0.958669
   148   4        514       1090  7.433  16.621  82.0 20.556      509     1083      520     1100     11     17       514      1081       521      1084       515      1099       508      1097       484      1058       545      1125 PARcau 1.082071e-03 3.135150e-03 0.995783
   149   0       2670       1031  7.616  20.125  97.5 26.565     2665     1022     2676     1042     11     20      2662      1039      2671      1021      2678      1024      2669      1042      2640       997      2701      1067 PARcau 2.889790e-02 6.239090e-04 0.970478
   149   4        512       1094  8.000   9.000  48.5 90.000      509     1090      518     1100      9     10       509      1090       517      1090       517      1099       509      1099       484      1065       543      1125 PARcau 4.140032e-04 7.687175e-01 0.230869