 Frame  ID  CentroidX  CentroidY  Width  Length  Area  Angle  Box_TLX  Box_TLY  Box_BRX  Box_BRY  Box_W  Box_H  rBox_TLX  rBox_TLY  rBox_TRX  rBox_TRY  rBox_BRX  rBox_BRY  rBox_BLX  rBox_BLY  lBox_TLX  lBox_TLY  lBox_BRX  lBox_BRY  Label       DIDnas       NONpro   PARcau
    21   0       2367       2529  6.000   6.000  32.0 90.000     2364     2526     2371     2533      7      7      2364      2526      2370      2526      2370      2532      2364      2532      2339      2501      2396      2558 PARcau 5.751181e-01 2.280205e-01 0.196861
    21   1        921       2006 11.662  29.155 246.5 59.036      909     1997      935     2016     26     19       905      2008       930      1993       936      2003       911      2018       884      1972       960      2041 PARcau 7.283325e-05 1.963088e-05 0.999907
    21   2       3715        353  6.364   7.778  36.0 45.000     3711      350     3720      358      9      8      3714       348      3720       354      3715       358      3710       353      3686       325      3745       383 PARcau 6.224856e-01 5.907948e-03 0.371606
    22   1        922       2004 11.236  27.735 239.0 56.310      911     1995      936     2015     25     20       908      2007       931      1992       937      2001       914      2017       886      1970       961      2040 PARcau 6.653093e-06 4.872716e-07 0.999993
    22   2       3719        354  7.000   8.000  42.5 90.000     3716      351     3724      360      8      9      3716       351      3723       351      3723       359      3716       359      3691       326      3749       385 PARcau 8.839884e-01 4.917179e-02 0.066840
    22   0       2362       2528  6.364   6.364  34.0 45.000     2359     2525     2367     2532      8      7      2362      2523      2367      2528      2362      2532      2358      2528      2334      2500      2392      2557 PARcau 7.699279e-01 1.310372e-01 0.099035
    22   3       3099       2241  6.000   6.000  27.5 90.000     3096     2239     3103     2246      7      7      3096      2239      3102      2239      3102      2245      3096      2245      3071      2214      3128      2271 PARcau 7.979229e-01 2.579763e-02 0.176280
    23   2       3719        354  6.000   8.000  35.5  0.000     3716      351     3723      360      7      9      3716       351      3722       351      3722       359      3716       359      3691       326      3748       385 PARcau 9.847905e-01 2.130841e-03 0.013079
    23   1        924       2003 10.700  28.504 234.0 52.125      912     1994      938     2013     26     19       909      2007       932      1989       938      1998       916      2015       887      1969       963      2038 PARcau 1.328843e-06 3.788184e-07 0.999998
    23   3       3098       2237  5.000   6.000  28.0 90.000     3096     2234     3102     2241      6      7      3096      2234      3101      2234      3101      2240      3096      2240      3071      2209      3127      2266 PARcau 8.871510e-01 4.756840e-02 0.065281
    23   0       2359       2528  6.000   6.000  32.5 90.000     2357     2526     2364     2533      7      7      2357      2526      2363      2526      2363      2532      2357      2532      2332      2501      2389      2558 PARcau 9.662229e-02 8.410595e-01 0.062318
    23   4       3209       1061  5.000   6.000  26.5 90.000     3207     1059     3213     1066      6      7      3207      1059      3212      1059      3212      1065      3207      1065      3182      1034      3238      1091 PARcau 9.414126e-01 2.623853e-03 0.055964
    24   0       2360       2530  6.000   7.000  31.5 90.000     2357     2527     2365     2534      8      7      2357      2527      2364      2527      2364      2533      2357      2533      2332      2502      2390      2559 PARcau 3.603628e-01 5.357629e-01 0.103874
    24   2       3715        353  6.000   8.000  33.0 90.000     3711      351     3720      358      9      7      3711       351      3719       351      3719       357      3711       357      3686       326      3745       383 PARcau 5.906111e-01 1.481371e-01 0.261252
    24   1        926       2001 10.548  28.430 215.5 56.310      914     1992      939     2011     25     19       911      2004       934      1988       940      1997       916      2013       889      1967       964      2036 PARcau 6.587015e-05 1.557584e-05 0.999919
    24   3       3099       2231  5.657   6.403  29.5 45.000     3096     2229     3103     2236      7      7      3099      2227      3103      2231      3099      2236      3095      2232      3071      2204      3128      2261 PARcau 1.015879e-01 8.628126e-01 0.035600
    25   1        927       1999 10.607  27.577 228.0 45.000      915     1990      940     2011     25     21       913      2005       933      1986       940      1993       921      2013       890      1965       965      2036 PARcau 5.554203e-06 3.616044e-06 0.999991
    25   2       3709        351  6.708   6.708  32.5 63.435     3706      349     3714      356      8      7      3704       350      3710       347      3713       353      3707       356      3681       324      3739       381 PARcau 2.075613e-01 3.067146e-02 0.761767
    26   1        928       1995 11.402  29.206 223.0 36.870      917     1984      939     2009     22     25       914      2004       932      1981       941      1988       923      2011       892      1959       964      2034 PARcau 2.034337e-06 3.568472e-06 0.999994
    26   2       3705        349  7.000   8.000  39.5 90.000     3702      346     3711      354      9      8      3702       346      3710       346      3710       353      3702       353      3677       321      3736       379 PARcau 2.482283e-01 1.244017e-01 0.627370
    27   1        929       1991 10.770  30.083 239.5 21.801      921     1978      938     2006     17     28       918      2003       929      1975       939      1979       928      2007       896      1953       963      2031 PARcau 2.284455e-07 4.320952e-07 0.999999
    27   2       3699        347  7.906   7.906  43.0 33.690     3696      344     3705      353      9      9      3698       342      3704       346      3700       353      3693       348      3671       319      3730       378 PARcau 4.523539e-01 3.532523e-02 0.512321
    27   0       2373       2525  6.364   6.364  32.0 45.000     2370     2522     2377     2530      7      8      2373      2521      2377      2525      2373      2530      2368      2525      2345      2497      2402      2555 PARcau 9.092052e-01 2.139049e-02 0.069404
    28   0       2373       2520  6.000   7.000  33.5  0.000     2370     2517     2377     2525      7      8      2370      2517      2376      2517      2376      2524      2370      2524      2345      2492      2402      2550 PARcau 6.966569e-01 2.530727e-01 0.050270
    28   2       3696        345  7.000   7.000  38.5 90.000     3693      342     3701      350      8      8      3693       342      3700       342      3700       349      3693       349      3668       317      3726       375 PARcau 4.925938e-01 6.834873e-02 0.439058
    28   1        930       1986 11.180  29.614 243.5 11.310      923     1972      938     2001     15     29       927      1970       938      1972       932      2001       921      1999       898      1947       963      2026 PARcau 1.257860e-07 6.976148e-08 1.000000
    28   3       3113       2226  6.000   6.000  30.0 90.000     3110     2223     3117     2230      7      7      3110      2223      3116      2223      3116      2229      3110      2229      3085      2198      3142      2255 PARcau 6.017187e-01 3.270196e-01 0.071262
    29   2       3699        343  6.000   7.000  33.0 90.000     3696      341     3704      348      8      7      3696       341      3703       341      3703       347      3696       347      3671       316      3729       373 PARcau 8.151193e-01 1.442685e-04 0.184736
    29   0       2371       2516  6.000   6.000  28.0 90.000     2368     2514     2375     2521      7      7      2368      2514      2374      2514      2374      2520      2368      2520      2343      2489      2400      2546 PARcau 5.404279e-01 3.801487e-01 0.079423
    29   1        931       1980 11.402  29.833 251.0 14.036      925     1966      939     1996     14     30       929      1964       940      1967       933      1996       922      1993       900      1941       964      2021 PARcau 1.263026e-07 9.721128e-07 0.999999
    30   0       2368       2514  6.364   6.364  32.0 45.000     2365     2511     2372     2519      7      8      2368      2510      2372      2514      2368      2519      2363      2514      2340      2486      2397      2544 PARcau 5.292402e-01 3.325606e-01 0.138199
    30   2       3705        343  6.708   6.708  30.0 63.435     3702      340     3710      347      8      7      3701       341      3707       338      3710       344      3704       347      3677       315      3735       372 PARcau 1.820133e-01 3.150432e-04 0.817672
    30   3       3111       2234  5.657   6.403  28.0 45.000     3109     2231     3116     2238      7      7      3107      2234      3112      2230      3116      2234      3111      2238      3084      2206      3141      2263 PARcau 7.981398e-01 1.903458e-01 0.011514
    30   1        933       1973 11.402  29.833 262.5 14.036      926     1959      941     1989     15     30       931      1957       942      1960       935      1989       924      1986       901      1934       966      2014 PARcau 2.686052e-09 1.031582e-08 1.000000
    31   0       2366       2515  6.000   6.000  32.0 90.000     2364     2512     2371     2519      7      7      2364      2512      2370      2512      2370      2518      2364      2518      2339      2487      2396      2544 PARcau 3.455626e-01 5.841923e-01 0.070245
    31   1        935       1965 11.705  29.411 257.0 18.435      928     1951      943     1981     15     30       934      1949       945      1953       936      1981       925      1977       903      1926       968      2006 PARcau 2.967262e-06 9.593856e-07 0.999996
    32   1        935       1961 11.402  28.862 252.5 14.036      929     1947      944     1976     15     29       933      1945       944      1948       937      1976       926      1973       904      1922       969      2001 PARcau 1.740789e-04 3.411313e-06 0.999823
    33   1        936       1957 11.180  29.833 254.5 14.036      929     1943      945     1972     16     29       934      1941       945      1943       938      1972       927      1970       904      1918       970      1997 PARcau 8.345308e-05 2.345750e-05 0.999893
    34   1        937       1952 11.180  28.178 239.5 26.565      930     1940      947     1967     17     27       926      1962       939      1937       949      1942       936      1967       905      1915       972      1992 PARcau 2.969518e-05 4.352272e-07 0.999970
    34   5       3587       2880  5.099  11.402  32.0 14.036     3581     2878     3593     2884     12      6      3581      2876      3592      2879      3591      2884      3580      2881      3556      2853      3618      2909 PARcau 2.227386e-02 2.531312e-03 0.975195
    35   5       3588       2880  5.000  13.000  42.0 90.000     3581     2878     3595     2884     14      6      3581      2878      3594      2878      3594      2883      3581      2883      3556      2853      3620      2909 PARcau 4.429072e-01 1.448750e-02 0.542605
    35   1        939       1948 11.236  29.125 250.5 33.690      930     1936      950     1962     20     26       926      1957       943      1933       952      1939       936      1963       905      1911       975      1987 PARcau 1.912916e-04 1.577744e-05 0.999793
    35   0       2380       2511  6.000   7.000  33.0 90.000     2378     2508     2385     2516      7      8      2378      2508      2384      2508      2384      2515      2378      2515      2353      2483      2410      2541 PARcau 7.343299e-01 2.304141e-01 0.035256
    36   5       3588       2880  5.000  14.000  43.5 90.000     3581     2878     3596     2884     15      6      3581      2878      3595      2878      3595      2883      3581      2883      3556      2853      3621      2909 PARcau 4.774111e-01 1.514177e-02 0.507447
    36   1        941       1945 11.402  28.601 243.5 36.870      932     1933      952     1959     20     26       928      1953       945      1930       954      1937       937      1960       907      1908       977      1984 PARcau 7.769666e-05 1.730730e-06 0.999921
    36   0       2381       2506  6.000   7.000  33.5 90.000     2378     2503     2385     2511      7      8      2378      2503      2384      2503      2384      2510      2378      2510      2353      2478      2410      2536 PARcau 8.509725e-01 9.322817e-02 0.055799
    36   2       3696        345  7.280   7.280  27.0 71.565     3693      342     3702      350      9      8      3692       343      3699       341      3701       348      3694       350      3668       317      3727       375 PARcau 5.220442e-01 2.635565e-03 0.475320
    37   1        942       1943 10.404  28.306 235.0 35.538      933     1931      954     1956     21     25       930      1951       946      1928       955      1934       938      1957       908      1906       979      1981 PARcau 1.131850e-06 5.172464e-08 0.999999
    37   0       2379       2502  6.000   6.000  31.0 90.000     2376     2499     2383     2506      7      7      2376      2499      2382      2499      2382      2505      2376      2505      2351      2474      2408      2531 PARcau 2.587515e-01 5.944957e-01 0.146753
    37   4       3186       1048  5.657   5.657  26.0 45.000     3184     1045     3191     1052      7      7      3187      1044      3191      1048      3187      1052      3183      1048      3159      1020      3216      1077 PARcau 9.284118e-01 1.931458e-02 0.052274
    38   1        945       1940 10.308  28.814 221.0 38.660      935     1929      956     1953     21     24       932      1948       950      1925       958      1932       940      1954       910      1904       981      1978 PARcau 8.450286e-05 2.238172e-05 0.999893
    38   0       2374       2499  6.000   6.000  29.0 90.000     2372     2497     2379     2504      7      7      2372      2497      2378      2497      2378      2503      2372      2503      2347      2472      2404      2529 PARcau 2.398025e-01 1.485572e-01 0.611640
    39   1        947       1938 10.259  28.745 225.0 39.806      937     1926      959     1951     22     25       934      1945       952      1923       960      1930       941      1952       912      1901       984      1976 PARcau 8.526686e-06 1.053413e-06 0.999990
    39   0       2370       2500  5.000   7.000  26.5 90.000     2367     2498     2375     2504      8      6      2367      2498      2374      2498      2374      2503      2367      2503      2342      2473      2400      2529 PARcau 8.143429e-01 4.203558e-03 0.181454
    39   5       3571       2881  4.924  13.757  29.5 18.435     3565     2878     3579     2885     14      7      3566      2876      3579      2881      3577      2885      3564      2881      3540      2853      3604      2910 PARcau 1.329115e-01 8.830687e-04 0.866205
    40   0       2368       2503  6.000   6.000  29.0 90.000     2366     2501     2373     2508      7      7      2366      2501      2372      2501      2372      2507      2366      2507      2341      2476      2398      2533 PARcau 8.232695e-01 1.158039e-01 0.060927
    40   1        949       1934  9.899  28.284 218.0 45.000      939     1924      962     1947     23     23       936      1941       956      1921       963      1928       943      1948       914      1899       987      1972 PARcau 2.745779e-05 3.125877e-05 0.999941
    41   1        952       1931  9.899  29.000 220.5 45.000      941     1921      965     1943     24     22       938      1938       958      1917       965      1924       945      1945       916      1896       990      1968 PARcau 2.216742e-10 8.883903e-10 1.000000
    42   1        954       1929 10.630  29.069 220.5 50.194      943     1919      967     1940     24     21       939      1934       961      1915       968      1923       946      1942       918      1894       992      1965 PARcau 1.534049e-06 2.456151e-06 0.999996
    43   1        957       1926 10.817  28.018 223.0 56.310      945     1917      970     1938     25     21       942      1930       965      1914       971      1923       948      1939       920      1892       995      1963 PARcau 9.763359e-08 1.730213e-07 1.000000
    44   1        959       1924 10.308  28.814 216.5 51.340      948     1916      972     1936     24     20       944      1930       967      1912       973      1920       951      1938       923      1891       997      1961 PARcau 9.240014e-05 1.742058e-05 0.999890
    44   2       3694        327  6.000   6.000  28.0 90.000     3692      325     3699      332      7      7      3692       325      3698       325      3698       331      3692       331      3667       300      3724       357 PARcau 4.648595e-01 1.432062e-05 0.535126
    45   1        962       1923  9.708  28.430 217.5 56.310      950     1915      976     1934     26     19       947      1927       970      1911       976      1919       952      1935       925      1890      1001      1959 PARcau 1.322328e-05 5.630510e-06 0.999981
    45   2       3698        323  6.000   7.000  35.5 90.000     3696      320     3703      328      7      8      3696       320      3702       320      3702       327      3696       327      3671       295      3728       353 PARcau 8.695246e-01 8.081131e-04 0.129667
    46   2       3700        321  6.000   6.000  28.0 90.000     3698      318     3705      325      7      7      3698       318      3704       318      3704       324      3698       324      3673       293      3730       350 PARcau 3.034252e-01 3.312535e-02 0.663449
    46   1        964       1921 10.062  28.623 201.5 63.435      952     1914      978     1932     26     18       949      1924       974      1911       979      1920       953      1933       927      1889      1003      1957 PARcau 1.190800e-02 1.027913e-03 0.987064
    47   2       3699        321  6.325   6.325  28.0 71.565     3696      318     3703      326      7      8      3695       319      3701       317      3703       323      3697       325      3671       293      3728       351 PARcau 9.427177e-01 3.219259e-04 0.056960
    47   1        964       1921  9.179  28.727 186.5 59.036      952     1913      977     1932     25     19       949      1925       973      1910       978      1918       953      1933       927      1888      1002      1957 PARcau 1.509158e-03 7.071801e-05 0.998420
    47   0       2368       2495  6.325   6.325  29.5 18.435     2365     2493     2373     2500      8      7      2366      2491      2372      2493      2370      2499      2364      2497      2340      2468      2398      2525 PARcau 8.630053e-01 8.518676e-02 0.051808
    48   1        963       1919 10.259  27.987 190.5 41.634      952     1910      974     1933     22     23       949      1928       967      1907       975      1914       956      1935       927      1885       999      1958 PARcau 2.624386e-07 3.998911e-07 0.999999
    49   1        963       1914 10.920  23.243 185.5 18.435      957     1903      970     1927     13     24       961      1901       972      1904       964      1926       954      1923       932      1878       995      1952 PARcau 1.407934e-05 1.885522e-06 0.999984
    50   1        961       1911 11.000  29.000 247.5 90.000      956     1897      968     1927     12     30       956      1897       967      1897       967      1926       956      1926       931      1872       993      1952 PARcau 2.269735e-04 5.424263e-05 0.999719
    50   2       3685        321  5.000   6.000  27.0 90.000     3683      319     3690      325      7      6      3683       319      3689       319      3689       324      3683       324      3658       294      3715       350 PARcau 1.882815e-01 1.356408e-04 0.811583
    51   1        961       1906 12.042  29.069 240.5  5.194      955     1892      968     1922     13     30       956      1891       968      1892       966      1921       954      1920       930      1867       993      1947 PARcau 1.796346e-02 1.701172e-04 0.981866
    51   2       3680        320  5.657   7.071  29.5 45.000     3678      317     3685      324      7      7      3676       320      3681       315      3685       319      3680       324      3653       292      3710       349 PARcau 5.344672e-01 2.908990e-01 0.174634
    52   2       3679        317  6.000   6.000  32.5 90.000     3677      315     3684      322      7      7      3677       315      3683       315      3683       321      3677       321      3652       290      3709       347 PARcau 5.746138e-02 4.229889e-02 0.900240
    52   1        960       1903 11.000  28.000 232.5  0.000      955     1889      967     1918     12     29       955      1889       966      1889       966      1917       955      1917       930      1864       992      1943 PARcau 1.459341e-03 1.534095e-04 0.998387
    53   1        959       1901 11.000  28.000 245.0 90.000      954     1887      966     1916     12     29       954      1887       965      1887       965      1915       954      1915       929      1862       991      1941 PARcau 2.731727e-03 9.177003e-04 0.996351
    53   2       3683        315  7.000   7.000  39.5 90.000     3680      312     3688      320      8      8      3680       312      3687       312      3687       319      3680       319      3655       287      3713       345 PARcau 7.859869e-01 1.226516e-03 0.212787
    54   1        959       1899 11.045  28.160 235.0  5.711      953     1885      966     1914     13     29       955      1884       966      1885       963      1913       952      1912       928      1860       991      1939 PARcau 1.647911e-06 6.179748e-07 0.999998
    54   2       3688        312  6.403   7.071  35.5 45.000     3685      309     3693      317      8      8      3684       312      3689       307      3693       312      3688       317      3660       284      3718       342 PARcau 2.614154e-01 8.661395e-04 0.737718
    55   1        959       1898 12.166  28.160 238.5  7.125      952     1884      967     1912     15     28       954      1882       966      1884       963      1912       951      1910       927      1859       992      1937 PARcau 3.097131e-05 1.409618e-05 0.999955
    55   2       3691        310  7.000   7.000  36.0  0.000     3688      307     3696      315      8      8      3688       307      3695       307      3695       314      3688       314      3663       282      3721       340 PARcau 1.516678e-01 9.820496e-03 0.838512
    56   1        959       1897 11.673  28.359 223.5  9.462      953     1884      967     1912     14     28       955      1882       967      1884       962      1912       951      1910       928      1859       992      1937 PARcau 8.949258e-07 8.471048e-07 0.999998
    56   2       3691        309  6.000   7.000  34.5 90.000     3688      306     3695      314      7      8      3688       306      3694       306      3694       313      3688       313      3663       281      3720       339 PARcau 9.143956e-01 2.633376e-03 0.082971
    57   1        959       1897 11.673  28.535 224.5 11.310      952     1884      967     1912     15     28       956      1882       967      1884       962      1912       950      1910       927      1859       992      1937 PARcau 4.920265e-07 2.122668e-07 0.999999
    57   2       3689        311  5.657   7.071  28.5 45.000     3686      308     3694      315      8      7      3685       312      3690       307      3694       311      3689       316      3661       283      3719       340 PARcau 5.761357e-01 2.094796e-02 0.402916
    58   1        958       1897 11.281  27.171 165.0 12.529      952     1884      966     1911     14     27       957      1882       968      1884       962      1911       951      1908       927      1859       991      1936 PARcau 1.968147e-07 9.687559e-09 1.000000
    59   1        958       1895  7.433  26.462 100.5 22.380      953     1884      966     1909     13     25       949      1906       959      1881       966      1884       956      1908       928      1859       991      1934 PARcau 2.948167e-06 3.740639e-07 0.999997
    60   2       3674        308  6.000   7.000  35.0 90.000     3671      306     3679      313      8      7      3671       306      3678       306      3678       312      3671       312      3646       281      3704       338 PARcau 5.081747e-01 7.069060e-03 0.484756
    61   2       3669        308  6.708   7.616  38.5 63.435     3665      305     3674      313      9      8      3664       307      3671       304      3674       310      3667       313      3640       280      3699       338 PARcau 4.722575e-01 1.868609e-02 0.509056
    62   2       3667        307  7.000   7.000  41.5 90.000     3664      304     3672      312      8      8      3664       304      3671       304      3671       311      3664       311      3639       279      3697       337 PARcau 3.246497e-01 3.933189e-03 0.671417
    62   0       2384       2489  5.831   6.708  30.0 26.565     2382     2486     2389     2494      7      8      2383      2485      2389      2488      2386      2493      2380      2490      2357      2461      2414      2519 PARcau 9.464663e-01 4.389013e-02 0.009644
    63   0       2382       2486  6.000   7.000  33.5 90.000     2379     2483     2387     2490      8      7      2379      2483      2386      2483      2386      2489      2379      2489      2354      2458      2412      2515 PARcau 3.972733e-01 5.788789e-01 0.023848
    63   2       3671        305  7.000   7.000  38.5 90.000     3668      302     3676      310      8      8      3668       302      3675       302      3675       309      3668       309      3643       277      3701       335 PARcau 1.879926e-01 7.090226e-03 0.804917
    64   0       2378       2484  6.000   6.000  29.5 90.000     2376     2482     2383     2489      7      7      2376      2482      2382      2482      2382      2488      2376      2488      2351      2457      2408      2514 PARcau 2.386036e-01 6.419227e-01 0.119474
    64   2       3677        302  7.071   7.810  43.5 45.000     3674      299     3683      307      9      8      3672       302      3678       297      3683       302      3677       307      3649       274      3708       332 PARcau 6.734294e-01 1.125436e-03 0.325445
    65   2       3680        299  7.000   8.000  48.5 90.000     3677      296     3685      305      8      9      3677       296      3684       296      3684       304      3677       304      3652       271      3710       330 PARcau 3.791838e-01 3.880445e-02 0.582012
    65   1        950       1892  9.220  14.142 103.5 45.000      945     1886      957     1900     12     14       949      1884       959      1894       952      1900       942      1890       920      1861       982      1925 PARcau 5.464549e-07 1.187007e-06 0.999998
    66   2       3678        297  8.000   8.000  48.5 90.000     3675      294     3684      303      9      9      3675       294      3683       294      3683       302      3675       302      3650       269      3709       328 PARcau 6.709392e-01 4.633636e-03 0.324427
    66   1        947       1891 10.630  19.799 169.0 45.000      939     1884      957     1901     18     17       944      1880       958      1894       951      1902       937      1888       914      1859       982      1926 PARcau 1.412838e-04 1.312646e-05 0.999846
    67   2       3677        301  6.325   8.944  38.0 26.565     3674      297     3682      306      8      9      3676       296      3682       298      3678       306      3672       304      3649       272      3707       331 PARcau 2.420856e-01 7.758671e-04 0.757139
    67   1        945       1891 11.180  23.259 203.5 26.565      934     1885      957     1901     23     16       936      1881       957      1891       952      1901       931      1891       909      1860       982      1926 PARcau 4.931926e-03 9.752486e-06 0.995058
    68   1        942       1891 11.402  27.893 228.0 14.036      929     1885      957     1900     28     15       930      1882       957      1889       954      1900       927      1893       904      1860       982      1925 PARcau 4.091455e-04 1.711893e-05 0.999574
    69   1        938       1890 11.045  28.284 236.0  8.130      924     1884      953     1898     29     14       924      1883       952      1887       951      1898       923      1894       899      1859       978      1923 PARcau 1.909498e-02 1.936924e-03 0.978968
    69   2       3667        299  6.000   7.000  34.5 90.000     3664      296     3672      303      8      7      3664       296      3671       296      3671       302      3664       302      3639       271      3697       328 PARcau 5.087491e-01 1.000580e-04 0.491151
    70   2       3662        298  7.382   8.276  44.5 26.565     3658      295     3667      304      9      9      3660       293      3667       297      3663       304      3657       301      3633       270      3692       329 PARcau 2.202012e-02 2.935495e-03 0.975044
    70   1        931       1889 11.180  29.428 246.0  9.462      917     1883      946     1896     29     13       917      1881       946      1886       944      1897       915      1892       892      1858       971      1921 PARcau 7.258055e-07 5.519320e-07 0.999999
    71   2       3662        298  6.364   7.778  39.0 45.000     3658      295     3667      303      9      8      3657       299      3662       293      3667       298      3661       303      3633       270      3692       328 PARcau 3.986616e-01 3.086892e-02 0.570469
    71   1        922       1887 12.258  29.125 258.5 11.310      909     1881      938     1895     29     14       909      1878       938      1884       935      1896       907      1890       884      1856       963      1920 PARcau 1.307686e-05 1.130394e-06 0.999986
    72   2       3666        296  7.071   9.899  47.5 45.000     3662      292     3671      302      9     10      3660       297      3667       290      3672       295      3665       302      3637       267      3696       327 PARcau 3.219856e-01 3.696596e-04 0.677645
    72   1        914       1885 11.045  29.275 257.5  7.125      900     1880      930     1893     30     13       900      1878       929      1882       928      1893       899      1889       875      1855       955      1918 PARcau 3.983389e-02 1.376081e-03 0.958790
    73   2       3671        293  8.000   8.000  47.0 90.000     3668      289     3677      298      9      9      3668       289      3676       289      3676       297      3668       297      3643       264      3702       323 PARcau 2.526625e-02 3.745806e-05 0.974696
    73   1        906       1884 11.402  28.862 250.0 14.036      892     1878      921     1892     29     14       893      1875       921      1882       918      1893       890      1886       867      1853       946      1917 PARcau 3.633182e-05 7.635708e-06 0.999956
    74   2       3673        290  8.000   8.000  52.0 90.000     3670      286     3679      295      9      9      3670       286      3678       286      3678       294      3670       294      3645       261      3704       320 PARcau 4.659396e-01 7.906486e-03 0.526154
    74   1        900       1883 11.281  27.409 238.5 14.036      887     1877      914     1891     27     14       887      1874       914      1881       911      1892       885      1885       862      1852       939      1916 PARcau 1.948493e-02 4.983884e-04 0.980017
    75   2       3671        287  7.071   7.810  43.5 45.000     3668      283     3676      292      8      9      3666       287      3672       282      3677       287      3671       292      3643       258      3701       317 PARcau 1.343188e-02 1.240574e-04 0.986444
    75   1        894       1882 11.402  28.460 243.5 18.435      881     1875      909     1890     28     15       882      1872       909      1881       906      1892       879      1883       856      1850       934      1915 PARcau 1.366400e-03 3.626715e-04 0.998271
    76   1        890       1880 11.543  27.987 240.5 18.435      878     1873      905     1889     27     16       879      1871       905      1880       902      1891       875      1882       853      1848       930      1914 PARcau 8.513912e-04 2.747274e-04 0.998874
    77   1        888       1879 10.595  27.042 233.0 19.983      876     1872      902     1888     26     16       877      1870       902      1879       899      1889       873      1880       851      1847       927      1913 PARcau 8.657869e-05 2.121038e-05 0.999892
    78   1        886       1878 11.705  27.203 227.5 18.435      874     1871      900     1887     26     16       875      1869       901      1877       897      1888       871      1880       849      1846       925      1912 PARcau 2.605472e-04 4.946139e-05 0.999690
    79   1        884       1877 10.770  27.857 225.5 21.038      872     1869      898     1886     26     17       873      1867       899      1877       895      1887       869      1877       847      1844       923      1911 PARcau 2.105351e-06 4.701016e-07 0.999997
    79   2       3673        279  7.000   7.000  38.0 90.000     3670      276     3678      284      8      8      3670       276      3677       276      3677       283      3670       283      3645       251      3703       309 PARcau 4.052486e-01 1.971875e-02 0.575033
    79   6       1075        256  4.950   9.192  27.0 45.000     1072      253     1080      262      8      9      1070       257      1077       251      1080       254      1074       261      1047       228      1105       287 PARcau 2.147126e-06 5.667491e-08 0.999998
    80   6       1075        257  5.408  10.548  27.5 33.690     1072      253     1080      262      8      9      1070       259      1075       250      1080       253      1074       262      1047       228      1105       287 PARcau 1.267441e-04 2.339380e-07 0.999873
    80   1        881       1876 10.966  28.182 213.0 25.017      870     1868      896     1885     26     17       871      1865       896      1877       892      1887       866      1875       845      1843       921      1910 PARcau 5.849385e-04 1.411360e-05 0.999401
    80   2       3677        275  6.403   8.485  43.5 45.000     3674      272     3682      281      8      9      3672       276      3678       270      3683       274      3677       280      3649       247      3707       306 PARcau 5.902688e-01 1.199872e-02 0.397732
    81   1        877       1873 10.296  27.295 219.0 29.055      866     1865      892     1883     26     18       868      1863       892      1876       887      1885       863      1872       841      1840       917      1908 PARcau 2.692301e-07 2.235455e-07 1.000000
    81   2       3677        270  7.000   7.000  39.5 90.000     3674      267     3682      275      8      8      3674       267      3681       267      3681       274      3674       274      3649       242      3707       300 PARcau 5.501286e-01 9.454515e-03 0.440417
    82   2       3675        266  7.000   7.000  38.5 90.000     3672      263     3680      271      8      8      3672       263      3679       263      3679       270      3672       270      3647       238      3705       296 PARcau 4.216322e-01 1.504095e-03 0.576864
    82   1        872       1870 11.102  29.004 228.5 36.870      861     1861      887     1881     26     20       864      1858       887      1875       881      1884       857      1867       836      1836       912      1906 PARcau 1.708444e-07 3.922714e-07 0.999999
    83   2       3673        265  7.000   8.000  47.0 90.000     3670      261     3678      270      8      9      3670       261      3677       261      3677       269      3670       269      3645       236      3703       295 PARcau 5.686688e-02 5.435498e-03 0.937698
    83   1        867       1867 11.314  28.284 242.0 45.000      856     1857      880     1878     24     21       861      1853       881      1873       873      1881       853      1861       831      1832       905      1903 PARcau 2.292946e-06 6.279851e-07 0.999997
    84   2       3674        266  7.000   7.000  41.5 90.000     3671      263     3679      271      8      8      3671       263      3678       263      3678       270      3671       270      3646       238      3704       296 PARcau 1.971388e-01 2.940973e-03 0.799920
    84   1        862       1863 11.314  28.284 250.0 45.000      852     1852      875     1875     23     23       856      1849       876      1869       868      1877       848      1857       827      1827       900      1900 PARcau 9.121833e-06 1.905881e-06 0.999989
    85   1        860       1861 10.607  27.577 233.0 45.000      850     1850      872     1873     22     23       854      1848       873      1867       866      1875       846      1855       825      1825       897      1898 PARcau 1.362394e-06 8.672809e-08 0.999999
    85   2       3678        268  6.000   7.000  29.0 90.000     3675      265     3683      272      8      7      3675       265      3682       265      3682       271      3675       271      3650       240      3708       297 PARcau 6.079772e-01 2.216235e-02 0.369860
    86   1        858       1861 10.817  27.203 236.0 35.538      848     1851      871     1872     23     21       850      1849       872      1865       866      1874       844      1858       823      1826       896      1897 PARcau 2.295204e-05 3.674441e-07 0.999977
    86   2       3685        268  7.000   8.000  41.5 90.000     3681      265     3690      273      9      8      3681       265      3689       265      3689       272      3681       272      3656       240      3715       298 PARcau 3.919497e-01 2.205176e-02 0.585999
    87   1        856       1861 11.180  26.833 230.5 26.565      844     1854      870     1871     26     17       847      1851       871      1863       866      1873       842      1861       819      1829       895      1896 PARcau 7.969093e-04 3.169547e-06 0.999200
    87   2       3689        265  8.500   9.179  57.5 63.435     3685      261     3695      271     10     10      3683       263      3691       259      3695       266      3687       271      3660       236      3720       296 PARcau 4.020145e-02 1.558774e-04 0.959643
    88   1        852       1862 11.045  26.173 228.5  5.711      839     1856      866     1869     27     13       839      1855       865      1858       864      1869       838      1866       814      1831       891      1894 PARcau 5.697838e-02 1.421150e-03 0.941601
    88   2       3690        261  8.000   9.000  52.5 90.000     3686      257     3695      267      9     10      3686       257      3694       257      3694       266      3686       266      3661       232      3720       292 PARcau 9.745344e-03 3.358843e-05 0.990221
    89   2       3689        260  8.000   8.000  49.5 90.000     3686      256     3695      265      9      9      3686       256      3694       256      3694       264      3686       264      3661       231      3720       290 PARcau 3.737813e-02 2.363145e-05 0.962598
    89   1        844       1861 10.000  28.000 236.5 90.000      831     1857      860     1868     29     11       831      1857       859      1857       859      1867       831      1867       806      1832       885      1893 PARcau 5.929440e-03 1.363036e-04 0.993934
    90   2       3690        261  7.000   9.000  48.0 90.000     3687      257     3695      267      8     10      3687       257      3694       257      3694       266      3687       266      3662       232      3720       292 PARcau 4.855571e-02 9.226092e-04 0.950522
    90   1        839       1861 11.000  26.000 228.0 90.000      826     1856      853     1868     27     12       826      1856       852      1856       852      1867       826      1867       801      1831       878      1893 PARcau 5.070675e-02 2.048427e-03 0.947245
    91   2       3694        264  8.485   8.485  49.5 45.000     3690      260     3700      269     10      9      3694       258      3700       264      3694       270      3688       264      3665       235      3725       294 PARcau 8.079926e-03 4.627928e-06 0.991915
    91   1        834       1860 10.607  26.879 229.5  9.462      821     1855      849     1868     28     13       821      1853       848      1857       846      1868       820      1863       796      1830       874      1893 PARcau 1.903858e-03 2.095184e-05 0.998075
    91   0       2359       2491  5.000   6.000  26.5 90.000     2356     2489     2363     2495      7      6      2356      2489      2362      2489      2362      2494      2356      2494      2331      2464      2388      2520 PARcau 5.662989e-01 2.785282e-01 0.155173
    92   0       2356       2494  5.385   6.708  28.0 26.565     2354     2491     2361     2499      7      8      2355      2490      2360      2492      2357      2498      2352      2496      2329      2466      2386      2524 PARcau 3.683043e-01 5.774706e-01 0.054225
    92   1        830       1860 11.045  27.295 232.5  8.130      817     1855      845     1868     28     13       817      1853       844      1857       843      1868       816      1864       792      1830       870      1893 PARcau 5.409840e-03 1.315001e-03 0.993275
    92   2       3700        264  6.708   8.944  43.5 63.435     3697      261     3706      270      9      9      3695       264      3703       260      3706       266      3698       270      3672       236      3731       295 PARcau 3.162667e-03 3.900444e-05 0.996798
    92   7        970       2246  0.000  17.205  32.5 56.310      965     2237      976     2253     11     16       966      2236       972      2252       976      2250       962      2238       940      2212      1001      2278 PARcau 1.849262e-01 3.903157e-05 0.815035
    93   7        970       2246  4.031  16.919  26.5 56.310      965     2237      976     2253     11     16       966      2236       975      2250       972      2252       962      2238       940      2212      1001      2278 PARcau 3.219369e-01 5.946125e-05 0.678004
    93   1        827       1860 11.402  27.893 233.0 14.036      815     1853      842     1868     27     15       815      1851       842      1858       839      1869       812      1862       790      1828       867      1893 PARcau 6.049726e-03 1.446539e-04 0.993806
    93   0       2355       2497  6.000   6.000  31.5 90.000     2353     2494     2360     2501      7      7      2353      2494      2359      2494      2359      2500      2353      2500      2328      2469      2385      2526 PARcau 9.083903e-01 7.853083e-02 0.013079
    93   2       3705        262  7.000   7.000  42.0 90.000     3702      259     3710      267      8      8      3702       259      3709       259      3709       266      3702       266      3677       234      3735       292 PARcau 6.090547e-03 2.283746e-04 0.993681
    94   0       2357       2497  6.000   6.000  25.5 90.000     2354     2494     2361     2501      7      7      2354      2494      2360      2494      2360      2500      2354      2500      2329      2469      2386      2526 PARcau 8.650701e-01 1.061544e-01 0.028776
    94   1        824       1858 10.920  27.060 214.0 16.699      812     1852      838     1867     26     15       812      1850       838      1857       835      1868       809      1860       787      1827       863      1892 PARcau 1.099212e-01 1.454575e-04 0.889933
    94   2       3707        258  6.403   8.485  42.5 45.000     3704      254     3712      263      8      9      3702       258      3708       252      3712       257      3706       263      3679       229      3737       288 PARcau 5.374399e-03 8.171216e-04 0.993808
    95   2       3706        255  6.000   6.000  29.0 90.000     3703      253     3710      260      7      7      3703       253      3709       253      3709       259      3703       259      3678       228      3735       285 PARcau 3.083861e-01 7.041532e-02 0.621199
    95   1        820       1857 10.512  27.577 223.5 22.620      808     1849      834     1866     26     17       809      1847       835      1858       830      1867       805      1857       783      1824       859      1891 PARcau 6.253180e-04 1.368894e-04 0.999238
    96   2       3705        256  5.000   7.000  28.0 90.000     3703      253     3709      261      6      8      3703       253      3708       253      3708       260      3703       260      3678       228      3734       286 PARcau 1.542191e-01 4.726572e-02 0.798515
    96   1        816       1855 10.770  27.313 217.5 23.962      804     1848      830     1865     26     17       805      1845       830      1856       826      1866       801      1855       779      1823       855      1890 PARcau 2.419322e-02 4.208951e-03 0.971598
    97   7        969       2246  0.500  14.327  29.0 60.255      966     2239      974     2253      8     14       966      2238       970      2252       973      2251       963      2240       941      2214       999      2278 PARcau 4.627666e-02 2.943175e-04 0.953429
    97   1        813       1855 10.512  27.505 217.0 26.565      802     1847      827     1864     25     17       803      1844       828      1857       823      1866       799      1854       777      1822       852      1889 PARcau 9.689997e-04 3.220577e-04 0.998709
    97   2       3708        258  8.500   8.732  51.0 26.565     3704      254     3713      264      9     10      3706       253      3714       256      3710       264      3702       260      3679       229      3738       289 PARcau 3.871848e-02 2.969768e-02 0.931584
    97   0       2362       2483  6.000   7.000  31.5 90.000     2360     2480     2367     2488      7      8      2360      2480      2366      2480      2366      2487      2360      2487      2335      2455      2392      2513 PARcau 9.914738e-01 2.362154e-05 0.008503
    98   1        813       1856 10.440  26.926 194.0 15.255      801     1850      828     1864     27     14       802      1848       828      1855       825      1865       799      1858       776      1825       853      1889 PARcau 6.748421e-03 1.867322e-04 0.993065
    98   7        968       2245  4.472  16.643  34.0 57.995      964     2238      974     2254     10     16       965      2237       974      2251       970      2253       961      2239       939      2213       999      2279 PARcau 2.222827e-02 1.312454e-04 0.977641
    98   0       2360       2479  6.000   6.000  33.0 90.000     2358     2476     2365     2483      7      7      2358      2476      2364      2476      2364      2482      2358      2482      2333      2451      2390      2508 PARcau 9.008731e-01 8.452498e-02 0.014602
    98   2       3713        261  8.000   8.000  49.5  0.000     3709      257     3718      266      9      9      3709       257      3717       257      3717       265      3709       265      3684       232      3743       291 PARcau 4.091944e-01 8.622219e-02 0.504583
    99   7        967       2244  0.707  15.953  35.5 57.995      964     2238      974     2254     10     16       965      2237       969      2253       974      2251       961      2240       939      2213       999      2279 PARcau 8.767752e-02 1.924865e-05 0.912303
    99   0       2357       2476  6.265   6.500  29.0 26.565     2354     2474     2362     2481      8      7      2356      2472      2361      2475      2359      2481      2353      2478      2329      2449      2387      2506 PARcau 1.177367e-01 8.427134e-01 0.039550
    99   2       3718        260  8.000   9.000  54.5 90.000     3714      256     3723      266      9     10      3714       256      3722       256      3722       265      3714       265      3689       231      3748       291 PARcau 4.919130e-01 7.205376e-03 0.500882
    99   1        810       1859 10.000  21.000 161.0 90.000      801     1854      823     1865     22     11       801      1854       822      1854       822      1864       801      1864       776      1829       848      1890 PARcau 1.129090e-01 3.102882e-03 0.883988
   100   0       2352       2477  6.000   6.000  28.5 90.000     2350     2475     2357     2482      7      7      2350      2475      2356      2475      2356      2481      2350      2481      2325      2450      2382      2507 PARcau 6.048323e-01 2.560941e-01 0.139074
   100   2       3720        256  5.657   7.810  34.5 45.000     3718      253     3725      262      7      9      3716       258      3721       252      3725       256      3720       262      3693       228      3750       287 PARcau 2.939863e-02 1.863965e-04 0.970415
   100   1        809       1863 10.735  21.243 161.5 63.435      801     1854      820     1871     19     17       798      1863       817      1853       822      1863       803      1872       776      1829       845      1896 PARcau 4.738319e-01 3.931202e-05 0.526129
   100   8       1491        225  6.000   6.000  26.0 90.000     1489      223     1496      230      7      7      1489       223      1495       223      1495       229      1489       229      1464       198      1521       255 PARcau 4.917870e-04 2.098338e-05 0.999487
   101   8       1491        226  9.000  10.000  62.0 90.000     1487      222     1497      233     10     11      1487       222      1496       222      1496       232      1487       232      1462       197      1522       258 PARcau 5.713327e-03 5.483657e-05 0.994232
   101   0       2349       2480  5.657   6.403  27.5 45.000     2346     2478     2353     2485      7      7      2349      2476      2353      2480      2349      2485      2345      2481      2321      2453      2378      2510 PARcau 8.340563e-02 9.075758e-01 0.009019
   101   1        810       1865 10.308  26.632 212.0 39.806      802     1855      822     1878     20     23       798      1872       815      1852       823      1858       806      1879       777      1830       847      1903 PARcau 3.009675e-02 9.463081e-05 0.969809
   102   8       1491        227 10.000  11.000  74.5 90.000     1486      222     1497      234     11     12      1486       222      1496       222      1496       233      1486       233      1461       197      1522       259 PARcau 6.307500e-05 4.683024e-07 0.999936
   102   0       2346       2483  6.000   6.000  27.0 90.000     2344     2481     2351     2488      7      7      2344      2481      2350      2481      2350      2487      2344      2487      2319      2456      2376      2513 PARcau 8.296117e-01 6.004409e-02 0.110344
   102   1        808       1872 10.770  27.857 211.0 20.556      801     1860      817     1886     16     26       808      1857       818      1861       808      1887       798      1883       776      1835       842      1911 PARcau 3.419094e-03 2.202864e-04 0.996361
   103   8       1491        228 10.000  13.000  93.5 90.000     1486      222     1497      236     11     14      1486       222      1496       222      1496       235      1486       235      1461       197      1522       261 PARcau 1.501509e-03 2.762164e-06 0.998496
   103   0       2345       2485  6.000   6.000  29.0 90.000     2342     2482     2349     2489      7      7      2342      2482      2348      2482      2348      2488      2342      2488      2317      2457      2374      2514 PARcau 2.316223e-01 7.410329e-01 0.027345
   103   1        807       1876 10.595  26.725 213.0 18.435      800     1864      815     1890     15     26       806      1862       816      1865       808      1891       798      1887       775      1839       840      1915 PARcau 5.317862e-04 6.762289e-05 0.999401
   104   0       2344       2483  6.000   6.000  28.0 90.000     2341     2480     2348     2487      7      7      2341      2480      2347      2480      2347      2486      2341      2486      2316      2455      2373      2512 PARcau 1.448206e-01 8.374316e-01 0.017748
   104   8       1491        230 10.000  16.000 108.0  0.000     1486      222     1497      239     11     17      1486       222      1496       222      1496       238      1486       238      1461       197      1522       264 PARcau 1.899434e-05 1.914127e-07 0.999981
   104   1        807       1878 10.595  26.725 202.5 17.103      800     1867      816     1892     16     25       806      1864       816      1868       808      1893       798      1890       775      1842       841      1917 PARcau 4.830420e-04 1.893952e-03 0.997623
   105   0       2343       2478  6.000   7.000  30.5 90.000     2340     2475     2347     2483      7      8      2340      2475      2346      2475      2346      2482      2340      2482      2315      2450      2372      2508 PARcau 3.773284e-01 5.784007e-01 0.044271
   105   8       1490        231 10.050  18.111 141.0  6.340     1485      223     1497      242     12     19      1486       222      1496       223      1494       241      1484       240      1460       198      1522       267 PARcau 1.009470e-05 3.011192e-08 0.999990
   105   1        807       1880 10.062  27.281 208.5 26.565      799     1868      815     1894     16     26       796      1890       808      1866       817      1870       805      1895       774      1843       840      1919 PARcau 5.438776e-05 1.074774e-05 0.999935
   106   8       1490        233 10.112  19.729 149.0  7.125     1485      224     1497      244     12     20      1486       222      1496       224      1493       243      1483       242      1460       199      1522       269 PARcau 1.402630e-03 1.153188e-06 0.998596
   106   1        806       1882 10.440  26.571 191.0 19.983      799     1870      815     1896     16     26       806      1868       816      1871       807      1896       797      1893       774      1845       840      1921 PARcau 2.931243e-04 1.116279e-04 0.999595
   106   0       2341       2473  6.042   6.042  30.0 26.565     2338     2470     2345     2478      7      8      2339      2469      2345      2472      2342      2477      2337      2475      2313      2445      2370      2503 PARcau 9.952831e-01 2.902640e-03 0.001814
   107   8       1489        235 10.198  19.416 157.5 11.310     1484      225     1496      246     12     21      1486       224      1496       226      1492       245      1482       243      1459       200      1521       271 PARcau 1.058104e-03 3.095709e-06 0.998939
   107   1        806       1884  8.944  26.833 183.5 26.565      799     1873      815     1898     16     25       796      1894       808      1870       816      1874       804      1898       774      1848       840      1923 PARcau 3.617092e-03 6.938750e-04 0.995689
   107   0       2337       2469  6.364   6.364  32.0 45.000     2334     2467     2342     2474      8      7      2337      2465      2342      2470      2337      2474      2333      2470      2309      2442      2367      2499 PARcau 2.589508e-01 3.415205e-01 0.399529
   108   8       1489        236 11.000  22.000 169.0 90.000     1484      225     1496      248     12     23      1484       225      1495       225      1495       247      1484       247      1459       200      1521       273 PARcau 7.309820e-03 9.849537e-06 0.992680
   108   0       2333       2468  5.657   5.657  29.5 45.000     2330     2465     2338     2472      8      7      2333      2464      2337      2468      2333      2472      2329      2468      2305      2440      2363      2497 PARcau 1.912268e-01 6.432829e-01 0.165490
   108   1        805       1887  9.014  26.349 175.5 33.690      797     1875      815     1900     18     25       794      1895       808      1873       816      1878       801      1900       772      1850       840      1925 PARcau 1.459617e-04 8.529484e-05 0.999769
   109   8       1489        239 11.000  23.000 185.0 90.000     1484      228     1496      252     12     24      1484       228      1495       228      1495       251      1484       251      1459       203      1521       277 PARcau 5.946970e-03 5.682834e-06 0.994047
   109   1        804       1890 10.000  26.401 179.0 36.870      795     1879      814     1902     19     23       792      1897       808      1876       816      1882       800      1903       770      1854       839      1927 PARcau 2.831349e-03 3.564755e-03 0.993604
   110   7        964       2245  5.408  14.151  41.0 57.995      960     2240      970     2254     10     14       962      2239       970      2251       965      2254       958      2242       935      2215       995      2279 PARcau 1.889777e-02 3.027600e-06 0.981099
   110   1        801       1893  9.220  28.425 172.0 39.806      792     1882      812     1905     20     23       789      1901       807      1879       814      1885       796      1907       767      1857       837      1930 PARcau 6.099408e-04 5.266827e-06 0.999385
   110   8       1488        244 11.000  23.000 192.5 90.000     1483      232     1495      256     12     24      1483       232      1494       232      1494       255      1483       255      1458       207      1520       281 PARcau 2.676917e-05 2.415546e-07 0.999973
   110   0       2324       2471  6.000   6.000  30.0 90.000     2322     2469     2329     2476      7      7      2322      2469      2328      2469      2328      2475      2322      2475      2297      2444      2354      2501 PARcau 6.302821e-01 3.490547e-01 0.020663
   111   0       2322       2473  6.000   6.000  28.0 90.000     2320     2471     2327     2478      7      7      2320      2471      2326      2471      2326      2477      2320      2477      2295      2446      2352      2503 PARcau 8.152826e-01 1.412139e-01 0.043503
   111   8       1488        247 11.705  22.136 185.0 18.435     1482      237     1496      259     14     22      1486       235      1497       239      1490       260      1479       256      1457       212      1521       284 PARcau 4.884498e-04 2.191433e-06 0.999509
   111   1        797       1896  9.014  26.707 166.0 53.130      788     1886      809     1907     21     21       785      1901       806      1884       811      1892       790      1908       763      1861       834      1932 PARcau 2.490004e-04 2.861633e-07 0.999751
   112   7        963       2245  5.852  14.534  46.5 63.435      959     2240      969     2254     10     14       963      2239       969      2252       964      2254       957      2241       934      2215       994      2279 PARcau 4.540152e-02 4.971487e-05 0.954549
   112   0       2322       2473  6.000   6.000  29.5 90.000     2320     2471     2327     2478      7      7      2320      2471      2326      2471      2326      2477      2320      2477      2295      2446      2352      2503 PARcau 4.932230e-01 4.042877e-01 0.102489
   112   8       1487        250 11.180  22.361 179.5 26.565     1481      240     1496      262     15     22      1488       238      1498       243      1488       263      1478       258      1456       215      1521       287 PARcau 3.105431e-05 7.639644e-08 0.999969
   112   1        794       1899  9.899  25.456 183.0 45.000      784     1890      805     1910     21     20       782      1905       800      1887       807      1894       789      1912       759      1865       830      1935 PARcau 1.518022e-06 2.455373e-09 0.999998
   113   7        962       2245  4.924  14.534  36.5 63.435      959     2240      969     2254     10     14       962      2239       968      2252       964      2254       957      2241       934      2215       994      2279 PARcau 9.575543e-02 1.281580e-04 0.904116
   113   8       1486        254 11.180  22.361 187.0 26.565     1480      244     1495      265     15     21      1487       241      1497       246      1487       266      1477       261      1455       219      1520       290 PARcau 1.915484e-02 2.756662e-05 0.980818
   113   1        790       1903 10.630  25.495 192.0 41.186      781     1894      801     1914     20     20       778      1909       795      1890       803      1897       786      1916       756      1869       826      1939 PARcau 4.939608e-07 1.281465e-09 1.000000
   114   8       1486        255 11.180  22.361 181.5 26.565     1479      245     1495      267     16     22      1486       243      1496       248      1486       268      1476       263      1454       220      1520       292 PARcau 1.152239e-05 2.939718e-07 0.999988
   114   7        962       2246  0.500  17.241  35.5 60.255      958     2240      968     2256     10     16       960      2238       964      2255       969      2253       956      2240       933      2215       993      2281 PARcau 7.469142e-02 4.589710e-04 0.924850
   114   1        787       1906  9.899  24.759 184.0 45.000      778     1897      799     1916     21     19       776      1912       793      1894       800      1901       783      1919       753      1872       824      1941 PARcau 1.667459e-06 1.467716e-07 0.999998
   115   7        961       2246  0.500  17.443  27.5 63.435      958     2240      967     2256      9     16       960      2238       964      2255       968      2254       956      2240       933      2215       992      2281 PARcau 3.493435e-02 2.195388e-05 0.965044
   115   8       1486        257  9.708  22.677 175.0 14.036     1481      246     1494      269     13     23      1485       245      1494       247      1489       269      1479       267      1456       221      1519       294 PARcau 1.021325e-05 8.197439e-08 0.999990
   115   1        785       1908 10.000  25.000 190.5 53.130      774     1900      797     1917     23     17       772      1912       792      1897       798      1905       778      1920       749      1875       822      1942 PARcau 2.642848e-04 3.301414e-05 0.999703
   115   0       2336       2463  6.000   6.000  27.5 90.000     2333     2461     2340     2468      7      7      2333      2461      2339      2461      2339      2467      2333      2467      2308      2436      2365      2493 PARcau 9.004520e-01 6.864014e-02 0.030908
   116   8       1487        259 10.050  23.087 176.5 85.236     1483      248     1494      272     11     24      1481       248      1491       247      1493       270      1483       271      1458       223      1519       297 PARcau 2.109941e-03 4.254039e-06 0.997886
   116   7        961       2245  4.717  15.403  31.5 55.008      957     2240      967     2255     10     15       960      2239       969      2251       965      2254       956      2241       932      2215       992      2280 PARcau 3.906828e-02 4.505035e-04 0.960481
   116   1        782       1910 10.000  25.807 186.0 53.130      771     1902      795     1919     24     17       769      1914       790      1899       796      1907       775      1922       746      1877       820      1944 PARcau 8.792703e-04 7.704667e-05 0.999044
   116   0       2338       2461  6.000   6.000  28.0 90.000     2335     2458     2342     2465      7      7      2335      2458      2341      2458      2341      2464      2335      2464      2310      2433      2367      2490 PARcau 8.477642e-01 9.542329e-02 0.056813
   117   7        961       2245  4.472  15.232  28.5 67.380      957     2240      967     2255     10     15       960      2239       966      2253       962      2255       956      2241       932      2215       992      2280 PARcau 3.171034e-02 1.037235e-03 0.967252
   117   0       2336       2459  6.000   7.000  30.5 90.000     2333     2457     2341     2464      8      7      2333      2457      2340      2457      2340      2463      2333      2463      2308      2432      2366      2489 PARcau 9.509090e-01 2.807647e-02 0.021015
   117   1        779       1912  9.434  26.077 186.0 57.995      768     1904      792     1921     24     17       766      1915       788      1901       793      1909       771      1923       743      1879       817      1946 PARcau 2.268675e-03 1.877600e-04 0.997544
   117   8       1489        264  9.487  23.087 171.0 71.565     1484      253     1496      276     12     23      1481       254      1490       251      1497       273      1488       276      1459       228      1521       301 PARcau 1.712594e-05 8.386461e-07 0.999982
   118   1        777       1913  8.944  25.942 179.5 63.435      765     1906      790     1921     25     15       764      1915       787      1903       791      1911       768      1923       740      1881       815      1946 PARcau 3.356036e-04 1.392146e-04 0.999525
   118   0       2332       2458  6.364   6.364  31.0 45.000     2329     2455     2337     2462      8      7      2332      2453      2337      2458      2332      2462      2328      2458      2304      2430      2362      2487 PARcau 3.658397e-01 5.948983e-01 0.039262
   118   8       1492        270  9.487  23.087 166.5 71.565     1486      259     1499      282     13     23      1484       260      1493       257      1500       279      1491       282      1461       234      1524       307 PARcau 8.976638e-05 5.784830e-07 0.999910
   119   1        775       1914  9.657  26.462 176.0 68.199      763     1907      789     1921     26     14       761      1914       786      1904       789      1913       765      1923       738      1882       814      1946 PARcau 3.180838e-04 8.672875e-04 0.998815
   119   0       2328       2454  6.364   6.364  33.0 45.000     2326     2451     2333     2459      7      8      2329      2450      2333      2454      2329      2459      2324      2454      2301      2426      2358      2484 PARcau 9.728530e-01 9.042787e-03 0.018104
   119   8       1495        276  8.944  22.361 150.0 63.435     1489      266     1502      288     13     22      1494       264      1504       284      1496       288      1486       268      1464       241      1527       313 PARcau 8.953111e-04 2.139333e-05 0.999083
   120   1        773       1914  8.382  25.480 149.5 73.301      762     1908      787     1922     25     14       760      1914       785      1907       787      1915       763      1922       737      1883       812      1947 PARcau 6.398406e-04 3.216618e-04 0.999039
   120   0       2328       2449  6.000   6.000  29.0 90.000     2325     2446     2332     2453      7      7      2325      2446      2331      2446      2331      2452      2325      2452      2300      2421      2357      2478 PARcau 8.223585e-01 9.419966e-02 0.083442
   120   8       1498        283  8.544  20.616 124.0 68.199     1493      274     1505      294     12     20      1498       272      1506       291      1498       294      1490       275      1468       249      1530       319 PARcau 2.240692e-04 1.517121e-05 0.999761
   121   1        771       1916  8.544  23.409 125.5 68.962      762     1909      785     1923     23     14       760      1915       782      1907       785      1915       763      1923       737      1884       810      1948 PARcau 1.367816e-02 4.566087e-04 0.985865
   121   0       2329       2444  6.000   6.000  31.5 90.000     2327     2441     2334     2448      7      7      2327      2441      2333      2441      2333      2447      2327      2447      2302      2416      2359      2473 PARcau 9.368402e-01 4.121049e-02 0.021949
   121   8       1502        293  6.708  21.541 108.0 68.199     1498      284     1509      305     11     21      1501       282      1509       302      1503       305      1495       285      1473       259      1534       330 PARcau 5.318240e-04 2.848076e-04 0.999183
   122   1        770       1919  8.515  19.144  79.5 49.399      764     1912      783     1926     19     14       762      1920       777      1908       782      1914       768      1927       739      1887       808      1951 PARcau 7.738317e-03 6.474926e-04 0.991614
   122   0       2332       2440  6.000   7.000  32.5  0.000     2330     2437     2337     2445      7      8      2330      2437      2336      2437      2336      2444      2330      2444      2305      2412      2362      2470 PARcau 6.039411e-01 2.436545e-01 0.152404
   122   8       1506        304  9.823  22.192 159.0 75.964     1501      293     1513      315     12     22      1498       294      1508       291      1513       313      1504       315      1476       268      1538       340 PARcau 1.132038e-06 1.486224e-06 0.999997
   123   0       2335       2438  5.000   6.000  25.5 90.000     2333     2436     2340     2442      7      6      2333      2436      2339      2436      2339      2441      2333      2441      2308      2411      2365      2467 PARcau 8.940092e-01 6.004907e-02 0.045942
   123   1        774       1923  8.732  17.923  97.5 22.620      769     1913      781     1931     12     18       774      1912       782      1915       775      1932       767      1928       744      1888       806      1956 PARcau 8.007215e-03 4.885316e-05 0.991944
   123   8       1508        312 11.000  23.000 201.5 90.000     1503      301     1515      325     12     24      1503       301      1514       301      1514       324      1503       324      1478       276      1540       350 PARcau 2.057830e-03 1.435371e-08 0.997942
   124   0       2336       2437  6.000   6.000  27.0 90.000     2334     2435     2341     2442      7      7      2334      2435      2340      2435      2340      2441      2334      2441      2309      2410      2366      2467 PARcau 2.472783e-01 6.660563e-01 0.086665
   124   1        778       1925  9.000  16.000 107.0 90.000      774     1917      784     1934     10     17       774      1917       783      1917       783      1933       774      1933       749      1892       809      1959 PARcau 4.033129e-02 3.933092e-04 0.959275
   124   8       1510        320 11.000  26.000 230.5 90.000     1505      308     1517      335     12     27      1505       308      1516       308      1516       334      1505       334      1480       283      1542       360 PARcau 2.477642e-02 1.631749e-06 0.975222
   125   1        782       1926  8.944  19.235 129.0 63.435      776     1918      789     1936     13     18       781      1915       790      1932       782      1936       773      1919       751      1893       814      1961 PARcau 2.269551e-05 4.526491e-06 0.999973
   125   8       1511        330 11.000  26.000 233.0 90.000     1506      317     1518      344     12     27      1506       317      1517       317      1517       343      1506       343      1481       292      1543       369 PARcau 2.795938e-02 1.029341e-05 0.972030
   126   1        785       1928  9.220  24.042 175.5 45.000      776     1920      795     1939     19     19       780      1916       797      1933       791      1940       774      1923       751      1895       820      1964 PARcau 1.832301e-05 9.300305e-07 0.999981
   126   8       1512        336 10.000  19.000 150.5  0.000     1507      327     1518      347     11     20      1507       327      1517       327      1517       346      1507       346      1482       302      1543       372 PARcau 6.113248e-03 3.894620e-04 0.993497
   127   0       2327       2437  6.000   6.000  26.5 90.000     2324     2435     2331     2442      7      7      2324      2435      2330      2435      2330      2441      2324      2441      2299      2410      2356      2467 PARcau 7.815630e-01 5.745877e-02 0.160978
   127   1        789       1931  9.899  26.870 200.5 45.000      779     1922      800     1943     21     21       783      1918       802      1937       795      1944       776      1925       754      1897       825      1968 PARcau 7.901549e-07 1.540002e-07 0.999999
   127   8       1512        352 10.000  29.000 194.0 -0.000     1507      337     1518      367     11     30      1507       337      1517       337      1517       366      1507       366      1482       312      1543       392 PARcau 7.219679e-02 2.397004e-02 0.903833
   128   0       2322       2435  6.000   6.000  30.0 90.000     2320     2433     2327     2440      7      7      2320      2433      2326      2433      2326      2439      2320      2439      2295      2408      2352      2465 PARcau 9.848238e-01 3.995336e-03 0.011181
   128   1        792       1933  9.899  25.456 198.5 45.000      783     1924      804     1945     21     21       787      1921       805      1939       798      1946       780      1928       758      1899       829      1970 PARcau 1.555239e-03 2.181490e-04 0.998227
   128   8       1512        361 11.000  25.000 201.0 90.000     1507      350     1519      376     12     26      1507       350      1518       350      1518       375      1507       375      1482       325      1544       401 PARcau 1.770476e-01 3.119989e-06 0.822949
   129   0       2321       2432  6.000   6.000  30.0 90.000     2318     2430     2325     2437      7      7      2318      2430      2324      2430      2324      2436      2318      2436      2293      2405      2350      2462 PARcau 5.715457e-01 3.221132e-01 0.106341
   129   1        797       1937  9.899  26.870 210.5 45.000      787     1927      809     1948     22     21       791      1924       810      1943       803      1950       784      1931       762      1902       834      1973 PARcau 1.532521e-03 4.006383e-05 0.998427
   129   8       1511        371 10.000  27.000 203.0 90.000     1507      359     1518      387     11     28      1507       359      1517       359      1517       386      1507       386      1482       334      1543       412 PARcau 2.466538e-01 1.901360e-03 0.751445
   130   0       2321       2428  6.000   7.000  36.0 90.000     2319     2425     2326     2433      7      8      2319      2425      2325      2425      2325      2432      2319      2432      2294      2400      2351      2458 PARcau 9.720915e-01 1.579016e-02 0.012118
   130   1        801       1940 10.000  26.627 203.5 35.538      790     1931      813     1950     23     19       793      1928       815      1943       809      1951       787      1936       765      1906       838      1975 PARcau 9.502183e-03 8.059487e-06 0.990490
   130   8       1513        384 10.000  25.000 198.5 90.000     1508      372     1519      398     11     26      1508       372      1518       372      1518       397      1508       397      1483       347      1544       423 PARcau 5.344050e-01 3.759282e-04 0.465219
   131   0       2324       2423  6.042   7.382  35.0 26.565     2321     2420     2329     2428      8      8      2323      2418      2329      2421      2325      2427      2320      2425      2296      2395      2354      2453 PARcau 9.867606e-01 8.756816e-03 0.004483
   131   1        804       1941 10.548  27.042 209.5 33.690      794     1933      817     1951     23     18       796      1929       818      1944       813      1953       790      1938       769      1908       842      1976 PARcau 1.459444e-05 6.673956e-08 0.999985
   131   8       1514        394 10.000  27.000 222.5 90.000     1509      381     1520      409     11     28      1509       381      1519       381      1519       408      1509       408      1484       356      1545       434 PARcau 1.147007e-01 2.628044e-04 0.885037
   132   0       2326       2418  5.657   6.403  27.5 45.000     2323     2416     2330     2423      7      7      2326      2414      2330      2418      2326      2423      2322      2419      2298      2391      2355      2448 PARcau 8.989798e-01 9.154322e-02 0.009477
   132   1        809       1943 10.607  26.163 200.5 45.000      799     1935      821     1954     22     19       804      1931       822      1949       815      1957       796      1938       774      1910       846      1979 PARcau 4.231607e-05 2.945993e-07 0.999957
   132   8       1514        402 11.000  26.000 222.0  0.000     1509      389     1521      416     12     27      1509       389      1520       389      1520       415      1509       415      1484       364      1546       441 PARcau 2.295897e-02 6.266552e-05 0.976978
   133   0       2326       2416  6.000   6.000  29.0 90.000     2324     2413     2331     2420      7      7      2324      2413      2330      2413      2330      2419      2324      2419      2299      2388      2356      2445 PARcau 4.367309e-01 5.439785e-01 0.019291
   133   8       1513        404 11.000  25.000 231.5 90.000     1508      392     1520      418     12     26      1508       392      1519       392      1519       417      1508       417      1483       367      1545       443 PARcau 2.462409e-01 3.610943e-03 0.750148
   133   1        813       1946 10.817  27.459 216.5 33.690      803     1937      826     1958     23     21       805      1934       828      1949       822      1958       799      1943       778      1912       851      1983 PARcau 4.491274e-06 2.744380e-06 0.999993
   134   8       1512        401 11.597  23.759 197.0  9.462     1507      390     1520      414     13     24      1508       388      1520       390      1516       413      1505       412      1482       365      1545       439 PARcau 2.028285e-01 1.948163e-03 0.795223
   134   1        818       1949  9.605  27.500 209.5 36.870      807     1940      830     1961     23     21       810      1937       832      1954       826      1961       804      1945       782      1915       855      1986 PARcau 1.583982e-02 1.810441e-03 0.982350
   135   0       2319       2413  6.000   7.000  33.5 90.000     2316     2411     2324     2418      8      7      2316      2411      2323      2411      2323      2417      2316      2417      2291      2386      2349      2443 PARcau 3.461043e-01 4.396065e-01 0.214289
   135   8       1511        398 11.000  17.000 143.0 90.000     1506      390     1518      408     12     18      1506       390      1517       390      1517       407      1506       407      1481       365      1543       433 PARcau 3.249019e-01 1.237685e-02 0.662721
   135   1        822       1952 10.404  26.349 211.5 33.690      811     1944      835     1963     24     19       814      1940       836      1955       830      1963       808      1949       786      1919       860      1988 PARcau 1.122805e-06 6.440809e-07 0.999998
   136   0       2314       2413  6.000   7.000  33.0 90.000     2311     2411     2319     2418      8      7      2311      2411      2318      2411      2318      2417      2311      2417      2286      2386      2344      2443 PARcau 6.652120e-01 2.383968e-01 0.096391
   136   8       1510        397 10.000  13.000  94.0  0.000     1505      391     1516      405     11     14      1505       391      1515       391      1515       404      1505       404      1480       366      1541       430 PARcau 1.531838e-01 2.590631e-02 0.820910
   136   1        826       1954 10.000  27.203 213.5 34.992      815     1945      839     1964     24     19       818      1942       840      1958       834      1966       812      1950       790      1920       864      1989 PARcau 1.409357e-05 7.315841e-06 0.999979
   137   8       1508        396 10.000  11.000  79.5  0.000     1504      391     1515      403     11     12      1504       391      1514       391      1514       402      1504       402      1479       366      1540       428 PARcau 2.990975e-01 1.613694e-01 0.539533
   137   1        831       1957 10.000  26.627 211.5 34.992      820     1948      843     1968     23     20       823      1945       845      1960       839      1968       817      1953       795      1923       868      1993 PARcau 8.947620e-03 1.242676e-04 0.990928
   138   8       1507        395  9.487  10.770  75.5 21.801     1503      389     1514      401     11     12      1504       388      1514       392      1511       401      1501       397      1478       364      1539       426 PARcau 5.598643e-01 3.326633e-02 0.406869
   138   0       2310       2412  6.364   6.364  32.0 45.000     2307     2409     2315     2416      8      7      2310      2407      2315      2412      2310      2416      2306      2412      2282      2384      2340      2441 PARcau 2.848457e-01 6.065019e-01 0.108652
   138   1        835       1960 10.630  28.284 217.0 45.000      824     1950      846     1972     22     22       829      1946       849      1966       841      1973       821      1953       799      1925       871      1997 PARcau 6.673080e-04 1.288767e-04 0.999204
   139   0       2313       2411  5.657   7.071  26.5 45.000     2310     2409     2318     2416      8      7      2313      2407      2318      2412      2314      2416      2309      2411      2285      2384      2343      2441 PARcau 8.080786e-01 1.378057e-01 0.054116
   139   8       1507        392 11.314  12.728  91.0 45.000     1502      386     1514      400     12     14      1507       384      1516       393      1508       401      1499       392      1477       361      1539       425 PARcau 5.376269e-01 2.167252e-02 0.440701
   139   1        838       1963 10.000  27.803 220.0 53.130      828     1953      849     1976     21     23       833      1949       850      1971       842      1977       825      1955       803      1928       874      2001 PARcau 8.326876e-04 1.036896e-04 0.999064
   140   8       1508        390 11.000  15.000 111.5  0.000     1503      382     1515      398     12     16      1503       382      1514       382      1514       397      1503       397      1478       357      1540       423 PARcau 5.040213e-02 2.412898e-02 0.925469
   140   1        840       1966 10.817  28.018 216.5 56.310      831     1955      850     1980     19     25       836      1952       852      1975       843      1981       827      1958       806      1930       875      2005 PARcau 6.184025e-05 2.394202e-05 0.999914
   141   1        841       1969 10.308  27.409 217.5 51.340      832     1958      852     1982     20     24       837      1955       854      1977       846      1983       829      1962       807      1933       877      2007 PARcau 3.168072e-04 9.003431e-05 0.999593
   141   8       1510        388 11.314  19.105 145.0 45.000     1502      381     1519      398     17     17      1500       392      1513       378      1521       386      1508       400      1477       356      1544       423 PARcau 2.617353e-02 3.714175e-05 0.973789
   142   1        844       1971 10.308  27.409 201.5 51.340      834     1961      855     1983     21     22       839      1957       856      1979       848      1985       831      1964       809      1936       880      2008 PARcau 7.749136e-05 1.938263e-05 0.999903
   142   8       1511        388 10.735  24.377 137.0 63.435     1501      382     1523      398     22     16      1498       390      1520       379      1525       389      1503       399      1476       357      1548       423 PARcau 2.065111e-02 4.124413e-04 0.978936
   142   0       2329       2408  6.000   6.000  29.0 90.000     2326     2405     2333     2412      7      7      2326      2405      2332      2405      2332      2411      2326      2411      2301      2380      2358      2437 PARcau 7.247793e-01 2.332405e-01 0.041980
   143   0       2330       2404  6.000   7.000  33.5 90.000     2328     2401     2335     2409      7      8      2328      2401      2334      2401      2334      2408      2328      2408      2303      2376      2360      2434 PARcau 8.725706e-01 4.972146e-02 0.077708
   143   8       1515        388  8.382  26.443 145.0 75.069     1502      383     1528      396     26     13      1500       388      1526       381      1528       389      1503       396      1477       358      1553       421 PARcau 2.307263e-03 6.416162e-04 0.997051
   143   1        847       1974  9.899  26.870 209.5 45.000      837     1964      858     1986     21     22       841      1961       860      1980       853      1987       834      1968       812      1939       883      2011 PARcau 1.975062e-04 4.843049e-05 0.999754
   144   0       2330       2398  6.000   7.000  35.0 90.000     2328     2395     2335     2403      7      8      2328      2395      2334      2395      2334      2402      2328      2402      2303      2370      2360      2428 PARcau 7.855783e-01 2.941497e-02 0.185007
   144   1        851       1977  9.899  28.284 214.0 45.000      840     1966      862     1989     22     23       844      1963       864      1983       857      1990       837      1970       815      1941       887      2014 PARcau 2.201409e-02 8.191389e-06 0.977978
   144   5       3582       2883  4.000   9.000  31.0 90.000     3578     2882     3588     2887     10      5      3578      2882      3587      2882      3587      2886      3578      2886      3553      2857      3613      2912 PARcau 2.961534e-03 5.084513e-04 0.996530
   144   8       1523        388 10.050  22.091 153.5 83.660     1511      383     1534      395     23     12      1510       384      1532       382      1533       392      1511       394      1486       358      1559       420 PARcau 2.790126e-02 7.362116e-03 0.964737
   145   5       3584       2885  5.000  10.000  43.5 90.000     3579     2883     3590     2889     11      6      3579      2883      3589      2883      3589      2888      3579      2888      3554      2858      3615      2914 PARcau 3.809289e-03 7.431793e-05 0.996116
   145   0       2330       2394  6.364   6.364  30.0 45.000     2327     2391     2334     2399      7      8      2330      2390      2334      2394      2330      2399      2325      2394      2302      2366      2359      2424 PARcau 7.973056e-01 1.778736e-01 0.024821
   145   1        855       1981 10.607  27.577 228.5 45.000      845     1970      866     1993     21     23       849      1967       869      1987       861      1994       842      1975       820      1945       891      2018 PARcau 1.110497e-03 9.762085e-05 0.998792
   145   8       1529        388 11.000  23.000 194.0 90.000     1518      383     1542      395     24     12      1518       383      1541       383      1541       394      1518       394      1493       358      1567       420 PARcau 3.585579e-02 4.767497e-05 0.964097
   146   5       3585       2885  5.000   8.000  32.0 90.000     3581     2883     3590     2889      9      6      3581      2883      3589      2883      3589      2888      3581      2888      3556      2858      3615      2914 PARcau 3.108742e-02 1.445142e-04 0.968768
   146   0       2330       2392  6.708   6.708  33.5 26.565     2327     2389     2335     2397      8      8      2328      2387      2334      2390      2331      2396      2325      2393      2302      2364      2360      2422 PARcau 9.338924e-02 8.829449e-01 0.023666
   146   1        857       1983 10.548  27.042 215.0 56.310      848     1973      867     1997     19     24       854      1969       869      1992       860      1997       845      1975       823      1948       892      2022 PARcau 2.681712e-02 3.398198e-03 0.969785
   146   8       1537        389 11.000  24.000 205.0 90.000     1526      384     1551      396     25     12      1526       384      1550       384      1550       395      1526       395      1501       359      1576       421 PARcau 1.700401e-01 1.602699e-04 0.829800
   147   0       2331       2392  6.000   6.000  27.5 90.000     2328     2390     2335     2397      7      7      2328      2390      2334      2390      2334      2396      2328      2396      2303      2365      2360      2422 PARcau 5.021597e-01 4.554058e-01 0.042434
   147   5       3585       2885  6.000   7.000  29.5  0.000     3582     2882     3590     2889      8      7      3582      2882      3589      2882      3589      2888      3582      2888      3557      2857      3615      2914 PARcau 3.757166e-03 1.795980e-04 0.996063
   147   8       1539        388 10.000  23.000 198.0 90.000     1528      384     1552      395     24     11      1528       384      1551       384      1551       394      1528       394      1503       359      1577       420 PARcau 2.009076e-02 4.765050e-05 0.979862
   147   1        860       1987 10.548  27.354 211.5 59.036      851     1975      869     2001     18     26       857      1972       871      1996       862      2001       848      1978       826      1950       894      2026 PARcau 6.938759e-05 3.532300e-05 0.999895
   148   8       1539        388 10.548  25.045 198.5 86.186     1527      383     1553      395     26     12      1526       384      1551       382      1552       393      1527       394      1502       358      1578       420 PARcau 1.718089e-02 1.798611e-05 0.982801
   148   1        861       1990 10.296  27.731 210.0 63.435      854     1978      870     2004     16     26       860      1975       872      2000       863      2005       851      1980       829      1953       895      2029 PARcau 6.706972e-03 1.171597e-03 0.992121
   149   8       1539        387 10.000  26.000 192.0 90.000     1527      383     1554      394     27     11      1527       383      1553       383      1553       393      1527       393      1502       358      1579       419 PARcau 3.359450e-02 1.760052e-05 0.966388
   149   1        863       1993 10.062  27.281 210.0 63.435      856     1982      872     2008     16     26       862      1979       874      2004       865      2008       853      1984       831      1957       897      2033 PARcau 1.098297e-05 2.033918e-06 0.999987
   149   0       2338       2399  5.657   5.657  27.5 45.000     2335     2396     2342     2403      7      7      2338      2395      2342      2399      2338      2403      2334      2399      2310      2371      2367      2428 PARcau 8.662620e-01 1.235432e-01 0.010195