 Frame  ID  CentroidX  CentroidY  Width  Length  Area  Angle  Box_TLX  Box_TLY  Box_BRX  Box_BRY  Box_W  Box_H  rBox_TLX  rBox_TLY  rBox_TRX  rBox_TRY  rBox_BRX  rBox_BRY  rBox_BLX  rBox_BLY  lBox_TLX  lBox_TLY  lBox_BRX  lBox_BRY  Label       DIDnas       NONpro   PARcau
    21   0        258        921  6.000   8.000  32.0   90.0      255      918      264      925      9      7       255       918       263       918       263       924       255       924       230       893       289       950 PARcau 5.384099e-03 8.097711e-05 0.994535
    22   1       1718       2038  6.000   6.000  27.5   90.0     1716     2035     1723     2042      7      7      1716      2035      1722      2035      1722      2041      1716      2041      1691      2010      1748      2067 PARcau 8.139388e-01 1.613783e-01 0.024683
    23   1       1722       2038  5.657   5.657  27.0   45.0     1720     2035     1727     2042      7      7      1723      2034      1727      2038      1723      2042      1719      2038      1695      2010      1752      2067 PARcau 7.274015e-01 1.363959e-01 0.136203
    23   0        264        910  6.000   7.000  29.0   90.0      261      908      269      915      8      7       261       908       268       908       268       914       261       914       236       883       294       940 PARcau 6.799414e-06 1.090841e-07 0.999993
    24   1       1726       2040  5.000   6.000  26.0   90.0     1724     2038     1730     2045      6      7      1724      2038      1729      2038      1729      2044      1724      2044      1699      2013      1755      2070 PARcau 8.146479e-01 1.530813e-01 0.032271
    24   0        270        910  5.657   8.485  34.5   45.0      266      908      275      915      9      7       269       906       275       912       271       916       265       910       241       883       300       940 PARcau 9.034814e-07 5.679416e-10 0.999999
    25   0        275        915  5.000   7.071  25.5   45.0      272      913      279      920      7      7       274       911       279       916       276       920       271       915       247       888       304       945 PARcau 6.689722e-05 1.595871e-06 0.999931
    37   1       1754       2017  5.000   6.000  26.5   90.0     1751     2015     1758     2021      7      6      1751      2015      1757      2015      1757      2020      1751      2020      1726      1990      1783      2046 PARcau 4.444639e-01 5.175268e-01 0.038009
    43   0        305        919  4.950   6.364  28.0   45.0      302      916      310      923      8      7       304       915       309       919       305       923       301       918       277       891       335       948 PARcau 3.236971e-03 1.513493e-03 0.995250
    49   0        321        911  5.657   7.071  30.0   45.0      318      908      325      916      7      8       320       907       325       912       321       916       316       911       293       883       350       941 PARcau 1.918930e-01 2.237600e-02 0.785731