 Frame  ID  CentroidX  CentroidY  Width  Length  Area  Angle  Box_TLX  Box_TLY  Box_BRX  Box_BRY  Box_W  Box_H  rBox_TLX  rBox_TLY  rBox_TRX  rBox_TRY  rBox_BRX  rBox_BRY  rBox_BLX  rBox_BLY  lBox_TLX  lBox_TLY  lBox_BRX  lBox_BRY  Label       DIDnas       NONpro   PARcau
    21   0        591       2697 11.180  24.331 168.0 80.538      586     2686      599     2710     13     24       584      2686       595      2684       599      2708       588      2710       561      2661       624      2735 PARcau 1.129208e-01 1.051735e-03 0.886028
    21   1       2609        716  5.000  10.000  29.5 90.000     2606      714     2617      720     11      6      2606       714      2616       714      2616       719      2606       719      2581       689      2642       745 PARcau 2.130785e-04 1.972238e-05 0.999767
    21   2       1039        454 12.083  26.833 234.0 26.565     1032      442     1047      469     15     27      1027       464      1039       440      1050       445      1038       469      1007       417      1072       494 PARcau 9.805771e-04 2.242398e-05 0.998997
    21   3        527        202 11.314  19.105 167.0 45.000      519      195      537      211     18     16       517       205       531       192       539       200       525       213       494       170       562       236 PARcau 6.160123e-04 1.702053e-08 0.999384
    22   1       2608        715  5.000   8.000  30.0 90.000     2605      713     2614      719      9      6      2605       713      2613       713      2613       718      2605       718      2580       688      2639       744 PARcau 2.168913e-05 5.443416e-06 0.999973
    22   0        590       2693  9.055  24.331 137.0 81.254      586     2683      598     2708     12     25       584      2683       593      2682       597      2706       588      2707       561      2658       623      2733 PARcau 4.381854e-01 3.939206e-03 0.557875
    22   3        530        199 10.630  16.971 130.0 45.000      523      193      539      207     16     14       521       201       533       189       541       196       529       208       498       168       564       232 PARcau 2.321525e-05 5.695030e-06 0.999971
    22   2       1036        465 11.705  27.514 238.5 18.435     1030      452     1044      480     14     28      1035       450      1046       454      1037       480      1026       476      1005       427      1069       505 PARcau 3.141759e-02 1.680953e-03 0.966901
    23   0        590       2690  9.552  24.047 135.5 86.820      586     2681      597     2706     11     25       585      2681       594      2680       596      2704       586      2705       561      2656       622      2731 PARcau 1.470743e-01 1.540390e-04 0.852772
    23   3        534        197 12.000  13.000 107.0 90.000      528      191      542      204     14     13       528       191       541       191       541       203       528       203       503       166       567       229 PARcau 9.844116e-04 1.320036e-04 0.998884
    23   2       1033        475 11.543  27.042 235.0 18.435     1028      463     1042      490     14     27      1032       461      1043       464      1034       490      1023       486      1003       438      1067       515 PARcau 3.797737e-03 4.679174e-05 0.996155
    24   0        590       2687  9.000  19.000 126.5 90.000      586     2679      596     2699     10     20       586      2679       595      2679       595      2698       586      2698       561      2654       621      2724 PARcau 3.583442e-01 4.295914e-03 0.637360
    24   3        538        194  7.616  15.652  99.0 63.435      532      188      547      201     15     13       530       194       544       187       547       194       533       201       507       163       572       226 PARcau 1.385619e-04 1.130978e-05 0.999850
    24   2       1031        484 11.543  27.042 244.0 18.435     1025      472     1039      499     14     27      1030       470      1041       474      1032       499      1021       496      1000       447      1064       524 PARcau 5.002330e-03 7.595444e-05 0.994922
    25   3        539        194  7.616  15.652  89.0 63.435      532      188      547      201     15     13       531       194       545       187       548       194       534       201       507       163       572       226 PARcau 9.424682e-06 6.545093e-06 0.999984
    25   0        590       2686  9.618  23.927 150.0 78.690      585     2676      596     2701     11     25       583      2677       593      2675       597      2699       588      2700       560      2651       621      2726 PARcau 4.783999e-02 2.949020e-04 0.951865
    25   2       1028        492 11.543  26.725 232.0 18.435     1021      480     1037      506     16     26      1027       478      1038       481      1030       507      1019       503       996       455      1062       531 PARcau 1.941928e-03 9.790530e-04 0.997079
    26   3        538        193  7.500  15.240  53.5 49.399      533      188      547      201     14     13       530       195       542       185       546       191       535       201       508       163       572       226 PARcau 3.303553e-05 4.711490e-06 0.999962
    26   0        589       2684  9.000  23.000 147.5 90.000      585     2674      595     2698     10     24       585      2674       594      2674       594      2697       585      2697       560      2649       620      2723 PARcau 1.265322e-04 1.615772e-06 0.999872
    26   2       1025        498 11.180  26.833 234.0 26.565     1017      486     1034      511     17     25      1014       507      1026       483      1036       488      1024       512       992       461      1059       536 PARcau 5.509669e-04 3.565356e-04 0.999092
    26   1       2613        726  5.000  11.000  36.5 90.000     2609      724     2621      730     12      6      2609       724      2620       724      2620       729      2609       729      2584       699      2646       755 PARcau 1.618771e-03 1.076810e-04 0.998273
    27   0        589       2681  9.000  23.000 143.5 90.000      585     2672      595     2696     10     24       585      2672       594      2672       594      2695       585      2695       560      2647       620      2721 PARcau 4.255456e-04 1.317459e-05 0.999561
    27   1       2614        728  7.071  15.556  76.5 45.000     2608      723     2622      735     14     12      2606       731      2617       720      2622       725      2611       736      2583       698      2647       760 PARcau 3.966284e-05 9.317262e-05 0.999867
    27   2       1021        501 11.102  27.042 233.5 33.690     1011      490     1031      513     20     23      1009       509      1024       487      1033       493      1018       516       986       465      1056       538 PARcau 9.645591e-06 7.293585e-08 0.999990
    28   0        589       2679  9.000  22.000 147.0 90.000      585     2669      595     2692     10     23       585      2669       594      2669       594      2691       585      2691       560      2644       620      2717 PARcau 8.334598e-04 1.549216e-06 0.999165
    28   1       2612        730  8.602  17.205 102.5 36.870     2606      723     2621      738     15     15      2604       734      2614       720      2621       725      2611       739      2581       698      2646       763 PARcau 2.558582e-04 1.445134e-04 0.999600
    28   2       1017        503 11.314  26.870 236.0 45.000     1006      493     1028      515     22     22      1003       509      1022       490      1030       498      1011       517       981       468      1053       540 PARcau 2.089581e-06 1.394926e-06 0.999997
    29   0        589       2678  9.000  23.000 158.5 90.000      585     2667      595     2691     10     24       585      2667       594      2667       594      2690       585      2690       560      2642       620      2716 PARcau 9.151191e-03 4.562615e-05 0.990803
    29   1       2611        731  8.201  18.901 109.0 36.870     2605      724     2620      740     15     16      2602       736      2614       721      2620       726      2609       741      2580       699      2645       765 PARcau 1.122672e-03 2.641940e-05 0.998851
    29   2       1012        506 11.314  26.870 231.0 45.000     1001      496     1023      517     22     21       998       512      1017       493      1025       501      1006       520       976       471      1048       542 PARcau 4.310791e-06 5.348240e-07 0.999995
    29   4        326        421  8.000  11.000  60.0  0.000      322      416      331      428      9     12       322       416       330       416       330       427       322       427       297       391       356       453 PARcau 5.930612e-04 4.186797e-07 0.999407
    30   4        326        422  9.000  12.000  67.5  0.000      322      416      332      429     10     13       322       416       331       416       331       428       322       428       297       391       357       454 PARcau 6.286323e-04 6.469844e-06 0.999365
    30   0        589       2677  9.000  23.000 127.0 90.000      585     2668      595     2692     10     24       585      2668       594      2668       594      2691       585      2691       560      2643       620      2717 PARcau 1.587459e-03 1.264324e-05 0.998400
    30   1       2610        732  7.211  19.416 102.5 33.690     2604      724     2618      741     14     17      2602       738      2613       722      2619       726      2608       742      2579       699      2643       766 PARcau 3.863015e-05 1.593234e-04 0.999802
    30   2       1008        508 11.314  26.870 226.0 45.000      998      499     1020      519     22     20       995       514      1014       495      1022       503      1003       522       973       474      1045       544 PARcau 8.783771e-03 1.137080e-04 0.991102
    31   4        326        422  7.778  12.021  61.5 45.000      322      417      332      430     10     13       325       415       334       424       328       429       320       421       297       392       357       455 PARcau 1.216007e-03 6.318112e-06 0.998778
    31   1       2610        733  7.211  18.028  99.5 35.538     2603      726     2618      742     15     16      2602       738      2612       723      2618       727      2608       742      2578       701      2643       767 PARcau 4.328689e-04 6.381410e-05 0.999503
    31   2       1008        509 11.314  24.042 208.0 45.000      998      500     1018      520     20     20       995       514      1012       497      1020       505      1003       522       973       475      1043       545 PARcau 1.312811e-02 6.550879e-05 0.986806
    31   0        588       2675  8.631  14.714  88.0 80.538      584     2669      594     2685     10     16       583      2669       591      2668       594      2682       585      2684       559      2644       619      2710 PARcau 2.277793e-03 1.725022e-05 0.997705
    32   4        326        423  7.159  11.885  44.0 68.199      322      418      332      430     10     12       321       419       327       416       332       427       325       430       297       393       357       455 PARcau 3.160051e-02 2.445432e-04 0.968155
    32   1       2609        734  7.071  19.799  85.5 45.000     2602      726     2618      742     16     16      2600       738      2614       724      2619       729      2605       743      2577       701      2643       767 PARcau 9.997197e-05 4.485013e-05 0.999855
    32   2       1011        508 12.649  22.136 198.0 18.435     1004      497     1020      519     16     22      1009       495      1021       499      1014       520      1002       516       979       472      1045       544 PARcau 1.026534e-04 4.207775e-06 0.999893
    32   0        585       2675 10.000  12.806  70.5 38.660      580     2671      593     2685     13     14       583      2668       593      2676       587      2684       577      2676       555      2646       618      2710 PARcau 2.707083e-04 4.493811e-06 0.999725
    33   1       2608        735  7.071  18.385  71.0 45.000     2601      727     2616      742     15     15      2599       738      2612       725      2617       730      2604       743      2576       702      2641       767 PARcau 8.011556e-04 9.001429e-05 0.999109
    33   0        581       2678  9.487  15.232  77.5 20.556      576     2673      592     2684     16     11       577      2671       591      2677       588      2686       574      2680       551      2648       617      2709 PARcau 3.330217e-05 1.304328e-07 0.999967
    33   2       1016        504 12.258  23.286 199.5 75.964     1010      493     1024      516     14     23      1007       494      1019       491      1025       514      1013       516       985       468      1049       541 PARcau 7.870468e-03 1.113531e-03 0.991016
    34   1       2607        735  7.071  16.971  42.0 45.000     2600      729     2615      744     15     15      2598       739      2610       727      2615       732      2603       744      2575       704      2640       769 PARcau 1.500968e-03 5.951388e-04 0.997904
    34   0        579       2679  9.849  13.416  93.5 26.565      573     2674      587     2685     14     11       575      2671       587      2677       583      2686       571      2680       548      2649       612      2710 PARcau 1.905583e-03 2.516312e-06 0.998092
    34   2       1020        502 11.314  24.042 187.0 45.000     1011      492     1031      512     20     20      1015       489      1032       506      1024       514      1007       497       986       467      1056       537 PARcau 1.655497e-02 1.838935e-03 0.981606
    35   0        577       2679 10.308  16.008 115.5 14.036      570     2675      587     2686     17     11       571      2672       586      2676       584      2686       568      2682       545      2650       612      2711 PARcau 2.073362e-03 4.997223e-04 0.997427
    35   2       1024        500 11.068  25.933 200.0 18.435     1013      494     1038      509     25     15      1014       491      1038       499      1035       510      1010       501       988       469      1063       534 PARcau 2.462849e-01 8.185526e-03 0.745530
    36   0        577       2679  9.000  17.000 117.5 90.000      569     2675      587     2685     18     10       569      2675       586      2675       586      2684       569      2684       544      2650       612      2710 PARcau 7.186645e-04 3.747232e-05 0.999244
    36   2       1030        498 11.045  25.179 183.5 83.660     1017      493     1043      505     26     12      1016       494      1041       491      1042       502      1017       505       992       468      1068       530 PARcau 8.064459e-01 1.134127e-03 0.192420
    37   0        576       2679 10.000  18.000 136.0 90.000      567     2674      586     2685     19     11       567      2674       585      2674       585      2684       567      2684       542      2649       611      2710 PARcau 7.867584e-04 3.057848e-06 0.999210
    37   2       1036        494 10.308  24.885 192.0 68.199     1024      487     1049      502     25     15      1022       494      1045       484      1049       494      1026       503       999       462      1074       527 PARcau 5.212226e-02 2.636452e-04 0.947614
    38   0        575       2679 10.000  19.000 133.0  0.000      566     2674      586     2685     20     11       566      2674       585      2674       585      2684       566      2684       541      2649       611      2710 PARcau 9.005883e-03 1.934870e-04 0.990801
    38   2       1041        489 10.000  25.807 205.0 53.973     1031      480     1053      499     22     19      1028       493      1049       478      1055       486      1034       501      1006       455      1078       524 PARcau 4.469601e-06 1.517045e-08 0.999995
    39   0        573       2678  9.000  22.000 147.0 90.000      562     2675      585     2685     23     10       562      2675       584      2675       584      2684       562      2684       537      2650       610      2710 PARcau 3.111605e-02 7.113420e-05 0.968813
    39   2       1044        486 11.314  25.456 205.0 45.000     1034      476     1055      497     21     21      1031       491      1049       473      1057       481      1039       499      1009       451      1080       522 PARcau 9.368687e-06 3.544138e-07 0.999990
    40   0        570       2678  9.000  24.000 145.5 90.000      559     2675      584     2685     25     10       559      2675       583      2675       583      2684       559      2684       534      2650       609      2710 PARcau 4.911669e-03 2.040675e-05 0.995068
    40   2       1047        483 10.607  26.163 208.5 45.000     1038      472     1058      494     20     22      1035       489      1053       470      1061       478      1042       496      1013       447      1083       519 PARcau 4.354423e-05 1.704876e-06 0.999955
    41   0        567       2678  9.000  25.000 140.5  0.000      557     2674      583     2684     26     10       557      2674       582      2674       582      2683       557      2683       532      2649       608      2709 PARcau 1.486815e-02 3.195977e-05 0.985100
    41   2       1051        479 10.607  26.163 219.5 45.000     1041      469     1062      490     21     21      1038       484      1057       466      1064       473      1046       492      1016       444      1087       515 PARcau 9.221836e-04 1.580718e-05 0.999062
    41   1       2592        743  5.657  11.314  47.5 45.000     2587      740     2599      748     12      8      2586       745      2594       737      2598       741      2590       749      2562       715      2624       773 PARcau 7.414230e-04 2.085248e-05 0.999238
    42   0        564       2678  9.000  25.000 123.0 90.000      555     2674      581     2684     26     10       555      2674       580      2674       580      2683       555      2683       530      2649       606      2709 PARcau 5.294113e-02 4.409125e-04 0.946618
    42   1       2590        744  6.964  15.890  77.0 66.038     2583      740     2598      750     15     10      2582       744      2596       738      2599       744      2584       751      2558       715      2623       775 PARcau 4.469706e-04 3.791974e-06 0.999549
    42   2       1054        474  9.899  26.870 220.5 45.000     1044      464     1066      485     22     21      1042       480      1061       461      1068       468      1049       487      1019       439      1091       510 PARcau 5.970053e-04 6.127629e-05 0.999342
    43   1       2588        745  7.762  17.586 100.0 75.964     2580      741     2598      751     18     10      2579       744      2596       739      2598       747      2581       751      2555       716      2623       776 PARcau 1.019429e-05 7.353428e-07 0.999989
    43   0        562       2678  9.000  18.000 118.0 90.000      554     2674      573     2684     19     10       554      2674       572      2674       572      2683       554      2683       529      2649       598      2709 PARcau 2.602708e-02 4.656996e-05 0.973926
    43   2       1058        470  9.899  26.870 221.5 45.000     1048      460     1071      481     23     21      1046       476      1065       457      1072       464      1053       483      1023       435      1096       506 PARcau 4.093676e-06 1.189697e-07 0.999996
    44   0        561       2678  9.000  20.000 114.5 90.000      552     2674      573     2684     21     10       552      2674       572      2674       572      2683       552      2683       527      2649       598      2709 PARcau 3.547831e-02 1.153134e-04 0.964406
    44   1       2586        746  8.078  19.138 112.5 69.444     2577      742     2597      752     20     10      2576       746      2594       740      2597       747      2579       754      2552       717      2622       777 PARcau 2.373788e-02 1.071537e-04 0.976155
    44   2       1064        464 10.607  27.577 217.0 45.000     1054      455     1076      476     22     21      1051       471      1070       451      1078       459      1058       478      1029       430      1101       501 PARcau 2.700314e-07 3.402692e-08 1.000000
    45   0        559       2678  8.062  18.111 113.0  7.125      550     2674      569     2684     19     10       550      2673       568      2675       567      2683       549      2681       525      2649       594      2709 PARcau 4.163921e-03 3.308359e-05 0.995803
    45   1       2582        748  8.139  20.887 121.5 77.471     2573      744     2594      754     21     10      2572       746      2592       742      2594       750      2573       754      2548       719      2619       779 PARcau 4.397784e-02 3.360262e-04 0.955686
    45   2       1069        459 10.607  26.163 221.0 45.000     1059      449     1081      470     22     21      1056       464      1075       446      1082       453      1064       472      1034       424      1106       495 PARcau 2.253003e-03 5.174264e-06 0.997742
    46   1       2580        748  8.000  22.000 129.0 90.000     2569      745     2592      754     23      9      2569       745      2591       745      2591       753      2569       753      2544       720      2617       779 PARcau 1.054378e-02 2.203469e-04 0.989236
    46   0        558       2678  8.246  25.710 126.5 12.529      548     2673      573     2684     25     11       548      2671       573      2677       571      2685       546      2679       523      2648       598      2709 PARcau 5.954340e-02 8.286637e-05 0.940374
    46   2       1074        454  9.899  26.870 222.5 45.000     1064      444     1086      465     22     21      1061       460      1080       441      1087       448      1068       467      1039       419      1111       490 PARcau 5.528309e-09 8.277056e-11 1.000000
    47   1       2578        749  7.000  21.000 124.0 90.000     2568      746     2590      754     22      8      2568       746      2589       746      2589       753      2568       753      2543       721      2615       779 PARcau 4.205106e-01 5.070078e-03 0.574419
    47   0        554       2677  8.246  24.739 133.0 14.036      545     2672      570     2684     25     12       545      2670       569      2676       567      2684       543      2678       520      2647       595      2709 PARcau 3.288288e-02 8.373032e-05 0.967033
    47   2       1080        448 10.607  26.163 213.0 45.000     1070      439     1091      459     21     20      1067       454      1086       436      1093       443      1075       462      1045       414      1116       484 PARcau 2.009995e-03 5.869361e-06 0.997984
    48   1       2576        749  8.000  22.000 111.5 90.000     2566      746     2589      755     23      9      2566       746      2588       746      2588       754      2566       754      2541       721      2614       780 PARcau 2.233371e-01 3.831064e-03 0.772832
    48   0        551       2676  9.192  24.052 125.5 21.038      543     2671      566     2683     23     12       544      2668       566      2677       563      2685       540      2677       518      2646       591      2708 PARcau 5.076698e-02 1.334612e-04 0.949100
    48   2       1086        442  9.899  25.456 218.5 45.000     1076      433     1097      454     21     21      1074       448      1092       430      1099       437      1081       455      1051       408      1122       479 PARcau 1.608774e-06 2.618403e-08 0.999998
    49   1       2573        749  8.000  22.000 111.5 90.000     2563      746     2586      755     23      9      2563       746      2585       746      2585       754      2563       754      2538       721      2611       780 PARcau 2.376407e-01 8.696156e-04 0.761490
    49   0        549       2675  8.944  19.235 128.0 26.565      541     2669      559     2683     18     14       542      2667       559      2676       555      2684       538      2675       516      2644       584      2708 PARcau 2.641390e-01 1.507115e-03 0.734354
    49   2       1092        436  9.899  25.456 210.5 45.000     1083      426     1103      447     20     21      1080       442      1098       424      1105       431      1087       449      1058       401      1128       472 PARcau 1.011492e-05 1.083331e-06 0.999989
    50   0        548       2674  8.746  20.408 121.0 30.964      540     2669      559     2682     19     13       542      2666       559      2676       555      2684       537      2673       515      2644       584      2707 PARcau 7.283477e-02 1.449159e-03 0.925716
    50   1       2570        749  6.083  23.345  96.5  9.462     2560      745     2584      754     24      9      2560       744      2583       748      2582       754      2559       750      2535       720      2609       779 PARcau 3.129352e-03 1.073380e-04 0.996763
    50   2       1098        429 11.011  25.164 212.0 39.806     1089      418     1108      440     19     22      1086       435      1102       416      1111       423      1094       442      1064       393      1133       465 PARcau 5.415508e-05 8.894926e-08 0.999946
    51   0        547       2674  8.500  19.007 114.5 26.565      540     2669      558     2682     18     13       542      2667       559      2675       555      2683       538      2674       515      2644       583      2707 PARcau 8.522470e-02 1.117200e-03 0.913658
    51   1       2568        748  6.083  20.224  88.5  8.130     2559      745     2580      754     21      9      2559       744      2579       747      2578       753      2558       750      2534       720      2605       779 PARcau 1.435567e-02 6.922351e-04 0.984952
    51   2       1103        422 11.102  26.005 212.0 37.875     1094      410     1112      433     18     23      1091       429      1107       408      1116       415      1100       435      1069       385      1137       458 PARcau 2.054079e-05 2.492204e-07 0.999979
    52   1       2565        748  6.576  18.173  68.5  8.130     2557      745     2576      753     19      8      2557       744      2575       746      2574       753      2556       750      2532       720      2601       778 PARcau 2.423672e-01 8.453365e-04 0.756787
    52   0        548       2675  7.280  15.811  83.0 18.435      541     2671      556     2681     15     10       541      2669       556      2674       554      2681       539      2676       516      2646       581      2706 PARcau 1.161933e-01 7.706579e-03 0.876100
    52   2       1107        414 11.402  25.000 222.5 36.870     1099      402     1117      426     18     24      1096       420      1111       400      1120       407      1105       427      1074       377      1142       451 PARcau 2.070692e-04 4.725095e-07 0.999793
    53   1       2563        748  6.083  17.117  56.5  7.125     2556      745     2574      753     18      8      2556       744      2573       746      2572       752      2555       750      2531       720      2599       778 PARcau 7.223768e-03 4.760474e-04 0.992300
    53   0        544       2677  8.559  14.221  60.5 78.690      539     2673      554     2683     15     10       538      2674       552      2671       553      2680       539      2682       514      2648       579      2708 PARcau 1.703264e-01 4.768067e-03 0.824906
    53   2       1112        406 11.402  26.401 218.5 36.870     1104      394     1122      418     18     24      1100       412      1116       391      1125       398      1109       419      1079       369      1147       443 PARcau 1.830727e-04 7.667317e-04 0.999050
    54   1       2562        747  6.000  15.000  39.5 90.000     2555      745     2571      752     16      7      2555       745      2570       745      2570       751      2555       751      2530       720      2596       777 PARcau 2.893832e-03 3.142313e-04 0.996792
    54   0        542       2681  8.500  17.671  77.0 63.435      536     2674      554     2686     18     12       534      2679       550      2672       554      2679       538      2687       511      2649       579      2711 PARcau 7.334391e-03 3.708559e-05 0.992628
    54   2       1117        397 10.296  26.077 214.5 30.964     1109      386     1127      409     18     23      1106       405      1120       383      1129       388      1115       410      1084       361      1152       434 PARcau 1.406403e-04 7.527057e-05 0.999784
    55   1       2560        747  6.000  13.000  44.0 90.000     2554      745     2568      752     14      7      2554       745      2567       745      2567       751      2554       751      2529       720      2593       777 PARcau 2.249613e-03 6.299375e-04 0.997120
    55   0        540       2683  8.944  17.889 131.0 63.435      532     2677      550     2690     18     13       530      2683       546      2675       550      2683       534      2691       507      2652       575      2715 PARcau 5.184319e-03 3.564930e-05 0.994780
    55   2       1123        388 10.630  26.249 225.0 39.806     1115      377     1134      401     19     24      1111       395      1128       375      1136       382      1119       402      1090       352      1159       426 PARcau 1.012129e-04 1.724343e-06 0.999897
    56   0        539       2685 10.404  20.524 164.0 56.310      530     2678      550     2693     20     15       527      2686       544      2675       550      2683       533      2695       505      2653       575      2718 PARcau 4.555959e-02 7.587734e-04 0.953682
    56   2       1130        380 10.000  27.203 221.0 36.870     1121      369     1141      392     20     23      1118       388      1134       366      1142       372      1126       394      1096       344      1166       417 PARcau 9.724514e-07 3.623665e-08 0.999999
    57   0        538       2685 10.404  21.708 176.5 51.340      528     2678      549     2694     21     16       526      2688       543      2675       549      2683       532      2697       503      2653       574      2719 PARcau 1.306221e-02 5.310892e-03 0.981627
    57   2       1136        372 11.102  26.800 226.0 36.870     1127      362     1148      384     21     22      1124       380      1140       358      1149       365      1133       386      1102       337      1173       409 PARcau 1.251218e-05 1.108774e-07 0.999987
    58   0        536       2687 10.000  23.022 177.0 56.310      527     2679      548     2696     21     17       524      2689       543      2676       549      2684       530      2697       502      2654       573      2721 PARcau 1.796508e-01 2.589120e-03 0.817760
    58   2       1144        365  9.899  25.456 204.5 45.000     1134      356     1155      376     21     20      1132       371      1150       353      1157       360      1139       378      1109       331      1180       401 PARcau 1.997973e-04 9.606766e-06 0.999791
    59   0        536       2687 10.000  23.601 175.0 53.130      527     2679      547     2697     20     18       523      2690       542      2676       548      2684       529      2698       502      2654       572      2722 PARcau 5.305962e-02 4.298672e-04 0.946510
    59   2       1151        358  9.899  26.870 208.5 45.000     1142      349     1163      369     21     20      1139       364      1158       345      1165       352      1146       371      1117       324      1188       394 PARcau 5.082534e-05 4.515805e-06 0.999945
    60   0        535       2688  9.899  24.083 170.0 47.726      525     2680      546     2699     21     19       522      2693       540      2677       547      2684       529      2700       500      2655       571      2724 PARcau 9.817786e-02 1.644238e-03 0.900178
    60   2       1159        352  9.899  25.456 218.5 45.000     1149      342     1171      363     22     21      1147       357      1165       339      1172       346      1154       364      1124       317      1196       388 PARcau 6.386759e-04 1.558101e-03 0.997803
    61   0        533       2691  9.899  25.456 174.5 45.000      523     2682      544     2701     21     19       520      2696       538      2678       545      2685       527      2703       498      2657       569      2726 PARcau 3.119743e-02 5.063358e-03 0.963739
    61   2       1167        345  9.899  25.456 206.0 45.000     1157      335     1178      356     21     21      1155       351      1173       333      1180       340      1162       358      1132       310      1203       381 PARcau 4.845691e-03 2.303932e-04 0.994924
    62   0        530       2693  9.220  24.839 162.0 50.194      520     2684      543     2702     23     18       518      2697       537      2681       543      2688       524      2704       495      2659       568      2727 PARcau 1.335857e-01 8.843075e-02 0.777983
    62   2       1173        338 10.607  26.163 218.5 45.000     1163      328     1183      350     20     22      1160       344      1179       326      1186       333      1168       352      1138       303      1208       375 PARcau 3.937295e-04 2.411875e-05 0.999582
    63   0        527       2695  9.862  25.812 140.0 57.995      519     2684      541     2703     22     19       516      2696       538      2683       543      2691       521      2705       494      2659       566      2728 PARcau 4.652797e-02 2.293076e-03 0.951179
    63   2       1179        331 10.630  26.249 213.5 39.806     1170      319     1189      342     19     23      1167       337      1184       317      1192       324      1175       344      1145       294      1214       367 PARcau 2.139229e-03 7.572809e-06 0.997853
    64   0        525       2696  9.434  20.248 129.0 59.036      517     2689      537     2704     20     15       515      2697       532      2686       537      2694       520      2705       492      2664       562      2729 PARcau 5.544756e-02 2.632627e-05 0.944526
    64   1       2547        741  5.852  12.298  29.5 63.435     2543      738     2553      749     10     11      2548       736      2553       747      2548       749      2542       738      2518       713      2578       774 PARcau 1.623062e-06 4.716537e-07 0.999998
    64   2       1184        322 10.817  26.077 214.5 33.690     1176      311     1193      335     17     24      1173       330      1187       308      1196       314      1182       336      1151       286      1218       360 PARcau 2.163136e-06 2.031895e-07 0.999998
    65   0        524       2696  9.708  19.602 123.0 53.130      517     2691      536     2704     19     13       514      2698       530      2686       535      2694       520      2706       492      2666       561      2729 PARcau 4.027975e-02 2.086343e-05 0.959699
    65   1       2546        741  6.364  17.678  77.5 45.000     2541      735     2553      751     12     16      2543       733      2556       746      2551       750      2539       738      2516       710      2578       776 PARcau 3.461620e-03 4.706711e-03 0.991832
    65   2       1189        314 11.180  26.833 220.5 26.565     1180      302     1198      327     18     25      1178       323      1190       299      1200       304      1188       328      1155       277      1223       352 PARcau 1.425839e-04 5.820278e-06 0.999852
    65   3        526        161  6.265  10.062  43.5 63.435      523      157      531      167      8     10       521       158       526       155       531       164       525       167       498       132       556       192 PARcau 3.778912e-06 1.697978e-08 0.999996
    66   0        523       2697  9.434  19.416 106.5 56.310      516     2692      535     2704     19     12       514      2698       530      2687       535      2695       519      2706       491      2667       560      2729 PARcau 6.382633e-03 1.361278e-04 0.993481
    66   1       2545        739  7.071  18.385  88.0 45.000     2539      732     2553      749     14     17      2542       731      2555       744      2550       749      2537       736      2514       707      2578       774 PARcau 1.102000e-03 3.828734e-05 0.998860
    66   2       1194        305 11.102  28.430 234.5 33.690     1185      292     1203      318     18     26      1182       313      1198       289      1207       296      1191       319      1160       267      1228       343 PARcau 3.150159e-06 8.681880e-08 0.999997
    67   1       2543        737  7.071  19.209  93.5 51.340     2537      730     2551      747     14     17      2540       727      2552       742      2547       747      2535       732      2512       705      2576       772 PARcau 2.668481e-03 5.218534e-05 0.997279
    67   0        522       2697  9.014  15.532  96.0 56.310      516     2692      531     2704     15     12       513      2698       526      2690       531      2697       518      2706       491      2667       556      2729 PARcau 2.910009e-04 6.591354e-07 0.999708
    67   2       1199        295 10.735  27.951 227.0 26.565     1191      283     1209      309     18     26      1188       305      1201       280      1210       285      1198       310      1166       258      1234       334 PARcau 6.286959e-05 4.823282e-06 0.999932
    68   0        521       2697  8.276  14.089  63.5 63.435      515     2692      530     2704     15     12       513      2697       526      2691       529      2698       517      2705       490      2667       555      2729 PARcau 2.454851e-02 6.064511e-05 0.975391
    68   1       2542        734  7.500  20.402  99.5 54.462     2536      727     2550      746     14     19      2539       725      2551       742      2545       746      2533       730      2511       702      2575       771 PARcau 1.154934e-04 1.132099e-05 0.999873
    68   2       1205        286 10.548  27.879 229.5 32.005     1196      275     1215      299     19     24      1193       295      1208       272      1217       277      1202       301      1171       250      1240       324 PARcau 7.293400e-06 5.033154e-06 0.999988
    69   0        519       2699  7.632  14.151  48.0 56.310      514     2693      526     2704     12     11       512      2699       524      2692       528      2698       516      2706       489      2668       551      2729 PARcau 2.119084e-05 3.442704e-07 0.999978
    69   1       2540        733  7.211  21.401 111.5 53.130     2534      724     2549      744     15     20      2537       723      2550       740      2544       744      2531       727      2509       699      2574       769 PARcau 3.689338e-04 2.484183e-04 0.999383
    69   2       1212        278 11.011  28.901 233.0 38.660     1203      267     1223      290     20     23      1199       286      1217       263      1225       270      1208       293      1178       242      1248       315 PARcau 6.698517e-05 1.231770e-05 0.999921
    70   1       2538        729  8.322  22.897 129.5 57.995     2531      720     2547      742     16     22      2535       718      2547       737      2540       742      2528       722      2506       695      2572       767 PARcau 3.016723e-04 7.836598e-04 0.998915
    70   2       1220        270 11.314  26.870 236.0 45.000     1210      260     1232      282     22     22      1207       276      1226       257      1234       265      1215       284      1185       235      1257       307 PARcau 5.395795e-07 8.440229e-09 0.999999
    71   1       2537        727  8.078  22.655 121.0 68.199     2532      717     2545      739     13     22      2536       716      2544       737      2537       740      2528       719      2507       692      2570       764 PARcau 4.099151e-03 3.716434e-04 0.995529
    71   0        515       2701  5.657   8.485  30.5 45.000      512     2698      520     2706      8      8       510      2702       516      2696       520      2700       514      2706       487      2673       545      2731 PARcau 9.562934e-02 3.907698e-04 0.903980
    71   2       1229        264 11.314  27.586 244.5 45.000     1218      254     1241      275     23     21      1215       269      1235       250      1243       258      1223       277      1193       229      1266       300 PARcau 7.529101e-06 2.518312e-07 0.999992
    72   1       2536        725  8.078  19.500  97.5 68.199     2532      717     2544      737     12     20      2536       716      2543       734      2536       737      2528       719      2507       692      2569       762 PARcau 6.984871e-03 8.818881e-04 0.992133
    72   3        524        155  7.000   8.000  26.0 90.000      521      152      529      161      8      9       521       152       528       152       528       160       521       160       496       127       554       186 PARcau 5.687984e-03 5.910769e-05 0.994253
    72   2       1237        257 11.314  26.870 251.0 45.000     1226      247     1249      269     23     22      1224       263      1243       244      1251       252      1232       271      1201       222      1274       294 PARcau 1.029746e-07 1.671015e-08 1.000000
    73   1       2535        724  8.078  19.780  89.5 72.897     2532      716     2542      736     10     20      2529       717      2536       714      2542       733      2534       736      2507       691      2567       761 PARcau 7.064751e-05 5.429442e-06 0.999924
    73   0        514       2703  6.325   7.616  31.0 18.435      511     2700      519     2708      8      8       512      2699       518      2701       515      2708       509      2706       486      2675       544      2733 PARcau 5.105367e-02 3.528597e-04 0.948593
    73   2       1245        251 11.314  26.870 248.5 45.000     1234      240     1256      262     22     22      1232       256      1251       237      1259       245      1240       264      1209       215      1281       287 PARcau 5.877615e-06 2.085992e-07 0.999994
    74   1       2535        723  7.071  19.235  64.5 80.538     2532      715     2541      735      9     20      2530       715      2537       714      2540       733      2533       734      2507       690      2566       760 PARcau 6.715850e-04 1.082469e-03 0.998246
    74   0        514       2704  6.801   7.159  33.5 75.964      511     2701      519     2709      8      8       509      2702       516      2700       518      2707       511      2708       486      2676       544      2734 PARcau 1.534283e-02 7.728910e-05 0.984580
    74   2       1252        244 11.314  26.870 241.5 45.000     1242      233     1263      256     21     23      1239       250      1258       231      1266       239      1247       258      1217       208      1288       281 PARcau 2.908286e-08 2.096205e-09 1.000000
    75   0        516       2706  8.944   8.944  61.0 26.565      511     2701      523     2712     12     11       514      2700       522      2704       518      2712       510      2708       486      2676       548      2737 PARcau 1.826116e-02 1.574175e-04 0.981581
    75   1       2535        722  6.000  13.000  45.0  0.000     2533      715     2540      729      7     14      2533       715      2539       715      2539       728      2533       728      2508       690      2565       754 PARcau 2.846206e-02 1.435480e-02 0.957183
    75   2       1258        236 12.021  27.577 248.0 45.000     1248      224     1268      248     20     24      1245       242      1264       222      1273       231      1253       250      1223       199      1293       273 PARcau 1.027092e-05 1.030565e-07 0.999990
    76   0        518       2708  8.944  12.530  77.5 26.565      513     2703      525     2715     12     12       517      2700       525      2704       519      2715       511      2711       488      2678       550      2740 PARcau 4.118593e-04 4.282526e-07 0.999588
    76   2       1264        228 11.402  26.401 226.5 36.870     1255      217     1274      240     19     23      1251       235      1267       214      1276       221      1260       242      1230       192      1299       265 PARcau 5.729243e-05 4.089857e-07 0.999942
    77   0        519       2709  9.849  15.232  99.0 23.199      513     2703      525     2717     12     14       517      2700       526      2704       520      2718       511      2714       488      2678       550      2742 PARcau 1.222420e-02 9.633301e-06 0.987766
    77   2       1269        220 10.817  25.807 202.0 33.690     1260      210     1279      232     19     22      1257       227      1272       206      1281       212      1266       233      1235       185      1304       257 PARcau 8.268593e-07 4.007504e-09 0.999999
    78   0        519       2710  9.220  16.492 112.5 14.036      514     2703      526     2719     12     16       516      2701       525      2703       521      2719       512      2717       489      2678       551      2744 PARcau 9.130128e-04 1.204461e-05 0.999075
    78   2       1275        212  9.899  23.345 165.0 45.000     1267      202     1284      223     17     21      1264       217      1280       200      1287       207      1271       224      1242       177      1309       248 PARcau 1.269769e-04 1.837044e-06 0.999871
    79   0        519       2712  9.708  17.357 130.5 11.310      514     2704      526     2721     12     17       515      2702       525      2704       521      2721       512      2719       489      2679       551      2746 PARcau 1.862130e-03 1.394940e-04 0.997998
    79   2       1281        205  8.485  16.971 112.0 45.000     1274      199     1289      214     15     15      1272       208      1284       196      1290       202      1278       214      1249       174      1314       239 PARcau 8.552835e-06 2.269259e-07 0.999991
    80   0        518       2713 10.050  19.105 144.0  8.130      513     2704      525     2724     12     20       514      2703       524      2704       522      2723       512      2722       488      2679       550      2749 PARcau 1.434193e-02 7.705131e-06 0.985650
    80   2       1285        201  6.000   8.000  38.0 90.000     1282      199     1291      206      9      7      1282       199      1290       199      1290       205      1282       205      1257       174      1316       231 PARcau 1.735239e-02 4.386268e-03 0.978261
    81   0        518       2715  9.341  21.101 151.5 14.036      512     2705      525     2726     13     21       516      2703       525      2706       520      2726       511      2724       487      2680       550      2751 PARcau 6.581100e-03 5.695209e-06 0.993413
    82   0        517       2717 10.198  21.378 155.0 11.310      512     2707      524     2728     12     21       514      2705       524      2707       520      2728       510      2726       487      2682       549      2753 PARcau 5.515212e-02 5.613578e-04 0.944287
    82   2       1308        182  9.899  16.971 113.0 45.000     1300      177     1317      189     17     12      1299       185      1311       173      1318       180      1306       192      1275       152      1342       214 PARcau 2.343783e-08 3.264867e-09 1.000000
    83   0        517       2719 10.595  22.611 166.0 18.435      511     2708      524     2730     13     22       516      2706       526      2709       519      2731       509      2727       486      2683       549      2755 PARcau 3.744415e-03 2.685262e-05 0.996229
    83   2       1311        180 10.404  23.308 177.5 54.462     1302      173     1323      189     21     16      1299       182      1318       169      1324       177      1305       191      1277       148      1348       214 PARcau 5.006963e-09 8.901568e-12 1.000000
    84   0        515       2722 11.180  24.597 186.5 26.565      509     2711      524     2735     15     24       505      2731       516      2709       526      2714       515      2736       484      2686       549      2760 PARcau 5.172626e-04 1.242705e-07 0.999483
    84   2       1316        177 10.735  25.303 222.0 60.255     1305      169     1328      187     23     18      1302       179      1324       166      1329       176      1307       188      1280       144      1353       212 PARcau 1.074354e-08 2.023592e-11 1.000000
    85   0        514       2727 10.595  23.880 195.5 18.435      507     2716      522     2739     15     23       513      2714       523      2717       515      2740       505      2736       482      2691       547      2764 PARcau 8.275520e-04 2.697493e-06 0.999170
    85   2       1320        174 13.416  26.833 262.5 63.435     1308      166     1333      184     25     18      1304       175      1328       163      1334       175      1310       187      1283       141      1358       209 PARcau 7.396932e-06 1.018073e-08 0.999993
    86   2       1323        173 14.534  26.120 274.5 84.806     1311      166     1338      182     27     16      1310       167      1336       164      1337       179      1311       181      1286       141      1363       207 PARcau 2.936687e-04 1.577844e-05 0.999691
    86   0        512       2730 10.296  24.187 195.0 28.610      504     2720      522     2742     18     22       502      2738       514      2717       523      2722       511      2743       479      2695       547      2767 PARcau 5.331437e-02 1.150562e-05 0.946674
    87   0        511       2732  9.899  24.042 195.5 45.000      502     2722      521     2743     19     21       499      2737       516      2720       523      2727       506      2744       477      2697       546      2768 PARcau 2.985239e-02 1.099756e-04 0.970038
    87   2       1328        172 13.829  27.554 285.5 78.690     1315      165     1343      181     28     16      1313       168      1340       162      1343       176      1316       181      1290       140      1368       206 PARcau 3.105428e-04 6.527862e-07 0.999689
    88   0        510       2733  9.899  24.042 184.5 45.000      501     2724      520     2744     19     20       498      2739       515      2722       522      2729       505      2746       476      2699       545      2769 PARcau 9.473628e-02 2.124447e-04 0.905051
    88   2       1334        171 13.000  28.000 290.0 90.000     1321      165     1350      179     29     14      1321       165      1349       165      1349       178      1321       178      1296       140      1375       204 PARcau 8.811109e-04 1.596780e-05 0.999103
    89   0        507       2736  9.925  24.135 182.0 39.806      498     2727      518     2747     20     20       496      2742       511      2724       519      2730       503      2749       473      2702       543      2772 PARcau 8.954414e-02 1.114480e-05 0.910445
    89   2       1341        170 11.000  25.000 218.0 90.000     1329      165     1355      177     26     12      1329       165      1354       165      1354       176      1329       176      1304       140      1380       202 PARcau 3.810279e-03 4.273253e-04 0.995762
    90   0        504       2739  9.899  22.627 169.5 45.000      496     2731      515     2749     19     18       493      2744       509      2728       516      2735       500      2751       471      2706       540      2774 PARcau 1.000456e-02 2.413862e-05 0.989971
    90   2       1347        169  8.246  21.587 115.0 14.036     1339      165     1361      175     22     10      1339       163      1360       168      1358       176      1337       171      1314       140      1386       200 PARcau 1.581976e-03 9.061891e-05 0.998327
    91   0        501       2742  9.899  24.042 182.0 45.000      492     2733      512     2753     20     20       490      2748       507      2731       514      2738       497      2755       467      2708       537      2778 PARcau 3.373130e-03 1.606519e-06 0.996625
    92   0        499       2745  9.899  23.345 173.0 45.000      490     2736      509     2755     19     19       487      2750       504      2734       511      2741       494      2757       465      2711       534      2780 PARcau 6.223477e-03 3.850640e-05 0.993738
    93   0        497       2748  9.925  24.135 177.0 39.806      488     2739      507     2758     19     19       485      2754       501      2735       508      2742       493      2760       463      2714       532      2783 PARcau 4.593607e-03 8.723820e-05 0.995319
    94   0        494       2750  9.192  24.749 172.5 45.000      485     2740      505     2760     20     20       482      2755       500      2738       506      2744       489      2762       460      2715       530      2785 PARcau 8.525984e-03 3.625060e-06 0.991470
    95   0        492       2752  9.899  24.759 181.0 45.000      483     2743      503     2763     20     20       480      2757       498      2740       505      2747       487      2764       458      2718       528      2788 PARcau 1.863691e-03 1.604157e-06 0.998135
    96   0        489       2755 10.259  24.520 186.0 39.806      480     2745      500     2766     20     21       478      2761       494      2742       501      2749       486      2768       455      2720       525      2791 PARcau 2.647329e-05 1.912400e-09 0.999974
    97   0        487       2758 10.607  24.749 204.0 45.000      478     2748      499     2768     21     20       476      2763       493      2745       501      2753       483      2770       453      2723       524      2793 PARcau 2.553973e-05 2.319920e-08 0.999974
    98   0        485       2760 11.314  25.456 213.0 45.000      475     2750      497     2771     22     21       473      2765       491      2747       499      2755       481      2773       450      2725       522      2796 PARcau 6.882106e-05 1.087204e-09 0.999931
    98   3        498        195  5.000   8.485  32.5 45.000      495      192      502      201      7      9       497       191       503       197       499       200       493       194       470       167       527       226 PARcau 2.207155e-05 3.022694e-08 0.999978
    99   3        498        194  5.000   8.485  33.5 45.000      495      191      502      200      7      9       497       190       503       196       499       199       493       193       470       166       527       225 PARcau 2.728353e-04 3.704389e-08 0.999727
    99   0        484       2761 11.314  25.456 223.5 45.000      473     2752      496     2772     23     20       471      2766       489      2748       497      2756       479      2774       448      2727       521      2797 PARcau 2.834542e-04 2.223846e-09 0.999717
   100   0        483       2762 11.402  26.249 218.5 50.194      472     2753      496     2773     24     20       470      2766       490      2749       497      2758       477      2775       447      2728       521      2798 PARcau 1.110967e-04 7.570075e-09 0.999889
   101   0        483       2763 11.402  26.249 188.5 50.194      473     2753      495     2773     22     20       470      2766       490      2749       497      2758       477      2775       448      2728       520      2798 PARcau 1.572348e-04 7.394909e-09 0.999843
   102   0        483       2764 10.000  18.439 109.0 49.399      477     2757      493     2772     16     15       474      2765       488      2753       494      2761       480      2773       452      2732       518      2797 PARcau 7.441053e-06 6.439461e-10 0.999993
   103   0        486       2764 10.112  11.673  69.0  8.130      482     2758      493     2771     11     13       483      2757       493      2759       491      2770       481      2769       457      2733       518      2796 PARcau 1.250558e-04 1.117876e-10 0.999875
   103   3        490        210  6.000   7.000  32.5 90.000      487      208      495      215      8      7       487       208       494       208       494       214       487       214       462       183       520       240 PARcau 5.640142e-05 1.629430e-08 0.999944
   104   3        495        211  7.071   8.485  46.5 45.000      492      207      501      216      9      9       495       205       501       211       496       216       490       210       467       182       526       241 PARcau 3.210393e-04 1.624339e-07 0.999679
   104   0        486       2747  8.944  10.296  58.5 63.435      483     2743      493     2754     10     11       480      2745       488      2741       493      2750       485      2754       458      2718       518      2779 PARcau 6.886078e-03 1.115251e-06 0.993113
   105   3        496        208  7.000   8.000  42.0 90.000      493      205      501      214      8      9       493       205       500       205       500       213       493       213       468       180       526       239 PARcau 6.281023e-03 6.323276e-06 0.993713
   105   0        485       2747  9.000  11.000  77.5 90.000      480     2743      492     2753     12     10       480      2743       491      2743       491      2752       480      2752       455      2718       517      2778 PARcau 3.165549e-03 3.764855e-08 0.996834
   108   3        485        221  7.000   7.000  39.0 90.000      482      218      490      226      8      8       482       218       489       218       489       225       482       225       457       193       515       251 PARcau 8.113679e-04 3.377361e-06 0.999185
   108   0        501       2753  7.159  13.829  66.5 12.529      495     2749      509     2758     14      9       495      2748       508      2751       507      2758       493      2755       470      2724       534      2783 PARcau 1.139809e-02 3.807797e-04 0.988221
   109   0        503       2753  7.000  12.000  64.0 90.000      497     2750      510     2758     13      8       497      2750       509      2750       509      2757       497      2757       472      2725       535      2783 PARcau 1.217050e-01 7.197624e-05 0.878223
   109   3        491        225  6.000   7.000  31.0 90.000      488      223      496      230      8      7       488       223       495       223       495       229       488       229       463       198       521       255 PARcau 8.037249e-03 2.450101e-05 0.991938
   110   0        503       2752  8.485  12.042  68.5 45.000      497     2749      511     2758     14      9       496      2754       504      2745       510      2751       502      2760       472      2724       536      2783 PARcau 1.536794e-01 1.153715e-03 0.845167
   110   3        499        227  5.590   7.159  31.5 26.565      496      224      503      232      7      8       497       223       503       226       501       231       494       228       471       199       528       257 PARcau 3.557825e-02 8.804057e-03 0.955618
   111   0        503       2752  8.000  14.000  71.5 90.000      497     2748      512     2757     15      9       497      2748       511      2748       511      2756       497      2756       472      2723       537      2782 PARcau 2.455407e-01 2.282164e-05 0.754436
   111   3        503        228  6.403   9.899  47.5 45.000      499      225      508      234      9      9       502       223       509       230       504       234       497       227       474       200       533       259 PARcau 1.000504e-01 7.377008e-03 0.892573
   112   0        505       2751  7.826  17.443  80.0 63.435      497     2747      514     2758     17     11       495      2751       510      2743       514      2750       498      2758       472      2722       539      2783 PARcau 1.293159e-01 1.980409e-04 0.870486
   113   0        507       2750  6.964  19.609  99.0 71.565      497     2745      517     2757     20     12       496      2750       514      2743       517      2750       498      2756       472      2720       542      2782 PARcau 1.734718e-01 8.646630e-04 0.825664
   114   0        511       2748  7.280  20.881 104.0 72.897      500     2744      521     2756     21     12       498      2748       518      2742       520      2749       500      2755       475      2719       546      2781 PARcau 1.838562e-01 4.306457e-04 0.815713
   114   3        490        242  5.000   7.071  28.5 45.000      487      239      494      247      7      8       489       238       494       243       491       247       486       242       462       214       519       272 PARcau 3.948059e-04 1.406875e-06 0.999604
   115   0        513       2748  8.000  20.000 112.5 90.000      502     2744      523     2753     21      9       502      2744       522      2744       522      2752       502      2752       477      2719       548      2778 PARcau 1.327017e-01 3.720357e-03 0.863578
   115   3        494        248  4.950   7.778  31.0 45.000      491      245      498      253      7      8       493       244       498       249       495       253       489       247       466       220       523       278 PARcau 4.099951e-05 6.863520e-07 0.999958
   116   0        514       2748  8.559  23.049 131.0 85.601      502     2744      526     2754     24     10       501      2744       524      2743       525      2751       502      2753       477      2719       551      2779 PARcau 1.302705e-01 2.353734e-04 0.869494
   117   0        516       2748  8.000  24.000 142.5 90.000      504     2744      529     2753     25      9       504      2744       528      2744       528      2752       504      2752       479      2719       554      2778 PARcau 7.938738e-02 2.484983e-04 0.920364
   118   0        519       2748  9.000  24.000 149.5 90.000      507     2744      532     2754     25     10       507      2744       531      2744       531      2753       507      2753       482      2719       557      2779 PARcau 6.692151e-03 3.871397e-05 0.993269
   118   3        509        240  6.403   8.485  38.0 45.000      506      236      514      246      8     10       509       235       515       241       511       246       505       240       481       211       539       271 PARcau 2.980541e-02 5.457306e-04 0.969649
   119   0        522       2748  8.062  25.318 156.0  9.462      509     2744      535     2755     26     11       509      2742       534      2746       533      2754       508      2750       484      2719       560      2780 PARcau 8.967199e-03 2.155399e-05 0.991011
   120   0        522       2748  8.559  23.135 130.0  7.125      510     2744      534     2754     24     10       510      2742       533      2745       532      2753       509      2751       485      2719       559      2779 PARcau 8.222380e-02 2.379024e-05 0.917752
   121   0        523       2747  8.062  17.117  89.5 81.870      514     2743      532     2753     18     10       513      2744       530      2742       531      2750       514      2752       489      2718       557      2778 PARcau 4.405597e-02 2.018462e-05 0.955924
   122   0        522       2744  9.220  15.556  80.0 45.000      514     2739      529     2752     15     13       512      2747       523      2736       529      2743       518      2754       489      2714       554      2777 PARcau 1.374068e-02 1.316094e-04 0.986128
   123   0        519       2739  8.544  12.649  81.0 71.565      513     2735      526     2746     13     11       511      2737       523      2733       526      2741       514      2745       488      2710       551      2771 PARcau 7.492259e-05 5.452195e-07 0.999925
   124   0        516       2737 11.000  14.000 112.0 90.000      511     2730      523     2745     12     15       511      2730       522      2730       522      2744       511      2744       486      2705       548      2770 PARcau 9.880614e-03 1.195921e-05 0.990107
   125   0        514       2733 11.236  20.427 155.5 69.444      509     2723      522     2744     13     21       505      2725       515      2721       523      2740       512      2744       484      2698       547      2769 PARcau 3.525339e-02 1.252622e-06 0.964745
   126   0        513       2730 11.402  22.136 166.5 71.565      507     2720      521     2742     14     22       503      2721       514      2718       521      2739       510      2742       482      2695       546      2767 PARcau 6.270557e-03 1.736929e-06 0.993728
   127   0        511       2726 10.440  22.136 165.5 71.565      505     2716      520     2738     15     22       503      2717       513      2714       520      2735       510      2738       480      2691       545      2763 PARcau 2.482277e-02 4.967209e-04 0.974680
   128   0        510       2722 11.511  20.940 153.0 56.310      504     2713      520     2735     16     22       509      2711       520      2728       511      2735       499      2717       479      2688       545      2760 PARcau 5.165421e-02 1.307896e-04 0.948215
   128   3        518        217  6.000   7.000  36.5 90.000      516      214      523      222      7      8       516       214       522       214       522       221       516       221       491       189       548       247 PARcau 8.670924e-03 9.765218e-05 0.991231
   129   3        520        215  6.403   8.485  40.5 45.000      517      211      525      220      8      9       519       210       525       216       521       221       515       215       492       186       550       245 PARcau 2.036511e-02 1.278410e-04 0.979507
   129   0        508       2718 11.402  20.000 140.5 53.130      503     2710      518     2728     15     18       507      2708       519      2724       510      2731       498      2715       478      2685       543      2753 PARcau 3.990902e-02 3.248144e-05 0.960059
   130   0        507       2718 11.800  24.703 193.5 53.130      500     2708      517     2730     17     22       505      2705       519      2725       510      2732       495      2712       475      2683       542      2755 PARcau 1.946802e-03 4.104263e-05 0.998012
   130   3        517        209  4.924   7.826  27.5 63.435      514      206      521      214      7      8       513       207       518       205       521       212       517       214       489       181       546       239 PARcau 2.064994e-02 5.266708e-07 0.979350
   131   0        505       2715 11.402  24.207 203.0 53.130      497     2705      516     2727     19     22       502      2702       517      2721       508      2728       493      2709       472      2680       541      2752 PARcau 2.266924e-03 1.155572e-05 0.997721
   132   0        502       2710 12.728  24.042 212.0 45.000      494     2700      512     2721     18     21       497      2697       514      2714       505      2723       488      2706       469      2675       537      2746 PARcau 1.416430e-03 8.626181e-08 0.998584
   133   0        499       2705 11.630  23.479 209.0 63.435      492     2695      508     2717     16     22       499      2692       509      2713       499      2718       488      2697       467      2670       533      2742 PARcau 3.200464e-02 9.557011e-06 0.967986
   133   3        530        204  5.657   8.485  37.0 45.000      527      201      535      209      8      8       529       199       535       205       531       209       525       203       502       176       560       234 PARcau 1.453775e-02 1.793486e-04 0.985283
   134   0        497       2703 11.424  23.119 197.5 68.199      491     2692      506     2715     15     23       488      2694       498      2689       507      2711       496      2715       466      2667       531      2740 PARcau 1.978610e-02 7.629069e-05 0.980138
   134   3        532        206  6.021   8.902  39.0 53.130      529      202      537      211      8      9       532       200       537       207       533       211       527       204       504       177       562       236 PARcau 1.312594e-02 1.239461e-04 0.986750
   134   1       2504        748  5.000   8.000  25.5 90.000     2501      746     2510      752      9      6      2501       746      2509       746      2509       751      2501       751      2476       721      2535       777 PARcau 3.038060e-04 1.866190e-05 0.999678
   135   1       2504        747  6.325   9.487  34.0 18.435     2500      745     2510      752     10      7      2500       743      2509       746      2507       752      2498       749      2475       720      2535       777 PARcau 3.656592e-06 4.233364e-08 0.999996
   135   3        532        203  6.403   8.485  39.5 45.000      529      200      537      209      8      9       531       198       537       204       533       209       527       203       504       175       562       234 PARcau 1.909353e-03 3.573686e-05 0.998055
   135   0        496       2700 10.770  22.847 194.5 66.801      490     2689      504     2713     14     24       486      2691       496      2687       505      2708       495      2712       465      2664       529      2738 PARcau 3.835806e-02 1.008785e-03 0.960633
   136   1       2502        747  4.472  10.770  31.5 21.801     2499      744     2510      752     11      8      2499       743      2509       747      2507       751      2497       747      2474       719      2535       777 PARcau 1.691401e-04 3.896170e-05 0.999792
   136   0        495       2697 10.770  23.770 187.0 68.199      490     2686      503     2710     13     24       485      2688       495      2684       504      2706       494      2710       465      2661       528      2735 PARcau 1.295766e-01 7.509806e-04 0.869672
   137   0        494       2694 10.050  23.195 171.0 82.875      489     2683      501     2707     12     24       488      2683       498      2682       501      2705       491      2706       464      2658       526      2732 PARcau 1.321464e-02 3.599220e-04 0.986425
   137   1       2500        746  6.708  13.892  57.0 30.964     2496      742     2508      752     12     10      2496       740      2508       747      2505       753      2493       746      2471       717      2533       777 PARcau 1.143860e-04 3.683088e-05 0.999849
   138   0        493       2691 10.198  24.515 172.0 78.690      488     2680      500     2704     12     24       485      2680       495      2678       500      2702       490      2704       463      2655       525      2729 PARcau 3.209463e-03 1.958492e-03 0.994832
   138   1       2499        745  7.071  16.971  76.0 45.000     2494      740     2508      755     14     15      2496       738      2508       750      2503       755      2491       743      2469       715      2533       780 PARcau 1.236082e-03 6.273084e-05 0.998701
   139   1       2497        745  7.071  18.439  78.5 48.814     2492      739     2505      755     13     16      2495       736      2507       750      2502       755      2490       741      2467       714      2530       780 PARcau 2.571341e-04 1.253567e-05 0.999730
   139   0        493       2687 10.050  23.087 174.5 85.236      488     2676      499     2700     11     24       486      2676       496      2675       498      2698       488      2699       463      2651       524      2725 PARcau 2.644809e-02 2.249825e-04 0.973327
   139   4        330        563  4.000   9.000  25.5 90.000      329      559      334      569      5     10       329       559       333       559       333       568       329       568       304       534       359       594 PARcau 2.386421e-06 1.815205e-07 0.999997
   140   1       2496        745  6.801  19.981  81.5 57.995     2491      738     2505      755     14     17      2495       735      2505       752      2500       756      2489       739      2466       713      2530       780 PARcau 7.219752e-02 1.192905e-03 0.926610
   140   0        492       2684  9.000  22.000 164.0 90.000      488     2674      498     2697     10     23       488      2674       497      2674       497      2696       488      2696       463      2649       523      2722 PARcau 3.987209e-03 3.630403e-05 0.995977
   140   4        330        565  5.590  12.093  42.0 82.875      328      559      335      572      7     13       327       559       332       558       334       570       328       571       303       534       360       597 PARcau 9.666760e-09 2.213346e-09 1.000000
   141   1       2495        743  6.265  19.981  75.5 57.995     2490      737     2503      754     13     17      2494       734      2504       751      2499       754      2488       737      2465       712      2528       779 PARcau 5.087127e-02 5.230638e-04 0.948606
   141   0        492       2682  9.000  23.000 171.5 90.000      488     2671      498     2695     10     24       488      2671       497      2671       497      2694       488      2694       463      2646       523      2720 PARcau 1.744131e-01 1.258028e-03 0.824329
   141   4        331        567  7.000  15.000  69.5 90.000      328      559      336      575      8     16       328       559       335       559       335       574       328       574       303       534       361       600 PARcau 1.214398e-07 4.444547e-08 1.000000
   142   0        492       2679 10.000  23.000 161.0 90.000      488     2669      499     2693     11     24       488      2669       498      2669       498      2692       488      2692       463      2644       524      2718 PARcau 3.147353e-02 1.950138e-04 0.968331
   142   1       2493        741  6.946  19.294  69.0 59.036     2489      734     2500      751     11     17      2492       731      2502       748      2496       751      2486       735      2464       709      2525       776 PARcau 1.977646e-06 9.213335e-07 0.999997
   142   4        331        569  7.000  17.000  71.0  0.000      328      559      336      577      8     18       328       559       335       559       335       576       328       576       303       534       361       602 PARcau 5.055404e-05 1.127856e-06 0.999948
   143   4        331        570  7.000  16.000  66.0 90.000      328      561      336      578      8     17       328       561       335       561       335       577       328       577       303       536       361       603 PARcau 2.910841e-06 9.184230e-08 0.999997
   143   1       2492        739  6.708  20.125  77.5 63.435     2488      731     2499      751     11     20      2491       729      2500       747      2494       750      2485       732      2463       706      2524       776 PARcau 4.157322e-01 1.449754e-03 0.582818
   143   0        493       2676 10.000  23.000 163.5 90.000      488     2666      499     2690     11     24       488      2666       498      2666       498      2689       488      2689       463      2641       524      2715 PARcau 3.382997e-02 2.078588e-04 0.965962
   144   1       2491        737  7.616  20.248  75.0 70.017     2487      729     2498      749     11     20      2491       727      2498       746      2491       749      2484       730      2462       704      2523       774 PARcau 7.575229e-03 3.498477e-04 0.992075
   144   4        331        571  6.000  18.000  61.5 90.000      328      561      335      580      7     19       328       561       334       561       334       579       328       579       303       536       360       605 PARcau 9.115458e-09 2.298699e-09 1.000000
   144   0        493       2673  9.055  22.204 154.0  7.125      488     2663      500     2686     12     23       490      2662       499      2663       496      2685       487      2684       463      2638       525      2711 PARcau 7.759946e-02 1.091551e-04 0.922291
   145   4        331        573  6.000  17.000  50.5  0.000      328      563      335      581      7     18       328       563       334       563       334       580       328       580       303       538       360       606 PARcau 3.128431e-06 3.464627e-07 0.999997
   145   0        494       2670  9.000  22.000 156.0 90.000      490     2660      500     2683     10     23       490      2660       499      2660       499      2682       490      2682       465      2635       525      2708 PARcau 9.966743e-03 8.267509e-03 0.981766
   145   1       2489        732  7.566  18.062  81.5 84.806     2486      725     2495      744      9     19      2485       725      2492       724      2494       742      2486       743      2461       700      2520       769 PARcau 2.243096e-02 4.523798e-04 0.977117
   146   1       2489        731  6.000  17.000  70.0 90.000     2487      724     2494      742      7     18      2487       724      2493       724      2493       741      2487       741      2462       699      2519       767 PARcau 1.326205e-01 5.796716e-04 0.866800
   146   4        331        574  6.083  14.318  32.0 78.690      328      567      335      582      7     15       326       567       332       566       335       580       329       581       303       542       360       607 PARcau 5.319750e-07 3.071045e-08 0.999999
   146   0        494       2666  9.618  21.783 144.0  9.462      490     2657      501     2680     11     23       492      2656       501      2657       498      2679       488      2677       465      2632       526      2705 PARcau 2.806665e-02 4.357730e-03 0.967576
   147   1       2489        729  6.000  19.000  78.5 90.000     2487      721     2494      741      7     20      2487       721      2493       721      2493       740      2487       740      2462       696      2519       766 PARcau 5.981086e-02 1.241944e-04 0.940065
   147   0        495       2665  9.000  22.000 156.5 90.000      491     2655      501     2678     10     23       491      2655       500      2655       500      2677       491      2677       466      2630       526      2703 PARcau 3.144281e-02 1.511353e-02 0.953444
   148   0        495       2663  9.000  22.000 134.5 90.000      491     2654      501     2677     10     23       491      2654       500      2654       500      2676       491      2676       466      2629       526      2702 PARcau 9.579924e-03 1.750703e-04 0.990245
   148   1       2489        727  7.000  17.000  65.0 -0.000     2486      720     2494      738      8     18      2486       720      2493       720      2493       737      2486       737      2461       695      2519       763 PARcau 2.247764e-05 2.382302e-06 0.999975
   149   1       2489        726  6.576  17.183  55.5 82.875     2487      719     2494      737      7     18      2485       719      2492       718      2494       735      2488       736      2462       694      2519       762 PARcau 9.950407e-03 1.063391e-04 0.989943
   149   0        495       2662  9.000  21.000 133.5 90.000      491     2653      501     2675     10     22       491      2653       500      2653       500      2674       491      2674       466      2628       526      2700 PARcau 1.916240e-03 4.901339e-04 0.997594
   149   5       2089       2869  8.485   8.485  58.0 45.000     2085     2865     2095     2874     10      9      2089      2863      2095      2869      2089      2875      2083      2869      2060      2840      2120      2899 PARcau 6.911194e-01 4.420357e-04 0.308439