 Frame  ID  CentroidX  CentroidY  Width  Length  Area  Angle  Box_TLX  Box_TLY  Box_BRX  Box_BRY  Box_W  Box_H  rBox_TLX  rBox_TLY  rBox_TRX  rBox_TRY  rBox_BRX  rBox_BRY  rBox_BLX  rBox_BLY  lBox_TLX  lBox_TLY  lBox_BRX  lBox_BRY  Label       DIDnas       NONpro   PARcau
    21   0        394       2194  3.000   9.000  16.5  0.000      390     2193      400     2197     10      4       390      2193       399      2193       399      2196       390      2196       365      2168       425      2222 PARcau 5.418001e-04 5.855669e-04 0.998873
    21   1       2538       2133 11.000  13.000 109.5 90.000     2532     2128     2546     2140     14     12      2532      2128      2545      2128      2545      2139      2532      2139      2507      2103      2571      2165 PARcau 9.395861e-01 3.096879e-02 0.029445
    21   2       4499        949  8.000   9.000  61.5 90.000     4495      945     4505      954     10      9      4495       945      4504       945      4504       953      4495       953      4470       920      4530       979 PARcau 3.564651e-01 3.827176e-01 0.260817
    22   0        393       2194  3.000   9.000  18.0 -0.000      389     2193      399     2197     10      4       389      2193       398      2193       398      2196       389      2196       364      2168       424      2222 PARcau 2.139629e-04 7.789164e-05 0.999708
    22   1       2542       2135 11.000  14.000 119.0 90.000     2535     2130     2550     2142     15     12      2535      2130      2549      2130      2549      2141      2535      2141      2510      2105      2575      2167 PARcau 8.852466e-01 8.714211e-02 0.027611
    22   2       4494        946  8.000   9.000  57.5 90.000     4490      943     4500      952     10      9      4490       943      4499       943      4499       951      4490       951      4465       918      4525       977 PARcau 1.646655e-01 6.204610e-01 0.214874
    23   2       4491        946  8.062   8.944  54.5 26.565     4487      942     4497      951     10      9      4489       940      4497       944      4493       951      4485       947      4462       917      4522       976 PARcau 2.222519e-02 9.323360e-01 0.045439
    23   1       2546       2136 11.000  13.000 117.0 90.000     2540     2131     2554     2143     14     12      2540      2131      2553      2131      2553      2142      2540      2142      2515      2106      2579      2168 PARcau 9.174857e-01 4.287996e-02 0.039634
    24   2       4489        946  8.000   8.000  54.5 90.000     4485      942     4494      951      9      9      4485       942      4493       942      4493       950      4485       950      4460       917      4519       976 PARcau 1.549860e-01 7.737183e-01 0.071296
    24   1       2551       2136 10.000  14.000 119.5 90.000     2545     2132     2560     2143     15     11      2545      2132      2559      2132      2559      2142      2545      2142      2520      2107      2585      2168 PARcau 4.965278e-01 3.555394e-01 0.147933
    25   2       4489        946  8.000   8.000  51.0 90.000     4485      942     4494      951      9      9      4485       942      4493       942      4493       950      4485       950      4460       917      4519       976 PARcau 9.944988e-01 2.459022e-04 0.005255
    25   1       2556       2135 11.000  14.000 122.5 90.000     2550     2130     2565     2142     15     12      2550      2130      2564      2130      2564      2141      2550      2141      2525      2105      2590      2167 PARcau 9.341299e-01 4.060102e-02 0.025269
    26   2       4490        946  8.000   8.000  49.5 90.000     4487      943     4496      952      9      9      4487       943      4495       943      4495       951      4487       951      4462       918      4521       977 PARcau 8.040375e-01 6.550313e-02 0.130459
    26   1       2561       2133 11.000  13.000 117.5 90.000     2555     2128     2569     2140     14     12      2555      2128      2568      2128      2568      2139      2555      2139      2530      2103      2594      2165 PARcau 9.826692e-01 2.183456e-03 0.015147
    27   2       4494        946  8.000   9.000  55.0 90.000     4490      943     4500      952     10      9      4490       943      4499       943      4499       951      4490       951      4465       918      4525       977 PARcau 1.822215e-01 5.350426e-01 0.282736
    27   1       2565       2130 11.314  14.866 128.5 45.000     2559     2124     2573     2138     14     14      2556      2131      2567      2121      2575      2129      2564      2139      2534      2099      2598      2163 PARcau 9.926138e-01 1.888266e-03 0.005498
    28   2       4499        946  8.000  10.000  62.0 90.000     4494      942     4505      951     11      9      4494       942      4504       942      4504       950      4494       950      4469       917      4530       976 PARcau 6.511257e-01 1.713968e-01 0.177477
    28   1       2568       2126 12.000  13.000 122.0 90.000     2562     2120     2575     2134     13     14      2562      2120      2574      2120      2574      2133      2562      2133      2537      2095      2600      2159 PARcau 9.296507e-01 3.476639e-02 0.035583
    29   1       2569       2122 11.000  13.000 117.5 90.000     2564     2116     2576     2130     12     14      2564      2116      2575      2116      2575      2129      2564      2129      2539      2091      2601      2155 PARcau 9.969720e-01 5.561734e-04 0.002472
    29   2       4504        943  8.000  10.000  64.0 90.000     4499      940     4510      949     11      9      4499       940      4509       940      4509       948      4499       948      4474       915      4535       974 PARcau 6.041167e-01 7.773515e-02 0.318148
    30   1       2569       2119 11.000  13.000 116.5 90.000     2564     2113     2576     2127     12     14      2564      2113      2575      2113      2575      2126      2564      2126      2539      2088      2601      2152 PARcau 9.779195e-01 4.489354e-03 0.017591
    30   2       4507        940  9.000  10.000  68.0 90.000     4503      936     4513      947     10     11      4503       936      4512       936      4512       946      4503       946      4478       911      4538       972 PARcau 7.798522e-01 4.667554e-02 0.173472
    31   1       2569       2116 11.180  12.083 110.5 63.435     2563     2111     2576     2124     13     13      2561      2114      2572      2109      2577      2119      2566      2124      2538      2086      2601      2149 PARcau 9.999108e-01 7.030280e-07 0.000088
    31   2       4509        936  7.000  11.000  63.5 90.000     4506      931     4514      943      8     12      4506       931      4513       931      4513       942      4506       942      4481       906      4539       968 PARcau 4.824133e-01 2.222696e-01 0.295317
    32   1       2568       2116 11.000  11.000 101.5 90.000     2563     2111     2575     2123     12     12      2563      2111      2574      2111      2574      2122      2563      2122      2538      2086      2600      2148 PARcau 5.590704e-02 9.180641e-01 0.026029
    32   2       4510        931  8.062  11.180  63.5 63.435     4506      926     4515      938      9     12      4504       928      4511       924      4516       934      4509       938      4481       901      4540       963 PARcau 9.803867e-01 2.274956e-03 0.017338
    33   1       2568       2116 11.000  11.000  99.5 90.000     2563     2111     2575     2123     12     12      2563      2111      2574      2111      2574      2122      2563      2122      2538      2086      2600      2148 PARcau 8.998728e-01 3.748605e-02 0.062641
    33   2       4508        926  8.000  10.000  65.0 90.000     4505      921     4514      932      9     11      4505       921      4513       921      4513       931      4505       931      4480       896      4539       957 PARcau 4.593007e-01 3.189127e-01 0.221787
    34   1       2569       2117 11.000  11.000  99.0 90.000     2564     2112     2576     2124     12     12      2564      2112      2575      2112      2575      2123      2564      2123      2539      2087      2601      2149 PARcau 8.372325e-01 1.112701e-01 0.051497
    34   2       4505        922  8.000  10.000  64.0 90.000     4502      917     4511      928      9     11      4502       917      4510       917      4510       927      4502       927      4477       892      4536       953 PARcau 6.548620e-01 6.285875e-02 0.282279
    35   1       2571       2118 11.000  12.000 106.0 90.000     2566     2113     2579     2125     13     12      2566      2113      2578      2113      2578      2124      2566      2124      2541      2088      2604      2150 PARcau 9.039745e-01 5.368011e-02 0.042345
    35   2       4502        918  8.000  10.000  62.0 90.000     4498      914     4507      925      9     11      4498       914      4506       914      4506       924      4498       924      4473       889      4532       950 PARcau 8.207604e-01 1.861607e-03 0.177378
    36   1       2575       2120 11.000  13.000 114.0 90.000     2569     2115     2583     2127     14     12      2569      2115      2582      2115      2582      2126      2569      2126      2544      2090      2608      2152 PARcau 8.619015e-01 6.229376e-02 0.075805
    36   2       4498        917  9.000   9.000  64.0 90.000     4494      913     4504      923     10     10      4494       913      4503       913      4503       922      4494       922      4469       888      4529       948 PARcau 8.658821e-01 1.019268e-01 0.032191
    37   2       4495        917  9.000   9.000  61.0  0.000     4491      913     4501      923     10     10      4491       913      4500       913      4500       922      4491       922      4466       888      4526       948 PARcau 2.329300e-01 5.481657e-01 0.218904
    37   1       2580       2120 10.000  14.000 113.5 90.000     2573     2116     2588     2127     15     11      2573      2116      2587      2116      2587      2126      2573      2126      2548      2091      2613      2152 PARcau 9.892749e-01 3.690380e-03 0.007035
    38   2       4494        919  7.000   8.000  51.0 90.000     4491      915     4499      924      8      9      4491       915      4498       915      4498       923      4491       923      4466       890      4524       949 PARcau 7.336193e-01 7.132445e-02 0.195056
    38   1       2585       2120 11.000  14.000 124.0 90.000     2578     2115     2593     2127     15     12      2578      2115      2592      2115      2592      2126      2578      2126      2553      2090      2618      2152 PARcau 4.838174e-01 4.344098e-01 0.081773
    39   2       4494        919  8.000   8.000  50.0 90.000     4491      916     4500      925      9      9      4491       916      4499       916      4499       924      4491       924      4466       891      4525       950 PARcau 3.389284e-01 5.859286e-01 0.075143
    39   1       2589       2118  9.899  14.142 117.5 45.000     2583     2113     2598     2125     15     12      2581      2120      2591      2110      2598      2117      2588      2127      2558      2088      2623      2150 PARcau 7.371727e-01 7.096003e-02 0.191867
    40   2       4495        918  8.000   8.000  51.5 90.000     4492      915     4501      924      9      9      4492       915      4500       915      4500       923      4492       923      4467       890      4526       949 PARcau 4.742904e-02 9.292669e-01 0.023304
    40   1       2594       2115 11.180  15.652 121.5 63.435     2587     2110     2602     2123     15     13      2584      2114      2598      2107      2603      2117      2589      2124      2562      2085      2627      2148 PARcau 8.327655e-01 1.403332e-01 0.026901
    41   2       4497        916  7.000   9.000  48.5 90.000     4494      912     4502      922      8     10      4494       912      4501       912      4501       921      4494       921      4469       887      4527       947 PARcau 5.989729e-01 3.248892e-01 0.076138
    41   1       2597       2112 12.000  13.000 123.0 90.000     2591     2106     2605     2119     14     13      2591      2106      2604      2106      2604      2118      2591      2118      2566      2081      2630      2144 PARcau 8.751553e-01 8.051707e-02 0.044328
    42   2       4498        913  8.000  10.000  60.0 90.000     4495      908     4504      919      9     11      4495       908      4503       908      4503       918      4495       918      4470       883      4529       944 PARcau 8.012808e-01 9.310164e-02 0.105618
    42   1       2599       2107 12.000  14.000 134.0 90.000     2593     2101     2606     2116     13     15      2593      2101      2605      2101      2605      2115      2593      2115      2568      2076      2631      2141 PARcau 3.361134e-01 5.074252e-01 0.156461
    43   2       4498        908  7.000  11.000  59.0 90.000     4495      903     4503      915      8     12      4495       903      4502       903      4502       914      4495       914      4470       878      4528       940 PARcau 6.109244e-01 1.123681e-01 0.276708
    43   1       2600       2103 11.705  13.601 119.0 18.435     2594     2097     2607     2112     13     15      2596      2095      2607      2099      2603      2112      2592      2108      2569      2072      2632      2137 PARcau 4.000955e-01 5.091140e-01 0.090790
    44   1       2600       2100 11.000  13.000 116.5 90.000     2595     2094     2607     2108     12     14      2595      2094      2606      2094      2606      2107      2595      2107      2570      2069      2632      2133 PARcau 5.271502e-01 3.658053e-01 0.107045
    44   2       4497        904  8.000  10.000  68.0 90.000     4493      899     4502      910      9     11      4493       899      4501       899      4501       909      4493       909      4468       874      4527       935 PARcau 9.498259e-01 5.564861e-03 0.044609
    45   1       2600       2098 11.000  12.000 106.0 90.000     2595     2093     2608     2105     13     12      2595      2093      2607      2093      2607      2104      2595      2104      2570      2068      2633      2130 PARcau 7.485805e-01 2.032655e-01 0.048154
    45   2       4493        899  8.062  12.530  71.5 63.435     4489      894     4499      906     10     12      4487       896      4494       892      4500       903      4493       907      4464       869      4524       931 PARcau 9.315349e-01 9.070387e-03 0.059395
    46   1       2601       2097 11.000  12.000 102.5 90.000     2596     2092     2609     2104     13     12      2596      2092      2608      2092      2608      2103      2596      2103      2571      2067      2634      2129 PARcau 5.544509e-01 4.274411e-01 0.018108
    46   2       4489        896  9.000   9.000  67.0 90.000     4485      892     4495      902     10     10      4485       892      4494       892      4494       901      4485       901      4460       867      4520       927 PARcau 9.394971e-01 4.392312e-03 0.056111
    47   1       2603       2098 11.314  12.042 107.5 45.000     2597     2093     2611     2105     14     12      2603      2089      2611      2097      2603      2106      2595      2098      2572      2068      2636      2130 PARcau 8.169804e-01 1.095029e-01 0.073517
    47   2       4483        895  8.000  10.000  68.5 90.000     4479      891     4490      900     11      9      4479       891      4489       891      4489       899      4479       899      4454       866      4515       925 PARcau 9.973692e-01 1.178209e-04 0.002513
    48   1       2606       2099 11.000  13.000 110.5 90.000     2600     2094     2614     2106     14     12      2600      2094      2613      2094      2613      2105      2600      2105      2575      2069      2639      2131 PARcau 1.275118e-01 8.345238e-01 0.037965
    48   2       4478        895  9.192  10.607  74.0 45.000     4473      891     4485      902     12     11      4471       896      4479       888      4485       895      4478       902      4448       866      4510       927 PARcau 3.054453e-01 1.923034e-01 0.502251
    49   1       2610       2100 11.000  13.000 114.0 90.000     2604     2095     2618     2107     14     12      2604      2095      2617      2095      2617      2106      2604      2106      2579      2070      2643      2132 PARcau 9.935463e-01 1.214317e-03 0.005239
    49   2       4473        898  9.000  10.000  72.0 90.000     4468      894     4479      904     11     10      4468       894      4478       894      4478       903      4468       903      4443       869      4504       929 PARcau 9.096771e-01 8.691344e-03 0.081632
    50   1       2614       2102 11.000  14.000 123.0 90.000     2608     2097     2623     2109     15     12      2608      2097      2622      2097      2622      2108      2608      2108      2583      2072      2648      2134 PARcau 8.003675e-01 2.888400e-02 0.170749
    50   2       4468        902  9.000  10.000  69.0 90.000     4464      897     4474      908     10     11      4464       897      4473       897      4473       907      4464       907      4439       872      4499       933 PARcau 5.036469e-01 4.481446e-01 0.048209
    51   1       2619       2102 10.000  14.000 119.5 90.000     2613     2098     2628     2109     15     11      2613      2098      2627      2098      2627      2108      2613      2108      2588      2073      2653      2134 PARcau 9.256458e-01 2.542896e-02 0.048925
    51   2       4465        907  8.485  10.630  67.5 45.000     4461      902     4471      913     10     11      4459       908      4466       900      4472       906      4465       914      4436       877      4496       938 PARcau 3.968147e-02 9.031050e-01 0.057214
    52   1       2624       2102 11.000  14.000 123.5 90.000     2618     2097     2633     2109     15     12      2618      2097      2632      2097      2632      2108      2618      2108      2593      2072      2658      2134 PARcau 6.743491e-01 2.573153e-01 0.068336
    52   2       4464        911  8.000  10.000  63.5 90.000     4460      906     4469      917      9     11      4460       906      4468       906      4468       916      4460       916      4435       881      4494       942 PARcau 2.495366e-01 6.373181e-01 0.113145
    53   2       4463        914  7.000   9.000  54.0 90.000     4460      910     4468      920      8     10      4460       910      4467       910      4467       919      4460       919      4435       885      4493       945 PARcau 1.939745e-01 7.056162e-01 0.100409
    53   1       2629       2100 11.000  14.000 121.0 90.000     2623     2095     2638     2107     15     12      2623      2095      2637      2095      2637      2106      2623      2106      2598      2070      2663      2132 PARcau 7.509173e-01 1.869648e-01 0.062118
    54   2       4462        915  7.000   8.000  50.0 90.000     4459      911     4467      920      8      9      4459       911      4466       911      4466       919      4459       919      4434       886      4492       945 PARcau 7.136583e-02 8.904589e-01 0.038175
    54   1       2633       2097 11.314  14.142 127.0 45.000     2627     2091     2641     2105     14     14      2624      2098      2634      2088      2642      2096      2632      2106      2602      2066      2666      2130 PARcau 9.721451e-01 3.577127e-03 0.024278
    55   2       4461        913  7.000   8.000  50.0 90.000     4458      910     4466      919      8      9      4458       910      4465       910      4465       918      4458       918      4433       885      4491       944 PARcau 1.349515e-01 7.581676e-01 0.106881
    55   1       2636       2093 12.000  13.000 123.0 90.000     2630     2087     2643     2101     13     14      2630      2087      2642      2087      2642      2100      2630      2100      2605      2062      2668      2126 PARcau 9.977958e-01 6.182143e-04 0.001586
    56   2       4459        910  7.000  10.000  55.0 90.000     4456      906     4464      917      8     11      4456       906      4463       906      4463       916      4456       916      4431       881      4489       942 PARcau 1.516834e-01 6.647516e-01 0.183565
    56   1       2637       2088 11.000  13.000 121.5 90.000     2632     2082     2644     2096     12     14      2632      2082      2643      2082      2643      2095      2632      2095      2607      2057      2669      2121 PARcau 9.748337e-01 1.183340e-02 0.013333
    57   2       4456        907  8.500  10.062  63.5 26.565     4452      902     4462      913     10     11      4454       901      4463       905      4459       913      4450       908      4427       877      4487       938 PARcau 4.167210e-01 1.449619e-01 0.438317
    57   1       2638       2083 11.000  13.000 119.5 90.000     2633     2077     2645     2091     12     14      2633      2077      2644      2077      2644      2090      2633      2090      2608      2052      2670      2116 PARcau 9.985173e-01 3.487202e-04 0.001134
    58   1       2637       2078 11.000  13.000 122.5 90.000     2632     2072     2644     2086     12     14      2632      2072      2643      2072      2643      2085      2632      2085      2607      2047      2669      2111 PARcau 9.690625e-01 1.694268e-02 0.013995
    58   2       4452        902  7.826  11.630  70.0 63.435     4448      897     4458      909     10     12      4446       899      4453       895      4458       906      4451       909      4423       872      4483       934 PARcau 1.516783e-01 4.937725e-01 0.354549
    59   1       2636       2074 11.000  14.000 122.5 90.000     2631     2067     2643     2082     12     15      2631      2067      2642      2067      2642      2081      2631      2081      2606      2042      2668      2107 PARcau 9.930891e-01 1.773156e-03 0.005138
    59   2       4448        898  9.000  10.000  70.0 90.000     4443      894     4454      904     11     10      4443       894      4453       894      4453       903      4443       903      4418       869      4479       929 PARcau 9.998981e-01 2.530926e-07 0.000102
    60   1       2634       2071 11.000  12.000 111.5 90.000     2629     2065     2641     2078     12     13      2629      2065      2640      2065      2640      2077      2629      2077      2604      2040      2666      2103 PARcau 8.839878e-01 9.647918e-02 0.019533
    60   2       4443        895  9.000   9.000  66.5 90.000     4439      891     4449      901     10     10      4439       891      4448       891      4448       900      4439       900      4414       866      4474       926 PARcau 4.524833e-01 2.436567e-01 0.303860
    61   1       2632       2069 11.000  12.000 108.0 90.000     2627     2064     2640     2076     13     12      2627      2064      2639      2064      2639      2075      2627      2075      2602      2039      2665      2101 PARcau 1.954901e-01 7.465801e-01 0.057930
    61   2       4438        894  8.000  10.000  67.5 90.000     4434      890     4445      899     11      9      4434       890      4444       890      4444       898      4434       898      4409       865      4470       924 PARcau 6.630935e-01 1.263981e-01 0.210508
    62   1       2631       2069 11.000  12.000 103.0 90.000     2625     2064     2638     2076     13     12      2625      2064      2637      2064      2637      2075      2625      2075      2600      2039      2663      2101 PARcau 5.682514e-01 4.120472e-01 0.019701
    62   2       4433        894  9.000   9.000  67.5 90.000     4429      890     4439      900     10     10      4429       890      4438       890      4438       899      4429       899      4404       865      4464       925 PARcau 7.055236e-01 2.274658e-01 0.067011
    63   1       2629       2071 11.000  11.000 101.0 90.000     2624     2066     2636     2078     12     12      2624      2066      2635      2066      2635      2077      2624      2077      2599      2041      2661      2103 PARcau 4.050177e-01 5.677261e-01 0.027256
    63   2       4428        896  9.000   9.000  70.0 90.000     4424      892     4434      902     10     10      4424       892      4433       892      4433       901      4424       901      4399       867      4459       927 PARcau 3.373984e-01 3.376096e-01 0.324992
    64   1       2629       2075 12.000  12.000 113.5 90.000     2623     2069     2636     2082     13     13      2623      2069      2635      2069      2635      2081      2623      2081      2598      2044      2661      2107 PARcau 9.396827e-01 5.301800e-02 0.007299
    64   2       4423        900  9.000  10.000  69.0 90.000     4419      895     4429      906     10     11      4419       895      4428       895      4428       905      4419       905      4394       870      4454       931 PARcau 1.621726e-01 7.130846e-01 0.124743
    65   1       2629       2079 11.000  13.000 112.5 90.000     2624     2073     2636     2087     12     14      2624      2073      2635      2073      2635      2086      2624      2086      2599      2048      2661      2112 PARcau 9.442534e-01 4.009701e-02 0.015650
    65   2       4419        903  9.000  10.000  71.5 90.000     4414      899     4425      909     11     10      4414       899      4424       899      4424       908      4414       908      4389       874      4450       934 PARcau 2.414817e-01 7.358438e-01 0.022675
    66   2       4414        904 10.000  10.000  73.5 90.000     4409      900     4420      911     11     11      4409       900      4419       900      4419       910      4409       910      4384       875      4445       936 PARcau 3.397295e-01 5.503495e-01 0.109921
    66   1       2631       2084 11.705  12.649 114.0 18.435     2626     2078     2639     2092     13     14      2628      2076      2639      2080      2635      2092      2624      2088      2601      2053      2664      2117 PARcau 9.722281e-01 1.419360e-02 0.013578
    67   2       4409        904  9.000  10.000  74.0 90.000     4405      900     4416      910     11     10      4405       900      4415       900      4415       909      4405       909      4380       875      4441       935 PARcau 8.349454e-01 4.882805e-02 0.116227
    67   1       2635       2088 12.000  13.000 111.0  0.000     2629     2082     2642     2096     13     14      2629      2082      2641      2082      2641      2095      2629      2095      2604      2057      2667      2121 PARcau 7.208817e-01 1.457744e-01 0.133344
    68   2       4405        902 10.000  10.000  75.5 90.000     4400      898     4411      909     11     11      4400       898      4410       898      4410       908      4400       908      4375       873      4436       934 PARcau 7.308986e-01 2.668804e-02 0.242413
    68   1       2639       2092 12.000  13.000 120.0 90.000     2633     2087     2647     2100     14     13      2633      2087      2646      2087      2646      2099      2633      2099      2608      2062      2672      2125 PARcau 7.673677e-01 1.789859e-01 0.053646
    69   2       4401        900  7.810   9.899  61.5 45.000     4397      896     4407      906     10     10      4400       894      4407       901      4402       907      4395       900      4372       871      4432       931 PARcau 9.013095e-01 4.761705e-02 0.051074
    69   1       2643       2095 11.314  14.142 123.0 45.000     2637     2090     2652     2103     15     13      2643      2087      2653      2097      2645      2105      2635      2095      2612      2065      2677      2128 PARcau 3.626847e-01 4.858218e-01 0.151493
    70   2       4397        898  9.000   9.000  63.0 90.000     4393      894     4403      904     10     10      4393       894      4402       894      4402       903      4393       903      4368       869      4428       929 PARcau 3.649306e-01 5.520099e-01 0.083060
    70   1       2648       2097 11.000  13.000 121.5 90.000     2642     2092     2656     2104     14     12      2642      2092      2655      2092      2655      2103      2642      2103      2617      2067      2681      2129 PARcau 8.693576e-01 1.305137e-02 0.117591
    71   2       4394        897  8.062   8.944  58.5 26.565     4390      893     4400      903     10     10      4392       892      4400       896      4396       903      4388       899      4365       868      4425       928 PARcau 9.734555e-01 1.315312e-02 0.013391
    71   1       2653       2097 10.000  15.000 124.0 90.000     2646     2093     2662     2104     16     11      2646      2093      2661      2093      2661      2103      2646      2103      2621      2068      2687      2129 PARcau 8.867719e-01 5.787251e-02 0.055356
    72   2       4391        898  8.000   9.000  55.0 90.000     4388      894     4397      904      9     10      4388       894      4396       894      4396       903      4388       903      4363       869      4422       929 PARcau 9.645330e-01 1.894144e-02 0.016526
    72   1       2658       2097 11.000  13.000 121.0 90.000     2652     2092     2666     2104     14     12      2652      2092      2665      2092      2665      2103      2652      2103      2627      2067      2691      2129 PARcau 9.582576e-01 2.660487e-02 0.015137
    73   2       4390        900  7.000   9.000  56.0 90.000     4387      896     4395      906      8     10      4387       896      4394       896      4394       905      4387       905      4362       871      4420       931 PARcau 3.177043e-01 2.713884e-01 0.410907
    73   1       2662       2097 10.000  13.000 110.5 90.000     2656     2092     2670     2103     14     11      2656      2092      2669      2092      2669      2102      2656      2102      2631      2067      2695      2128 PARcau 9.838480e-01 9.515378e-03 0.006637
    74   2       4389        904  7.000  10.000  59.5 90.000     4386      899     4394      910      8     11      4386       899      4393       899      4393       909      4386       909      4361       874      4419       935 PARcau 2.407088e-01 4.979649e-01 0.261326
    74   1       2665       2097 11.000  12.000 105.5 90.000     2659     2092     2672     2104     13     12      2659      2092      2671      2092      2671      2103      2659      2103      2634      2067      2697      2129 PARcau 1.651561e-01 7.321332e-01 0.102711
    75   1       2666       2098 11.000  11.000 101.5 90.000     2661     2093     2673     2105     12     12      2661      2093      2672      2093      2672      2104      2661      2104      2636      2068      2698      2130 PARcau 7.581712e-01 1.904135e-01 0.051415
    75   2       4388        909  8.000  11.000  67.0 90.000     4385      904     4394      916      9     12      4385       904      4393       904      4393       915      4385       915      4360       879      4419       941 PARcau 8.423129e-01 5.921644e-02 0.098471
    76   1       2666       2100 11.000  11.000 101.0 90.000     2661     2095     2673     2107     12     12      2661      2095      2672      2095      2672      2106      2661      2106      2636      2070      2698      2132 PARcau 9.287857e-01 6.400098e-02 0.007213
    76   0        392       2197  4.123  11.402  19.5 18.435      387     2195      399     2201     12      6       387      2193       398      2196       397      2200       386      2197       362      2170       424      2226 PARcau 4.615394e-05 2.227783e-04 0.999731
    76   2       4387        915  7.000  11.000  61.0  0.000     4384      909     4392      921      8     12      4384       909      4391       909      4391       920      4384       920      4359       884      4417       946 PARcau 2.483516e-01 4.604048e-01 0.291244
    77   0        392       2197  3.162  10.440  17.5 18.435      387     2196      398     2201     11      5       387      2194       397      2197       396      2200       386      2197       362      2171       423      2226 PARcau 1.711003e-05 1.757074e-05 0.999965
    77   1       2666       2103 10.000  13.000 108.5 90.000     2661     2097     2672     2111     11     14      2661      2097      2671      2097      2671      2110      2661      2110      2636      2072      2697      2136 PARcau 6.921873e-01 1.238065e-01 0.184006
    77   2       4386        920  8.000  10.000  63.0 90.000     4382      916     4391      927      9     11      4382       916      4390       916      4390       926      4382       926      4357       891      4416       952 PARcau 9.129671e-01 6.585300e-02 0.021180
    78   1       2665       2107 11.000  13.000 115.0 90.000     2660     2101     2672     2115     12     14      2660      2101      2671      2101      2671      2114      2660      2114      2635      2076      2697      2140 PARcau 9.869459e-01 9.570680e-03 0.003483
    78   2       4383        924  9.000   9.000  66.5 90.000     4379      920     4389      930     10     10      4379       920      4388       920      4388       929      4379       929      4354       895      4414       955 PARcau 2.163659e-01 7.660831e-01 0.017551
    79   1       2665       2112 11.000  13.000 118.0 90.000     2660     2106     2672     2120     12     14      2660      2106      2671      2106      2671      2119      2660      2119      2635      2081      2697      2145 PARcau 9.986326e-01 6.509493e-04 0.000716
    79   2       4379        927  9.000   9.000  64.0 90.000     4375      923     4385      933     10     10      4375       923      4384       923      4384       932      4375       932      4350       898      4410       958 PARcau 1.205680e-01 8.619012e-01 0.017531
    80   2       4374        928  8.544  10.770  68.0 18.435     4370      924     4381      934     11     10      4371       922      4381       926      4378       934      4368       930      4345       899      4406       959 PARcau 2.230682e-01 6.967458e-01 0.080186
    80   1       2666       2117 11.000  14.000 124.5  0.000     2661     2110     2673     2125     12     15      2661      2110      2672      2110      2672      2124      2661      2124      2636      2085      2698      2150 PARcau 9.712980e-01 1.435051e-02 0.014352
    81   1       2668       2121 12.000  13.000 123.0 90.000     2663     2115     2676     2129     13     14      2663      2115      2675      2115      2675      2128      2663      2128      2638      2090      2701      2154 PARcau 7.389470e-01 2.187751e-01 0.042278
    81   2       4368        927  9.000  10.000  67.5 90.000     4364      923     4375      933     11     10      4364       923      4374       923      4374       932      4364       932      4339       898      4400       958 PARcau 3.019252e-01 2.978746e-01 0.400200
    82   2       4363        926  8.000  10.000  64.0 90.000     4358      922     4369      931     11      9      4358       922      4368       922      4368       930      4358       930      4333       897      4394       956 PARcau 9.114994e-01 4.785830e-02 0.040642
    82   1       2672       2125 12.000  13.000 124.0 90.000     2666     2119     2680     2132     14     13      2666      2119      2679      2119      2679      2131      2666      2131      2641      2094      2705      2157 PARcau 6.757050e-01 2.132970e-01 0.110998
    83   2       4358        924  9.000   9.000  63.0 90.000     4354      920     4364      930     10     10      4354       920      4363       920      4363       929      4354       929      4329       895      4389       955 PARcau 1.403496e-01 8.394670e-01 0.020183
    83   1       2677       2127 12.000  13.000 125.5 90.000     2671     2121     2685     2134     14     13      2671      2121      2684      2121      2684      2133      2671      2133      2646      2096      2710      2159 PARcau 9.270528e-01 3.952950e-02 0.033418
    84   2       4354        923  8.485   9.899  59.5 45.000     4350      919     4360      929     10     10      4354       917      4361       924      4355       930      4348       923      4325       894      4385       954 PARcau 6.635827e-01 3.251398e-01 0.011278
    84   1       2682       2127 10.000  14.000 119.5 90.000     2675     2123     2690     2134     15     11      2675      2123      2689      2123      2689      2133      2675      2133      2650      2098      2715      2159 PARcau 9.928142e-01 3.529679e-03 0.003656
    85   2       4351        924  9.000   9.000  63.5 90.000     4347      920     4357      930     10     10      4347       920      4356       920      4356       929      4347       929      4322       895      4382       955 PARcau 9.885392e-01 7.997822e-04 0.010661
    85   1       2687       2127 11.000  14.000 123.0 90.000     2680     2122     2695     2134     15     12      2680      2122      2694      2122      2694      2133      2680      2133      2655      2097      2720      2159 PARcau 8.579632e-01 1.181380e-01 0.023899
    86   2       4348        927  8.000  10.000  66.5 90.000     4345      923     4354      934      9     11      4345       923      4353       923      4353       933      4345       933      4320       898      4379       959 PARcau 9.989416e-01 6.289079e-05 0.000995
    86   1       2691       2126 11.000  13.000 119.5 90.000     2685     2121     2699     2133     14     12      2685      2121      2698      2121      2698      2132      2685      2132      2660      2096      2724      2158 PARcau 7.013510e-01 2.144943e-01 0.084155
    87   1       2694       2126 11.000  12.000 112.0 90.000     2689     2121     2702     2133     13     12      2689      2121      2701      2121      2701      2132      2689      2132      2664      2096      2727      2158 PARcau 9.981828e-01 8.582569e-04 0.000959
    87   2       4346        932  7.000  10.000  61.5 90.000     4343      927     4351      938      8     11      4343       927      4350       927      4350       937      4343       937      4318       902      4376       963 PARcau 8.505686e-01 7.391828e-02 0.075513
    88   1       2697       2126 11.000  12.000 109.0 90.000     2691     2121     2704     2133     13     12      2691      2121      2703      2121      2703      2132      2691      2132      2666      2096      2729      2158 PARcau 2.212868e-01 7.354775e-01 0.043236
    88   2       4344        937  8.000  11.000  69.5 90.000     4340      932     4349      944      9     12      4340       932      4348       932      4348       943      4340       943      4315       907      4374       969 PARcau 4.022229e-02 7.545111e-01 0.205267
    89   1       2698       2127 11.000  12.000 105.0 90.000     2692     2122     2705     2134     13     12      2692      2122      2704      2122      2704      2133      2692      2133      2667      2097      2730      2159 PARcau 9.677835e-01 2.281244e-02 0.009404
    89   2       4342        942  8.000  11.000  65.0 90.000     4339      937     4348      949      9     12      4339       937      4347       937      4347       948      4339       948      4314       912      4373       974 PARcau 1.556403e-01 7.573184e-01 0.087041
    90   1       2699       2129 11.314  11.314 102.0 45.000     2694     2123     2706     2137     12     14      2699      2121      2707      2129      2699      2137      2691      2129      2669      2098      2731      2162 PARcau 6.085873e-01 3.376696e-01 0.053743
    90   2       4341        948  8.000  10.000  63.5 90.000     4337      943     4346      954      9     11      4337       943      4345       943      4345       953      4337       953      4312       918      4371       979 PARcau 8.791423e-01 1.049186e-01 0.015939
    91   1       2699       2130 11.314  11.314 106.5 45.000     2693     2124     2706     2137     13     13      2699      2122      2707      2130      2699      2138      2691      2130      2668      2099      2731      2162 PARcau 4.428959e-01 5.279595e-01 0.029145
    91   2       4339        952  9.000   9.000  60.0 90.000     4335      948     4345      958     10     10      4335       948      4344       948      4344       957      4335       957      4310       923      4370       983 PARcau 1.666432e-01 6.489131e-01 0.184444
    92   1       2697       2126 11.000  12.000 107.5 90.000     2692     2120     2704     2133     12     13      2692      2120      2703      2120      2703      2132      2692      2132      2667      2095      2729      2158 PARcau 9.677739e-01 1.918334e-02 0.013043
    92   2       4336        955  9.000   9.000  61.0 90.000     4332      951     4342      961     10     10      4332       951      4341       951      4341       960      4332       960      4307       926      4367       986 PARcau 7.027105e-01 2.329081e-01 0.064381
    93   2       4332        956  9.192   9.192  66.0 45.000     4327      952     4338      962     11     10      4332       950      4338       956      4332       963      4325       956      4302       927      4363       987 PARcau 9.937344e-01 1.151187e-03 0.005114
    93   1       2695       2122 10.630  12.728 104.0 45.000     2689     2117     2702     2130     13     13      2694      2114      2703      2123      2696      2131      2687      2122      2664      2092      2727      2155 PARcau 9.778401e-01 1.213244e-02 0.010027
    94   1       2695       2123 10.607  13.435 110.5 45.000     2689     2118     2703     2131     14     13      2694      2115      2704      2125      2696      2132      2687      2123      2664      2093      2728      2156 PARcau 9.965742e-01 6.631252e-04 0.002763
    94   2       4326        957  9.000  10.000  72.0 90.000     4322      953     4333      963     11     10      4322       953      4332       953      4332       962      4322       962      4297       928      4358       988 PARcau 7.861801e-01 6.981599e-02 0.144004
    95   1       2697       2126 10.124  13.730 101.0 56.310     2691     2121     2704     2134     13     13      2689      2123      2698      2118      2705      2129      2697      2135      2666      2096      2729      2159 PARcau 9.507816e-01 2.144648e-02 0.027772
    95   2       4321        958  8.000   9.000  63.5 90.000     4317      955     4327      964     10      9      4317       955      4326       955      4326       963      4317       963      4292       930      4352       989 PARcau 9.701689e-01 4.629553e-03 0.025202
    96   1       2699       2129 11.000  11.000  91.0 90.000     2694     2124     2706     2136     12     12      2694      2124      2705      2124      2705      2135      2694      2135      2669      2099      2731      2161 PARcau 7.407718e-01 2.449854e-01 0.014243
    96   2       4316        961  8.000  10.000  63.0 90.000     4311      957     4322      966     11      9      4311       957      4321       957      4321       965      4311       965      4286       932      4347       991 PARcau 7.230601e-02 8.902490e-01 0.037445
    97   1       2700       2131 10.000  11.000  81.0 90.000     2695     2126     2706     2138     11     12      2695      2126      2705      2126      2705      2137      2695      2137      2670      2101      2731      2163 PARcau 7.693428e-01 1.470525e-01 0.083605
    97   2       4312        964  8.000   9.000  67.0 90.000     4308      960     4317      970      9     10      4308       960      4316       960      4316       969      4308       969      4283       935      4342       995 PARcau 4.616028e-01 5.153024e-01 0.023095
    98   1       2701       2131 10.000  10.000  77.0 90.000     2696     2127     2707     2138     11     11      2696      2127      2706      2127      2706      2137      2696      2137      2671      2102      2732      2163 PARcau 9.824044e-01 8.053599e-03 0.009542
    98   2       4309        969  8.000  10.000  65.0 90.000     4305      964     4314      975      9     11      4305       964      4313       964      4313       974      4305       974      4280       939      4339      1000 PARcau 2.935345e-01 5.112484e-01 0.195217
    99   1       2701       2130 11.180  11.180  86.0 26.565     2696     2125     2708     2137     12     12      2699      2123      2709      2128      2704      2138      2694      2133      2671      2100      2733      2162 PARcau 9.703748e-01 2.504357e-02 0.004582
    99   2       4307        974  7.000  11.000  66.5 90.000     4304      969     4312      981      8     12      4304       969      4311       969      4311       980      4304       980      4279       944      4337      1006 PARcau 7.204874e-01 3.544977e-02 0.244063
   100   1       2703       2127 11.000  12.000 101.5 90.000     2698     2122     2710     2135     12     13      2698      2122      2709      2122      2709      2134      2698      2134      2673      2097      2735      2160 PARcau 9.881918e-01 6.230272e-03 0.005578
   100   2       4306        979  8.000  10.000  67.5 90.000     4302      974     4311      985      9     11      4302       974      4310       974      4310       984      4302       984      4277       949      4336      1010 PARcau 6.311044e-01 3.017735e-01 0.067122
   101   1       2705       2124 11.000  13.000 111.0 90.000     2700     2118     2712     2132     12     14      2700      2118      2711      2118      2711      2131      2700      2131      2675      2093      2737      2157 PARcau 8.815760e-01 7.906740e-02 0.039357
   101   2       4304        983  8.000  10.000  65.5 90.000     4300      979     4309      990      9     11      4300       979      4308       979      4308       989      4300       989      4275       954      4334      1015 PARcau 2.954889e-01 4.320439e-01 0.272467
   102   2       4301        986  9.000   9.000  68.0 90.000     4297      982     4307      992     10     10      4297       982      4306       982      4306       991      4297       991      4272       957      4332      1017 PARcau 9.408774e-01 5.529909e-02 0.003823
   102   1       2708       2120 11.000  13.000 112.0 90.000     2703     2114     2715     2128     12     14      2703      2114      2714      2114      2714      2127      2703      2127      2678      2089      2740      2153 PARcau 9.898434e-01 1.271622e-03 0.008885
   103   2       4297        987  8.000   9.000  62.5 90.000     4293      984     4303      993     10      9      4293       984      4302       984      4302       992      4293       992      4268       959      4328      1018 PARcau 1.414101e-01 5.555587e-01 0.303031
   103   1       2711       2117 12.000  12.000 115.5 90.000     2706     2112     2719     2125     13     13      2706      2112      2718      2112      2718      2124      2706      2124      2681      2087      2744      2150 PARcau 7.427501e-01 9.954230e-02 0.157708
   104   1       2715       2115 12.000  13.000 120.0 90.000     2709     2110     2723     2123     14     13      2709      2110      2722      2110      2722      2122      2709      2122      2684      2085      2748      2148 PARcau 9.046499e-01 6.773175e-02 0.027618
   104   2       4292        988  9.000  10.000  67.0 90.000     4287      984     4298      994     11     10      4287       984      4297       984      4297       993      4287       993      4262       959      4323      1019 PARcau 8.759645e-01 8.489124e-02 0.039144
   105   2       4287        988  8.485   8.485  62.5 45.000     4282      984     4293      993     11      9      4287       982      4293       988      4287       994      4281       988      4257       959      4318      1018 PARcau 1.626372e-01 4.766482e-01 0.360715
   105   1       2719       2115 11.000  13.000 121.5 90.000     2713     2110     2727     2122     14     12      2713      2110      2726      2110      2726      2121      2713      2121      2688      2085      2752      2147 PARcau 9.192232e-01 4.983148e-02 0.030945
   106   2       4283        988  8.000  10.000  61.0 90.000     4278      985     4289      994     11      9      4278       985      4288       985      4288       993      4278       993      4253       960      4314      1019 PARcau 9.111367e-02 8.496767e-01 0.059210
   106   1       2723       2116 11.000  13.000 118.0 90.000     2717     2111     2731     2123     14     12      2717      2111      2730      2111      2730      2122      2717      2122      2692      2086      2756      2148 PARcau 3.373550e-01 6.038064e-01 0.058839
   107   2       4279        990  8.000   8.000  58.0 90.000     4276      986     4285      995      9      9      4276       986      4284       986      4284       994      4276       994      4251       961      4310      1020 PARcau 2.677352e-01 4.811366e-01 0.251128
   107   1       2727       2118 11.314  14.142 119.5 45.000     2721     2112     2735     2125     14     13      2726      2109      2736      2119      2728      2127      2718      2117      2696      2087      2760      2150 PARcau 9.156931e-01 2.009450e-02 0.064212
   108   2       4277        993  8.000  10.000  61.0  0.000     4274      988     4283      999      9     11      4274       988      4282       988      4282       998      4274       998      4249       963      4308      1024 PARcau 4.268779e-01 4.443699e-01 0.128752
   108   1       2730       2121 12.000  13.000 121.0 90.000     2724     2116     2738     2129     14     13      2724      2116      2737      2116      2737      2128      2724      2128      2699      2091      2763      2154 PARcau 9.382535e-01 3.456714e-02 0.027179
   109   2       4276        997  7.000  10.000  58.5  0.000     4273      992     4281     1003      8     11      4273       992      4280       992      4280      1002      4273      1002      4248       967      4306      1028 PARcau 8.499113e-01 9.452874e-02 0.055560
   109   1       2733       2125 12.000  13.000 126.5 90.000     2727     2119     2740     2133     13     14      2727      2119      2739      2119      2739      2132      2727      2132      2702      2094      2765      2158 PARcau 9.996394e-01 1.744866e-05 0.000343
   110   2       4275       1001  8.000  10.000  62.0 90.000     4271      997     4280     1008      9     11      4271       997      4279       997      4279      1007      4271      1007      4246       972      4305      1033 PARcau 8.284391e-01 1.007590e-01 0.070802
   110   1       2735       2129 11.000  13.000 121.5 90.000     2730     2123     2742     2137     12     14      2730      2123      2741      2123      2741      2136      2730      2136      2705      2098      2767      2162 PARcau 4.834049e-01 3.625193e-01 0.154076
   111   2       4273       1004  8.000   9.000  61.0 90.000     4269     1000     4278     1010      9     10      4269      1000      4277      1000      4277      1009      4269      1009      4244       975      4303      1035 PARcau 2.906256e-01 6.421511e-01 0.067223
   111   1       2736       2133 11.000  12.000 114.0 90.000     2731     2127     2743     2140     12     13      2731      2127      2742      2127      2742      2139      2731      2139      2706      2102      2768      2165 PARcau 7.082983e-01 2.772121e-01 0.014490
   112   2       4270       1005  8.000   8.000  55.5 90.000     4266     1002     4275     1011      9      9      4266      1002      4274      1002      4274      1010      4266      1010      4241       977      4300      1036 PARcau 1.631010e-01 7.156836e-01 0.121215
   112   1       2737       2135 11.000  12.000 108.0 90.000     2732     2130     2744     2143     12     13      2732      2130      2743      2130      2743      2142      2732      2142      2707      2105      2769      2168 PARcau 9.593428e-01 2.376341e-02 0.016894
   113   2       4267       1005  7.778   9.192  60.0 45.000     4263     1001     4273     1011     10     10      4266       999      4273      1006      4267      1011      4261      1005      4238       976      4298      1036 PARcau 5.839423e-01 3.528601e-01 0.063198
   113   1       2739       2137 11.000  12.000 104.0 90.000     2733     2132     2746     2144     13     12      2733      2132      2745      2132      2745      2143      2733      2143      2708      2107      2771      2169 PARcau 2.799104e-01 7.012136e-01 0.018876
   114   1       2741       2138 11.000  12.000 105.0 90.000     2735     2133     2748     2145     13     12      2735      2133      2747      2133      2747      2144      2735      2144      2710      2108      2773      2170 PARcau 9.840469e-01 6.992576e-03 0.008961
   114   2       4264       1002  9.000   9.000  59.5 90.000     4260      998     4270     1008     10     10      4260       998      4269       998      4269      1007      4260      1007      4235       973      4295      1033 PARcau 3.513981e-01 4.866498e-01 0.161952
   115   1       2744       2137 11.000  12.000 110.5 90.000     2738     2132     2751     2144     13     12      2738      2132      2750      2132      2750      2143      2738      2143      2713      2107      2776      2169 PARcau 2.778746e-01 5.577008e-01 0.164425
   115   2       4261        999  7.382  10.512  62.0 63.435     4257      994     4267     1005     10     11      4256       996      4262       992      4267      1002      4260      1005      4232       969      4292      1030 PARcau 6.107739e-01 2.226556e-01 0.166571
   116   1       2747       2136 11.314  13.454 115.5 45.000     2741     2130     2756     2143     15     13      2739      2137      2748      2127      2756      2135      2747      2145      2716      2105      2781      2168 PARcau 6.027373e-01 2.992302e-01 0.098032
   116   2       4257        995  9.000   9.000  62.0 90.000     4253      991     4263     1001     10     10      4253       991      4262       991      4262      1000      4253      1000      4228       966      4288      1026 PARcau 7.789945e-02 8.983375e-01 0.023763
   117   1       2752       2134 11.000  14.000 121.0 90.000     2745     2129     2760     2141     15     12      2745      2129      2759      2129      2759      2140      2745      2140      2720      2104      2785      2166 PARcau 9.696941e-01 5.325736e-03 0.024980
   117   2       4253        992  8.000  10.000  61.0 90.000     4249      989     4260      998     11      9      4249       989      4259       989      4259       997      4249       997      4224       964      4285      1023 PARcau 7.165234e-01 1.538552e-01 0.129621
   118   2       4249        991  9.000   9.000  61.5  0.000     4245      987     4255      997     10     10      4245       987      4254       987      4254       996      4245       996      4220       962      4280      1022 PARcau 7.817126e-01 1.224974e-01 0.095790
   118   1       2756       2132 11.000  13.000 121.5 90.000     2750     2127     2764     2139     14     12      2750      2127      2763      2127      2763      2138      2750      2138      2725      2102      2789      2164 PARcau 7.584757e-02 7.091985e-01 0.214954
   119   2       4245        992  8.000   9.000  61.5 90.000     4241      989     4251      998     10      9      4241       989      4250       989      4250       997      4241       997      4216       964      4276      1023 PARcau 8.735794e-01 2.755863e-02 0.098862
   119   1       2761       2131 11.000  14.000 121.0 90.000     2754     2126     2769     2138     15     12      2754      2126      2768      2126      2768      2137      2754      2137      2729      2101      2794      2163 PARcau 8.376862e-01 1.114841e-01 0.050830
   120   2       4242        995  8.000   9.000  60.0 90.000     4238      991     4247     1001      9     10      4238       991      4246       991      4246      1000      4238      1000      4213       966      4272      1026 PARcau 7.189091e-01 1.768916e-01 0.104199
   120   1       2765       2131 11.000  14.000 117.0 90.000     2758     2126     2773     2138     15     12      2758      2126      2772      2126      2772      2137      2758      2137      2733      2101      2798      2163 PARcau 9.419488e-01 2.768077e-02 0.030370
   121   1       2768       2131 11.000  13.000 113.5 90.000     2762     2126     2776     2138     14     12      2762      2126      2775      2126      2775      2137      2762      2137      2737      2101      2801      2163 PARcau 7.446015e-01 2.021428e-01 0.053256
   121   2       4239        999  9.000   9.000  63.0 90.000     4235      995     4245     1005     10     10      4235       995      4244       995      4244      1004      4235      1004      4210       970      4270      1030 PARcau 8.209211e-01 9.093373e-02 0.088145
   122   1       2771       2133 11.000  12.000 111.5 90.000     2765     2128     2778     2140     13     12      2765      2128      2777      2128      2777      2139      2765      2139      2740      2103      2803      2165 PARcau 6.784375e-01 2.413175e-01 0.080245
   122   2       4236       1003  8.000   9.000  61.0 90.000     4232      999     4241     1009      9     10      4232       999      4240       999      4240      1008      4232      1008      4207       974      4266      1034 PARcau 8.229133e-01 7.396793e-02 0.103119
   123   1       2772       2136 12.000  12.000 113.5 90.000     2767     2130     2780     2143     13     13      2767      2130      2779      2130      2779      2142      2767      2142      2742      2105      2805      2168 PARcau 9.991310e-01 4.236093e-05 0.000827
   123   2       4233       1007  8.485   9.220  60.5 45.000     4229     1003     4239     1013     10     10      4227      1007      4234      1001      4240      1007      4233      1013      4204       978      4264      1038 PARcau 1.066378e-01 8.628175e-01 0.030545
   124   2       4230       1009  7.000   9.000  53.0 90.000     4227     1005     4235     1015      8     10      4227      1005      4234      1005      4234      1014      4227      1014      4202       980      4260      1040 PARcau 5.277415e-01 4.322739e-01 0.039985
   124   1       2773       2140 11.000  13.000 118.0 90.000     2768     2134     2780     2148     12     14      2768      2134      2779      2134      2779      2147      2768      2147      2743      2109      2805      2173 PARcau 9.748473e-01 1.439786e-02 0.010755
   125   2       4227       1010  8.000   8.000  55.5 90.000     4224     1006     4233     1015      9      9      4224      1006      4232      1006      4232      1014      4224      1014      4199       981      4258      1040 PARcau 2.929778e-01 6.166743e-01 0.090348
   125   1       2773       2145 11.000  13.000 119.0 90.000     2768     2139     2780     2153     12     14      2768      2139      2779      2139      2779      2152      2768      2152      2743      2114      2805      2178 PARcau 3.579248e-01 4.935691e-01 0.148506
   126   2       4225       1008  8.000   8.000  50.5 90.000     4221     1004     4230     1013      9      9      4221      1004      4229      1004      4229      1012      4221      1012      4196       979      4255      1038 PARcau 2.639034e-02 9.188125e-01 0.054797
   126   1       2773       2150 12.000  14.000 128.0 90.000     2767     2144     2780     2159     13     15      2767      2144      2779      2144      2779      2158      2767      2158      2742      2119      2805      2184 PARcau 9.233490e-01 1.550630e-02 0.061145
   127   2       4223       1004  8.000  10.000  59.5 90.000     4219     1000     4228     1011      9     11      4219      1000      4227      1000      4227      1010      4219      1010      4194       975      4253      1036 PARcau 3.425038e-01 2.559720e-01 0.401524
   127   1       2771       2155 11.000  14.000 124.5 90.000     2766     2149     2778     2164     12     15      2766      2149      2777      2149      2777      2163      2766      2163      2741      2124      2803      2189 PARcau 9.324152e-01 4.886968e-02 0.018715
   128   2       4220       1000  7.071   9.899  59.5 45.000     4216      996     4225     1007      9     11      4219       995      4226      1002      4221      1007      4214      1000      4191       971      4250      1032 PARcau 3.565440e-01 2.517540e-01 0.391702
   128   1       2769       2160 11.000  13.000 119.0 90.000     2764     2154     2776     2168     12     14      2764      2154      2775      2154      2775      2167      2764      2167      2739      2129      2801      2193 PARcau 9.873239e-01 8.099383e-03 0.004577
   129   1       2768       2163 12.000  12.000 118.0 90.000     2762     2158     2775     2171     13     13      2762      2158      2774      2158      2774      2170      2762      2170      2737      2133      2800      2196 PARcau 8.375798e-01 1.032091e-01 0.059211
   129   2       4215        997  8.276  10.512  63.5 26.565     4211      993     4222     1003     11     10      4213       991      4222       995      4219      1003      4209       998      4186       968      4247      1028 PARcau 5.816864e-01 1.806903e-01 0.237623
   130   1       2766       2166 11.000  12.000 107.5 90.000     2761     2161     2773     2174     12     13      2761      2161      2772      2161      2772      2173      2761      2173      2736      2136      2798      2199 PARcau 1.228638e-01 8.291969e-01 0.047939
   130   2       4211        994  9.000   9.000  67.5 90.000     4207      990     4217     1000     10     10      4207       990      4216       990      4216       999      4207       999      4182       965      4242      1025 PARcau 9.666903e-01 5.462383e-03 0.027847
   131   1       2766       2168 11.180  11.180 100.0 63.435     2761     2162     2773     2175     12     13      2758      2165      2768      2160      2773      2170      2763      2175      2736      2137      2798      2200 PARcau 7.176352e-01 2.496276e-01 0.032737
   131   2       4206        993  9.000   9.000  65.0 90.000     4202      989     4212      999     10     10      4202       989      4211       989      4211       998      4202       998      4177       964      4237      1024 PARcau 8.766835e-01 3.032083e-02 0.092996
   132   1       2766       2168 11.000  11.000  95.0 90.000     2761     2163     2773     2175     12     12      2761      2163      2772      2163      2772      2174      2761      2174      2736      2138      2798      2200 PARcau 3.286657e-01 6.058023e-01 0.065532
   132   2       4201        994  8.000   9.000  63.0 90.000     4197      990     4207      999     10      9      4197       990      4206       990      4206       998      4197       998      4172       965      4232      1024 PARcau 2.290937e-01 6.134973e-01 0.157409
   133   1       2768       2167 10.817  13.038  97.5 56.310     2762     2162     2775     2174     13     12      2759      2166      2770      2159      2776      2168      2765      2175      2737      2137      2800      2199 PARcau 4.595898e-01 3.833753e-01 0.157035
   133   2       4196        995  8.000   9.000  60.0 90.000     4192      992     4202     1001     10      9      4192       992      4201       992      4201      1000      4192      1000      4167       967      4227      1026 PARcau 5.235031e-01 6.663708e-02 0.409860
   134   0        389       2197  3.162  10.440  18.5 18.435      384     2196      395     2201     11      5       384      2194       394      2197       393      2200       383      2197       359      2171       420      2226 PARcau 6.873024e-07 2.061622e-07 0.999999
   134   1       2771       2166 10.770  13.928 102.0 68.199     2765     2160     2778     2173     13     13      2762      2163      2775      2158      2779      2168      2766      2173      2740      2135      2803      2198 PARcau 9.328800e-01 3.875540e-02 0.028365
   134   2       4192        998  8.000   9.000  62.5 90.000     4188      994     4198     1003     10      9      4188       994      4197       994      4197      1002      4188      1002      4163       969      4223      1028 PARcau 3.339799e-01 5.136984e-01 0.152322
   135   0        389       2197  3.162  10.440  19.5 18.435      384     2196      395     2201     11      5       384      2194       394      2197       393      2200       383      2197       359      2171       420      2226 PARcau 1.567597e-06 3.275063e-06 0.999995
   135   2       4189        999  8.000   8.000  57.5 90.000     4186      996     4195     1005      9      9      4186       996      4194       996      4194      1004      4186      1004      4161       971      4220      1030 PARcau 2.178320e-01 7.097389e-01 0.072429
   135   1       2775       2164 11.068  14.230 115.0 71.565     2769     2159     2784     2171     15     12      2767      2161      2780      2157      2784      2167      2770      2172      2744      2134      2809      2196 PARcau 7.521108e-01 1.371125e-01 0.110777
   136   0        389       2197  3.162  10.440  16.5 15.945      384     2195      395     2201     11      6       384      2194       394      2197       393      2200       383      2197       359      2170       420      2226 PARcau 2.857485e-05 2.155571e-05 0.999950
   136   2       4187        999  8.000   9.000  58.5 90.000     4183      995     4192     1005      9     10      4183       995      4191       995      4191      1004      4183      1004      4158       970      4217      1030 PARcau 4.888571e-01 3.801347e-01 0.131008
   136   1       2780       2163 11.000  14.000 123.5 90.000     2774     2158     2789     2170     15     12      2774      2158      2788      2158      2788      2169      2774      2169      2749      2133      2814      2195 PARcau 8.574281e-01 1.034018e-01 0.039170
   137   2       4185        997  8.000   9.000  58.5 90.000     4181      993     4190     1003      9     10      4181       993      4189       993      4189      1002      4181      1002      4156       968      4215      1028 PARcau 9.947309e-01 2.905902e-03 0.002363
   137   1       2786       2162 10.000  14.000 123.0 90.000     2779     2158     2794     2169     15     11      2779      2158      2793      2158      2793      2168      2779      2168      2754      2133      2819      2194 PARcau 6.106664e-01 1.116819e-01 0.277652
   138   2       4183        994  8.000  10.000  60.0 90.000     4179      990     4188     1001      9     11      4179       990      4187       990      4187      1000      4179      1000      4154       965      4213      1026 PARcau 9.765138e-01 7.914546e-03 0.015572
   138   1       2791       2163 11.000  15.000 126.0 90.000     2784     2158     2800     2170     16     12      2784      2158      2799      2158      2799      2169      2784      2169      2759      2133      2825      2195 PARcau 3.329475e-01 5.240402e-01 0.143012
   139   2       4179        991  8.000  10.000  62.0 90.000     4176      986     4185      997      9     11      4176       986      4184       986      4184       996      4176       996      4151       961      4210      1022 PARcau 7.786861e-01 5.884253e-03 0.215430
   139   1       2796       2164 12.042  12.728 126.5 45.000     2789     2159     2804     2172     15     13      2796      2156      2805      2165      2796      2173      2787      2164      2764      2134      2829      2197 PARcau 1.329034e-01 8.253667e-01 0.041730
   140   2       4176        987  7.071  11.314  57.5 45.000     4172      983     4182      993     10     10      4175       981      4183       989      4178       994      4170       986      4147       958      4207      1018 PARcau 3.747005e-01 2.384614e-01 0.386838
   140   1       2799       2167 12.000  12.000 120.0 90.000     2794     2162     2807     2175     13     13      2794      2162      2806      2162      2806      2174      2794      2174      2769      2137      2832      2200 PARcau 1.949274e-01 6.726222e-01 0.132450
   141   2       4173        984  7.778  10.607  65.0 45.000     4169      979     4179      990     10     11      4172       977      4180       985      4174       990      4167       983      4144       954      4204      1015 PARcau 7.067053e-01 2.354921e-01 0.057803
   141   1       2802       2171 11.000  12.000 115.0 90.000     2797     2166     2809     2179     12     13      2797      2166      2808      2166      2808      2178      2797      2178      2772      2141      2834      2204 PARcau 9.751725e-01 1.144300e-02 0.013384
   142   2       4170        981  8.000   9.000  55.5 90.000     4166      977     4175      987      9     10      4166       977      4174       977      4174       986      4166       986      4141       952      4200      1012 PARcau 8.030635e-01 1.103142e-01 0.086622
   142   1       2803       2176 12.000  13.000 124.5 90.000     2797     2170     2810     2184     13     14      2797      2170      2809      2170      2809      2183      2797      2183      2772      2145      2835      2209 PARcau 9.776987e-01 2.146069e-02 0.000841
   143   2       4167        981  8.000   9.000  56.0 90.000     4163      977     4172      987      9     10      4163       977      4171       977      4171       986      4163       986      4138       952      4197      1012 PARcau 4.837529e-01 2.747893e-01 0.241458
   143   1       2802       2182 11.000  14.000 128.5 90.000     2797     2175     2809     2190     12     15      2797      2175      2808      2175      2808      2189      2797      2189      2772      2150      2834      2215 PARcau 8.511841e-01 1.448195e-01 0.003996
   144   2       4163        982  8.485   9.220  57.5 45.000     4159      978     4169      988     10     10      4157       982      4164       976      4170       982      4163       988      4134       953      4194      1013 PARcau 1.149637e-01 7.268726e-01 0.158164
   144   1       2801       2187 11.000  14.000 127.0 90.000     2796     2180     2808     2195     12     15      2796      2180      2807      2180      2807      2194      2796      2194      2771      2155      2833      2220 PARcau 9.545200e-01 4.168073e-02 0.003799
   144   0        376       2199  8.062  32.140 140.0  5.440      361     2195      394     2206     33     11       361      2194       393      2197       392      2205       360      2202       336      2170       419      2231 PARcau 1.675178e-02 1.557118e-01 0.827536
   145   2       4160        985  8.000  10.000  63.5 90.000     4156      981     4165      992      9     11      4156       981      4164       981      4164       991      4156       991      4131       956      4190      1017 PARcau 3.523753e-01 3.714490e-01 0.276176
   145   1       2800       2192 11.000  14.000 123.5 90.000     2794     2185     2806     2200     12     15      2794      2185      2805      2185      2805      2199      2794      2199      2769      2160      2831      2225 PARcau 9.352459e-01 4.523286e-02 0.019521
   146   2       4156        988  7.778   9.192  56.0 45.000     4152      984     4161      994      9     10      4150       989      4156       982      4162       988      4155       994      4127       959      4186      1019 PARcau 8.880378e-02 8.527949e-01 0.058401
   146   1       2799       2196 12.000  13.000 123.0 90.000     2793     2190     2806     2204     13     14      2793      2190      2805      2190      2805      2203      2793      2203      2768      2165      2831      2229 PARcau 6.987190e-02 8.342534e-01 0.095875
   147   2       4152        990  8.000   9.000  60.0 90.000     4148      987     4158      996     10      9      4148       987      4157       987      4157       995      4148       995      4123       962      4183      1021 PARcau 8.833259e-01 7.523157e-02 0.041443
   147   1       2799       2199 11.000  11.000 100.0 90.000     2794     2194     2806     2206     12     12      2794      2194      2805      2194      2805      2205      2794      2205      2769      2169      2831      2231 PARcau 1.530956e-01 1.275679e-01 0.719337
   148   1       2800       2201 10.000  11.000  87.0 90.000     2795     2197     2807     2208     12     11      2795      2197      2806      2197      2806      2207      2795      2207      2770      2172      2832      2233 PARcau 5.452664e-02 1.749232e-01 0.770550
   148   2       4147        991  8.000   9.000  62.5 90.000     4143      987     4153      996     10      9      4143       987      4152       987      4152       995      4143       995      4118       962      4178      1021 PARcau 7.887832e-01 1.098884e-01 0.101328
   149   2       4143        989  7.810   9.899  57.5 45.000     4139      985     4149      995     10     10      4143       983      4150       990      4144       995      4137       988      4114       960      4174      1020 PARcau 9.299960e-01 3.145293e-02 0.038551
   149   1       2804       2204 10.607  12.021 100.0 45.000     2798     2199     2812     2211     14     12      2804      2196      2813      2205      2805      2212      2797      2204      2773      2174      2837      2236 PARcau 1.567880e-01 6.322460e-01 0.210966