 Frame  ID  CentroidX  CentroidY  Width  Length  Area  Angle  Box_TLX  Box_TLY  Box_BRX  Box_BRY  Box_W  Box_H  rBox_TLX  rBox_TLY  rBox_TRX  rBox_TRY  rBox_BRX  rBox_BRY  rBox_BLX  rBox_BLY  lBox_TLX  lBox_TLY  lBox_BRX  lBox_BRY  Label       DIDnas       NONpro   PARcau
    21   0       2764       2746  6.000   6.000  27.5 90.000     2762     2743     2769     2750      7      7      2762      2743      2768      2743      2768      2749      2762      2749      2737      2718      2794      2775 PARcau 3.085346e-01 6.420578e-01 0.049408
    21   1        415       2694  9.301  19.300 127.5 53.130      409     2687      424     2703     15     16       414      2684       425      2699       418      2705       406      2689       384      2662       449      2728 PARcau 2.281499e-03 1.973278e-07 0.997718
    21   2       2171       2680  5.657   7.071  29.5 45.000     2169     2678     2176     2685      7      7      2171      2676      2176      2681      2172      2685      2167      2680      2144      2653      2201      2710 PARcau 6.595983e-01 3.067439e-01 0.033658
    21   3       5099       2523  7.159   8.732  40.5 14.036     5095     2519     5105     2528     10      9      5095      2518      5104      2520      5102      2527      5094      2525      5070      2494      5130      2553 PARcau 7.364516e-01 4.017701e-04 0.263147
    21   4       2440       2274 12.000  15.000 139.0 90.000     2433     2268     2449     2281     16     13      2433      2268      2448      2268      2448      2280      2433      2280      2408      2243      2474      2306 PARcau 5.477171e-01 6.383587e-02 0.388447
    22   1        414       2693  9.899  18.385 124.0 45.000      408     2686      423     2702     15     16       412      2684       425      2697       418      2704       405      2691       383      2661       448      2727 PARcau 2.169293e-05 7.158826e-09 0.999978
    22   0       2762       2748  5.831   6.708  25.5 63.435     2759     2745     2766     2752      7      7      2757      2747      2763      2744      2766      2749      2760      2752      2734      2720      2791      2777 PARcau 1.537248e-01 6.351100e-01 0.211165
    22   3       5099       2527  7.000   9.000  39.5 90.000     5095     2523     5105     2531     10      8      5095      2523      5104      2523      5104      2530      5095      2530      5070      2498      5130      2556 PARcau 3.578200e-01 3.312919e-04 0.641849
    22   2       2167       2677  5.657   7.071  28.5 45.000     2165     2675     2172     2682      7      7      2167      2673      2172      2678      2168      2682      2163      2677      2140      2650      2197      2707 PARcau 8.635619e-01 6.539199e-02 0.071046
    22   4       2442       2270 11.102  19.602 151.0 36.870     2435     2262     2450     2280     15     18      2431      2274      2443      2259      2452      2265      2440      2281      2410      2237      2475      2305 PARcau 2.534843e-03 2.402694e-02 0.973438
    23   1        413       2692  9.899  16.971 120.0 45.000      407     2685      421     2701     14     16       410      2683       422      2695       415      2702       403      2690       382      2660       446      2726 PARcau 2.572100e-08 8.278141e-12 1.000000
    23   3       5095       2527  8.485   8.485  40.0 45.000     5090     2523     5102     2531     12      8      5096      2521      5102      2527      5096      2533      5090      2527      5065      2498      5127      2556 PARcau 4.081461e-01 1.336901e-04 0.591720
    23   2       2164       2675  6.364   6.364  32.0 45.000     2161     2672     2168     2680      7      8      2164      2671      2168      2675      2164      2680      2159      2675      2136      2647      2193      2705 PARcau 7.265378e-01 2.178386e-01 0.055624
    23   4       2443       2265 10.050  23.195 167.0  6.340     2437     2254     2449     2278     12     24      2439      2253      2449      2254      2446      2277      2436      2276      2412      2229      2474      2303 PARcau 9.561708e-04 7.363722e-04 0.998307
    24   1        411       2690  9.220  19.209 122.0 51.340      405     2682      420     2699     15     17       409      2679       421      2694       414      2700       402      2685       380      2657       445      2724 PARcau 2.891420e-03 1.832755e-06 0.997107
    24   2       2163       2673  5.657   6.403  29.5 45.000     2161     2670     2168     2678      7      8      2163      2669      2167      2673      2163      2678      2159      2674      2136      2645      2193      2703 PARcau 1.033994e-01 8.442947e-01 0.052306
    24   4       2443       2260  9.000  24.000 153.0  0.000     2438     2248     2448     2273     10     25      2438      2248      2447      2248      2447      2272      2438      2272      2413      2223      2473      2298 PARcau 2.109085e-03 4.868779e-04 0.997404
    24   0       2755       2752  6.000   6.000  28.0 90.000     2752     2749     2759     2756      7      7      2752      2749      2758      2749      2758      2755      2752      2755      2727      2724      2784      2781 PARcau 2.665414e-01 6.951358e-01 0.038323
    25   1        410       2688  8.902  19.007 127.0 52.125      404     2680      419     2698     15     18       408      2678       419      2693       412      2699       401      2683       379      2655       444      2723 PARcau 7.061174e-04 2.095554e-07 0.999294
    25   2       2166       2670  6.708   6.708  27.5 63.435     2163     2668     2171     2675      8      7      2162      2669      2168      2666      2171      2672      2165      2675      2138      2643      2196      2700 PARcau 3.720747e-01 5.703450e-01 0.057580
    25   4       2442       2253  9.000  23.000 159.0 90.000     2438     2242     2448     2266     10     24      2438      2242      2447      2242      2447      2265      2438      2265      2413      2217      2473      2291 PARcau 6.169615e-04 1.206862e-04 0.999262
    26   1        410       2688  8.846  19.526 110.0 50.194      403     2681      419     2697     16     16       407      2678       419      2693       413      2699       400      2684       378      2656       444      2722 PARcau 9.201265e-08 3.220170e-10 1.000000
    26   2       2170       2666  5.657   7.071  30.0 45.000     2167     2663     2174     2671      7      8      2166      2667      2171      2662      2175      2666      2170      2671      2142      2638      2199      2696 PARcau 3.996137e-01 5.282700e-01 0.072116
    26   4       2442       2248  9.000  23.000 122.0 90.000     2438     2235     2448     2259     10     24      2438      2235      2447      2235      2447      2258      2438      2258      2413      2210      2473      2284 PARcau 1.174367e-02 1.215225e-03 0.987041
    26   3       5082       2513  7.810   8.485  46.5 45.000     5078     2510     5089     2518     11      8      5082      2507      5088      2513      5083      2519      5077      2513      5053      2485      5114      2543 PARcau 9.096777e-01 1.780151e-02 0.072521
    27   1        408       2687  7.826  14.773  66.5 26.565      402     2683      416     2695     14     12       403      2681       417      2687       413      2694       400      2688       377      2658       441      2720 PARcau 4.459011e-10 1.901292e-12 1.000000
    27   2       2172       2662  6.000   7.000  33.5 90.000     2170     2659     2177     2667      7      8      2170      2659      2176      2659      2176      2666      2170      2666      2145      2634      2202      2692 PARcau 4.772677e-01 4.744920e-01 0.048240
    27   3       5079       2512  6.000   8.000  38.0 90.000     5076     2509     5085     2516      9      7      5076      2509      5084      2509      5084      2515      5076      2515      5051      2484      5110      2541 PARcau 1.430179e-01 1.511586e-02 0.841866
    27   4       2441       2239  8.062  23.195  80.5 81.870     2437     2227     2447     2251     10     24      2435      2227      2443      2226      2446      2249      2438      2250      2412      2202      2472      2276 PARcau 6.624544e-03 2.018481e-03 0.991357
    28   1        407       2688  6.708  11.180  35.5 26.565      402     2685      415     2693     13      8       404      2682       414      2687       411      2693       401      2688       377      2660       440      2718 PARcau 3.643883e-06 5.785704e-08 0.999996
    28   3       5076       2515  7.000   9.000  45.0 90.000     5072     2512     5082     2520     10      8      5072      2512      5081      2512      5081      2519      5072      2519      5047      2487      5107      2545 PARcau 6.533609e-01 8.005801e-04 0.345838
    28   4       2439       2226  8.000  20.000  91.5 90.000     2436     2218     2445     2239      9     21      2436      2218      2444      2218      2444      2238      2436      2238      2411      2193      2470      2264 PARcau 7.564508e-04 4.874569e-05 0.999195
    29   3       5073       2521  7.000   8.000  43.5 90.000     5069     2518     5078     2526      9      8      5069      2518      5077      2518      5077      2525      5069      2525      5044      2493      5103      2551 PARcau 8.753969e-01 7.359744e-03 0.117243
    29   2       2167       2654  6.000   6.000  31.5 90.000     2165     2651     2172     2658      7      7      2165      2651      2171      2651      2171      2657      2165      2657      2140      2626      2197      2683 PARcau 6.227895e-01 2.776579e-01 0.099553
    29   4       2438       2219  9.618  22.946 142.0 78.690     2434     2210     2445     2234     11     24      2432      2210      2441      2209      2446      2231      2436      2233      2409      2185      2470      2259 PARcau 2.346822e-05 5.264407e-06 0.999971
    29   0       2763       2763  6.000   6.000  28.0 90.000     2761     2760     2768     2767      7      7      2761      2760      2767      2760      2767      2766      2761      2766      2736      2735      2793      2792 PARcau 2.068823e-01 7.674536e-01 0.025664
    29   1        420       2689  5.657   7.071  28.5 45.000      417     2687      425     2694      8      7       420      2685       425      2690       421      2694       416      2689       392      2662       450      2719 PARcau 8.875061e-04 3.107947e-07 0.999112
    30   2       2164       2651  5.000   6.000  25.5 90.000     2162     2649     2168     2656      6      7      2162      2649      2167      2649      2167      2655      2162      2655      2137      2624      2193      2681 PARcau 8.937885e-01 9.082078e-02 0.015391
    30   1        421       2688  8.485   8.485  51.0 45.000      417     2685      427     2694     10      9       422      2683       428      2689       422      2695       416      2689       392      2660       452      2719 PARcau 1.732978e-04 3.822637e-08 0.999827
    30   3       5070       2525  8.000  10.000  59.0 90.000     5066     2522     5077     2531     11      9      5066      2522      5076      2522      5076      2530      5066      2530      5041      2497      5102      2556 PARcau 8.963503e-01 5.157025e-03 0.098493
    30   4       2437       2213 10.000  22.000 168.5 90.000     2433     2202     2444     2225     11     23      2433      2202      2443      2202      2443      2224      2433      2224      2408      2177      2469      2250 PARcau 1.810528e-04 3.026453e-05 0.999789
    31   1        422       2687  9.000  11.000  77.0 90.000      417     2683      429     2693     12     10       417      2683       428      2683       428      2692       417      2692       392      2658       454      2718 PARcau 1.150361e-02 5.088304e-05 0.988446
    31   2       2163       2648  6.000   7.000  34.5 90.000     2160     2646     2168     2653      8      7      2160      2646      2167      2646      2167      2652      2160      2652      2135      2621      2193      2678 PARcau 2.496999e-01 7.011876e-01 0.049113
    31   3       5069       2526  8.000  11.000  68.5 90.000     5064     2522     5076     2531     12      9      5064      2522      5075      2522      5075      2530      5064      2530      5039      2497      5101      2556 PARcau 4.703447e-01 1.305256e-02 0.516603
    31   4       2436       2205 10.050  25.318 191.5 80.538     2431     2193     2443     2219     12     26      2429      2193      2439      2192      2443      2217      2433      2218      2406      2168      2468      2244 PARcau 4.447168e-06 7.985512e-06 0.999988
    32   1        422       2687  9.899  10.630  78.5 45.000      418     2682      429     2694     11     12       415      2687       423      2680       430      2687       422      2694       393      2657       454      2719 PARcau 1.739606e-03 9.726214e-07 0.998259
    32   3       5070       2523  7.000   9.000  41.5  0.000     5066     2519     5076     2527     10      8      5066      2519      5075      2519      5075      2526      5066      2526      5041      2494      5101      2552 PARcau 8.674976e-01 2.171661e-02 0.110786
    32   4       2435       2198 10.000  24.000 193.0 90.000     2431     2186     2442     2211     11     25      2431      2186      2441      2186      2441      2210      2431      2210      2406      2161      2467      2236 PARcau 1.358520e-03 1.386918e-03 0.997255
    33   1        422       2686  9.000  13.000  86.5 90.000      418     2681      428     2695     10     14       418      2681       427      2681       427      2694       418      2694       393      2656       453      2720 PARcau 1.610876e-01 5.557845e-04 0.838357
    33   2       2171       2644  5.657   6.403  28.5 45.000     2168     2642     2175     2649      7      7      2171      2640      2175      2644      2171      2649      2167      2645      2143      2617      2200      2674 PARcau 4.204355e-01 4.397978e-01 0.139767
    33   0       2752       2768  6.000   6.000  27.5 90.000     2749     2766     2756     2773      7      7      2749      2766      2755      2766      2755      2772      2749      2772      2724      2741      2781      2798 PARcau 3.508265e-01 6.105443e-01 0.038629
    33   4       2435       2189  9.000  25.000 187.5  0.000     2431     2177     2441     2203     10     26      2431      2177      2440      2177      2440      2202      2431      2202      2406      2152      2466      2228 PARcau 2.222018e-03 4.062775e-04 0.997372
    34   1        423       2688  8.544  15.652  85.0 63.435      418     2682      430     2697     12     15       416      2683       424      2680       431      2694       423      2697       393      2657       455      2722 PARcau 1.116933e-03 8.947415e-07 0.998882
    34   0       2750       2770  5.000   6.000  26.5 90.000     2748     2768     2754     2775      6      7      2748      2768      2753      2768      2753      2774      2748      2774      2723      2743      2779      2800 PARcau 2.475351e-01 6.778632e-01 0.074602
    34   4       2435       2182  9.000  24.000 182.5  0.000     2431     2170     2441     2195     10     25      2431      2170      2440      2170      2440      2194      2431      2194      2406      2145      2466      2220 PARcau 2.176588e-02 5.824064e-03 0.972410
    35   1        423       2688  7.616  17.088  84.5 68.199      419     2682      431     2698     12     16       417      2683       424      2680       430      2696       423      2699       394      2657       456      2723 PARcau 1.698359e-03 1.094652e-06 0.998301
    35   0       2751       2774  6.000   6.000  31.0 90.000     2748     2771     2755     2778      7      7      2748      2771      2754      2771      2754      2777      2748      2777      2723      2746      2780      2803 PARcau 4.767579e-02 8.311920e-01 0.121132
    35   2       2175       2642  5.657   6.403  28.5 45.000     2173     2639     2180     2646      7      7      2171      2642      2176      2638      2180      2642      2175      2646      2148      2614      2205      2671 PARcau 1.247508e-01 7.624884e-01 0.112761
    35   4       2435       2173 10.000  24.000 190.5 90.000     2431     2162     2442     2187     11     25      2431      2162      2441      2162      2441      2186      2431      2186      2406      2137      2467      2212 PARcau 7.961217e-02 9.515923e-03 0.910872
    36   1        424       2691  5.701  14.300  56.5 54.462      420     2685      431     2699     11     14       422      2683       431      2695       426      2698       418      2687       395      2660       456      2724 PARcau 6.177657e-03 2.471034e-06 0.993820
    36   0       2753       2777  5.657   5.657  27.0 45.000     2750     2774     2758     2781      8      7      2753      2773      2757      2777      2753      2781      2749      2777      2725      2749      2783      2806 PARcau 5.580382e-01 3.502050e-01 0.091757
    36   4       2435       2166 10.000  23.000 189.0 90.000     2431     2155     2442     2179     11     24      2431      2155      2441      2155      2441      2178      2431      2178      2406      2130      2467      2204 PARcau 3.762245e-02 4.973692e-02 0.912641
    37   1        426       2693  6.042  12.748  41.5 63.435      422     2688      432     2700     10     12       426      2686       431      2697       426      2700       420      2688       397      2663       457      2725 PARcau 3.418054e-02 3.426577e-04 0.965477
    37   4       2435       2157 10.000  23.000 184.5 90.000     2431     2146     2442     2170     11     24      2431      2146      2441      2146      2441      2169      2431      2169      2406      2121      2467      2195 PARcau 3.380520e-02 1.082530e-01 0.857942
    37   3       5060       2514  6.000   6.000  27.5  0.000     5057     2511     5064     2518      7      7      5057      2511      5063      2511      5063      2517      5057      2517      5032      2486      5089      2543 PARcau 2.875677e-01 2.751449e-03 0.709681
    38   1        428       2695  4.950  12.021  28.0 45.000      424     2691      433     2701      9     10       425      2689       434      2698       430      2701       422      2693       399      2666       458      2726 PARcau 8.426870e-04 2.297671e-06 0.999155
    38   3       5058       2520  6.708   8.062  37.0 26.565     5055     2517     5064     2525      9      8      5056      2515      5063      2519      5060      2525      5053      2521      5030      2492      5089      2550 PARcau 9.859688e-01 5.125501e-04 0.013519
    38   4       2435       2148  9.000  24.000 178.5  0.000     2431     2136     2441     2161     10     25      2431      2136      2440      2136      2440      2160      2431      2160      2406      2111      2466      2186 PARcau 8.555700e-02 1.448253e-02 0.899960
    39   3       5061       2525  5.000  10.000  32.5 90.000     5057     2523     5068     2529     11      6      5057      2523      5067      2523      5067      2528      5057      2528      5032      2498      5093      2554 PARcau 1.344316e-01 3.738534e-05 0.865531
    39   4       2435       2136 10.000  25.000 191.5 90.000     2431     2124     2442     2150     11     26      2431      2124      2441      2124      2441      2149      2431      2149      2406      2099      2467      2175 PARcau 6.217404e-03 1.273712e-03 0.992509
    40   3       5068       2525  6.325   9.487  34.0 18.435     5063     2523     5074     2530     11      7      5064      2521      5073      2524      5071      2530      5062      2527      5038      2498      5099      2555 PARcau 5.283874e-01 7.702716e-04 0.470842
    40   4       2435       2125 10.000  24.000 189.5 90.000     2431     2113     2442     2138     11     25      2431      2113      2441      2113      2441      2137      2431      2137      2406      2088      2467      2163 PARcau 7.325519e-03 5.391890e-04 0.992135
    41   4       2435       2114 10.000  24.000 192.5 90.000     2431     2102     2442     2127     11     25      2431      2102      2441      2102      2441      2126      2431      2126      2406      2077      2467      2152 PARcau 6.776969e-04 7.549793e-04 0.998567
    42   4       2436       2103 10.000  26.000 195.5  0.000     2431     2090     2442     2117     11     27      2431      2090      2441      2090      2441      2116      2431      2116      2406      2065      2467      2142 PARcau 2.727531e-02 2.765906e-02 0.945066
    43   0       2742       2777  6.042   6.042  26.5 63.435     2739     2775     2746     2782      7      7      2738      2776      2743      2773      2746      2779      2740      2781      2714      2750      2771      2807 PARcau 2.943777e-01 6.491475e-01 0.056475
    43   4       2437       2092 10.000  25.000 189.5  0.000     2432     2079     2443     2105     11     26      2432      2079      2442      2079      2442      2104      2432      2104      2407      2054      2468      2130 PARcau 8.351066e-04 7.089800e-05 0.999094
    44   0       2742       2781  6.000   7.000  33.5 90.000     2739     2778     2746     2786      7      8      2739      2778      2745      2778      2745      2785      2739      2785      2714      2753      2771      2811 PARcau 2.915790e-01 6.348606e-01 0.073560
    44   4       2439       2082 10.607  24.749 195.0  8.130     2434     2070     2446     2095     12     25      2435      2068      2446      2070      2442      2094      2432      2093      2409      2045      2471      2120 PARcau 1.662107e-03 1.901543e-04 0.998148
    45   0       2743       2785  6.000   6.000  31.0 90.000     2741     2782     2748     2789      7      7      2741      2782      2747      2782      2747      2788      2741      2788      2716      2757      2773      2814 PARcau 2.656929e-01 7.036278e-01 0.030679
    45   4       2441       2071  9.962  24.865 192.5 15.945     2436     2060     2448     2085     12     25      2440      2058      2449      2061      2443      2085      2433      2082      2411      2035      2473      2110 PARcau 1.624467e-03 4.354888e-05 0.998332
    46   0       2744       2787  6.000   6.000  29.0 90.000     2741     2784     2748     2791      7      7      2741      2784      2747      2784      2747      2790      2741      2790      2716      2759      2773      2816 PARcau 8.026917e-02 8.909508e-01 0.028780
    46   4       2443       2063  9.823  23.162 177.5 14.036     2438     2052     2450     2075     12     23      2441      2050      2451      2053      2445      2075      2436      2073      2413      2027      2475      2100 PARcau 9.301271e-03 4.140238e-04 0.990285
    47   0       2743       2786  6.000   6.000  25.5 90.000     2741     2784     2748     2791      7      7      2741      2784      2747      2784      2747      2790      2741      2790      2716      2759      2773      2816 PARcau 5.630199e-01 3.678237e-01 0.069156
    47   3       5062       2531  7.211   7.810  31.0 53.130     5059     2527     5069     2536     10      9      5057      2530      5063      2526      5068      2532      5062      2536      5034      2502      5094      2561 PARcau 1.975511e-01 4.639353e-03 0.797810
    47   4       2445       2053 10.000  22.000 169.0 90.000     2440     2043     2451     2066     11     23      2440      2043      2450      2043      2450      2065      2440      2065      2415      2018      2476      2091 PARcau 1.640824e-02 5.463704e-04 0.983045
    48   3       5066       2533  6.000  10.000  40.5  0.000     5062     2530     5073     2537     11      7      5062      2530      5072      2530      5072      2536      5062      2536      5037      2505      5098      2562 PARcau 8.888863e-01 2.616699e-02 0.084947
    48   4       2446       2045 10.000  22.000 172.0 90.000     2441     2034     2452     2057     11     23      2441      2034      2451      2034      2451      2056      2441      2056      2416      2009      2477      2082 PARcau 6.620295e-02 4.078317e-03 0.929719
    49   4       2446       2037 10.050  22.204 162.0  8.130     2442     2026     2453     2049     11     23      2443      2025      2453      2026      2450      2048      2440      2047      2417      2001      2478      2074 PARcau 4.083206e-03 6.510621e-04 0.995266
    50   4       2446       2030  9.000  22.000 168.0 90.000     2442     2019     2452     2042     10     23      2442      2019      2451      2019      2451      2041      2442      2041      2417      1994      2477      2067 PARcau 5.331487e-02 2.136364e-01 0.733049
    50   0       2732       2780  6.364   6.364  31.0 45.000     2729     2777     2737     2784      8      7      2732      2775      2737      2780      2732      2784      2728      2780      2704      2752      2762      2809 PARcau 3.586752e-01 4.831884e-01 0.158136
    51   0       2728       2781  5.000   6.000  25.5 90.000     2726     2779     2733     2785      7      6      2726      2779      2732      2779      2732      2784      2726      2784      2701      2754      2758      2810 PARcau 3.921772e-01 3.227012e-01 0.285122
    51   4       2444       2023 10.112  21.708 167.0 81.870     2439     2013     2451     2035     12     22      2438      2013      2448      2011      2451      2033      2441      2034      2414      1988      2476      2060 PARcau 1.503640e-04 2.590726e-04 0.999591
    51   1        453       2720  6.801  11.715  49.5 50.194      448     2715      460     2726     12     11       452      2714       460      2723       454      2727       447      2718       423      2690       485      2751 PARcau 3.808521e-01 8.868865e-05 0.619059
    52   1        459       2724  7.071  15.556  80.5 45.000      452     2718      467     2731     15     13       455      2716       466      2727       461      2732       450      2721       427      2693       492      2756 PARcau 2.124478e-01 1.446986e-04 0.787408
    52   4       2441       2015 10.689  23.436 182.5 78.690     2436     2005     2449     2028     13     23      2434      2005      2444      2003      2449      2026      2438      2028      2411      1980      2474      2053 PARcau 2.656745e-04 2.364024e-04 0.999498
    53   0       2724       2787  5.657   7.071  27.5 45.000     2722     2785     2729     2792      7      7      2724      2783      2729      2788      2725      2792      2720      2787      2697      2760      2754      2817 PARcau 9.647715e-01 1.784463e-02 0.017384
    53   1        465       2729  7.778  16.263  93.5 45.000      459     2723      474     2736     15     13       462      2720       473      2732       468      2737       456      2726       434      2698       499      2761 PARcau 1.284492e-02 2.684844e-04 0.986887
    53   4       2438       2007 10.440  24.352 184.5 71.565     2432     1996     2446     2020     14     24      2429      1997      2439      1994      2447      2017      2437      2020      2407      1971      2471      2045 PARcau 5.885542e-06 1.880199e-06 0.999992
    54   1        472       2733  7.211  15.811  87.5 33.690      466     2728      480     2740     14     12       467      2726       480      2735       476      2741       463      2732       441      2703       505      2765 PARcau 4.451863e-01 6.384121e-03 0.548430
    54   4       2435       1998 10.440  25.298 186.0 71.565     2429     1987     2442     2012     13     25      2426      1988      2436      1985      2444      2009      2434      2012      2404      1962      2467      2037 PARcau 8.438901e-04 1.529932e-04 0.999003
    55   4       2433       1991  9.487  25.000 182.0 74.055     2428     1979     2440     2004     12     25      2425      1980      2434      1977      2441      2001      2432      2004      2403      1954      2465      2029 PARcau 6.005616e-03 2.573161e-03 0.991421
    55   3       5054       2527  6.000   7.000  27.5 90.000     5051     2524     5059     2531      8      7      5051      2524      5058      2524      5058      2530      5051      2530      5026      2499      5084      2556 PARcau 5.859965e-01 1.944656e-02 0.394557
    55   1        478       2739  7.810  16.971 101.5 45.000      472     2733      487     2746     15     13       475      2730       487      2742       482      2748       470      2736       447      2708       512      2771 PARcau 2.475367e-01 7.922258e-05 0.752384
    56   3       5054       2530  7.000  10.000  44.5 90.000     5050     2527     5061     2535     11      8      5050      2527      5060      2527      5060      2534      5050      2534      5025      2502      5086      2560 PARcau 7.464101e-01 1.126141e-02 0.242328
    56   4       2433       1986 10.000  24.000 189.0 90.000     2429     1974     2440     1999     11     25      2429      1974      2439      1974      2439      1998      2429      1998      2404      1949      2465      2024 PARcau 1.774298e-02 5.902241e-03 0.976355
    56   1        485       2744  7.810  15.556  90.5 45.000      479     2738      493     2750     14     12       482      2736       493      2747       487      2752       476      2741       454      2713       518      2775 PARcau 7.555131e-02 5.276428e-04 0.923921
    57   4       2435       1978 10.000  26.000 201.5 90.000     2430     1966     2441     1993     11     27      2430      1966      2440      1966      2440      1992      2430      1992      2405      1941      2466      2018 PARcau 9.009240e-03 1.999912e-03 0.988991
    57   1        490       2748  7.159  15.435  71.5 23.962      484     2743      498     2755     14     12       485      2741       499      2748       496      2754       482      2748       459      2718       523      2780 PARcau 6.258579e-02 9.563413e-04 0.936458
    58   4       2436       1970  9.000  26.000 189.5 90.000     2432     1957     2442     1984     10     27      2432      1957      2441      1957      2441      1983      2432      1983      2407      1932      2467      2009 PARcau 1.768817e-02 8.990515e-03 0.973321
    58   1        498       2756  9.000  12.000  80.0 90.000      494     2751      504     2764     10     13       494      2751       503      2751       503      2763       494      2763       469      2726       529      2789 PARcau 6.346773e-02 6.571212e-05 0.936467
    59   1        501       2761  8.485  14.142  99.0 45.000      496     2755      509     2769     13     14       500      2753       510      2763       504      2769       494      2759       471      2730       534      2794 PARcau 1.639492e-01 2.437623e-04 0.835807
    59   4       2438       1961  9.000  25.000 183.5 90.000     2434     1948     2444     1974     10     26      2434      1948      2443      1948      2443      1973      2434      1973      2409      1923      2469      1999 PARcau 2.550845e-04 1.800770e-04 0.999565
    60   1        504       2764  7.778   9.192  50.5 45.000      500     2760      509     2771      9     11       503      2758       510      2765       504      2770       498      2764       475      2735       534      2796 PARcau 1.972877e-02 1.794779e-04 0.980092
    60   4       2440       1951  9.552  25.244 189.5  8.130     2435     1939     2446     1965     11     26      2437      1938      2446      1939      2443      1964      2433      1963      2410      1914      2471      1990 PARcau 1.903637e-03 9.172647e-04 0.997179
    60   3       5057       2506  6.325   6.708  29.5 26.565     5054     2504     5062     2511      8      7      5055      2502      5061      2505      5059      2511      5053      2508      5029      2479      5087      2536 PARcau 1.770564e-01 6.077626e-03 0.816866
    61   3       5053       2503  5.000   9.000  37.0 90.000     5049     2501     5059     2507     10      6      5049      2501      5058      2501      5058      2506      5049      2506      5024      2476      5084      2532 PARcau 3.835137e-01 3.486556e-03 0.613000
    61   4       2442       1942  9.055  25.495 183.0 11.310     2437     1930     2448     1956     11     26      2440      1929      2449      1930      2444      1955      2435      1954      2412      1905      2473      1981 PARcau 5.233364e-03 2.227172e-03 0.992539
    62   3       5047       2505  6.000  10.000  47.0 90.000     5043     2503     5054     2510     11      7      5043      2503      5053      2503      5053      2509      5043      2509      5018      2478      5079      2535 PARcau 4.868126e-02 6.732287e-03 0.944586
    62   4       2443       1933 10.000  25.000 189.5 90.000     2439     1921     2450     1947     11     26      2439      1921      2449      1921      2449      1946      2439      1946      2414      1896      2475      1972 PARcau 2.455940e-05 2.911745e-06 0.999973
    62   0       2710       2781  6.000   6.000  25.5 90.000     2707     2779     2714     2786      7      7      2707      2779      2713      2779      2713      2785      2707      2785      2682      2754      2739      2811 PARcau 1.680206e-01 7.887649e-01 0.043214
    62   1        519       2777  7.071  11.314  64.5 45.000      514     2773      526     2783     12     10       518      2771       526      2779       521      2784       513      2776       489      2748       551      2808 PARcau 1.851217e-03 1.053051e-08 0.998149
    62   2       2151       2605  5.000   6.000  26.5 90.000     2148     2603     2155     2609      7      6      2148      2603      2154      2603      2154      2608      2148      2608      2123      2578      2180      2634 PARcau 7.960314e-02 8.335864e-01 0.086811
    63   0       2708       2781  6.000   6.000  30.0 90.000     2706     2779     2713     2786      7      7      2706      2779      2712      2779      2712      2785      2706      2785      2681      2754      2738      2811 PARcau 6.021233e-02 9.311472e-01 0.008641
    63   2       2145       2604  6.364   6.364  31.0 45.000     2142     2601     2150     2608      8      7      2145      2599      2150      2604      2145      2608      2141      2604      2117      2576      2175      2633 PARcau 1.485132e-01 6.822882e-01 0.169199
    63   3       5041       2512  6.000   8.000  36.5 90.000     5038     2509     5047     2516      9      7      5038      2509      5046      2509      5046      2515      5038      2515      5013      2484      5072      2541 PARcau 1.347204e-01 1.293795e-03 0.863986
    63   4       2445       1925 10.000  24.000 180.0 90.000     2440     1913     2451     1938     11     25      2440      1913      2450      1913      2450      1937      2440      1937      2415      1888      2476      1963 PARcau 8.552418e-04 7.164063e-04 0.998428
    63   1        525       2780  7.616  17.000  94.0 26.565      518     2776      534     2787     16     11       519      2773       534      2781       531      2788       516      2780       493      2751       559      2812 PARcau 1.067059e-01 1.907972e-06 0.893292
    64   2       2140       2606  5.657   6.403  27.5 45.000     2138     2604     2145     2611      7      7      2136      2606      2141      2602      2145      2606      2140      2610      2113      2579      2170      2636 PARcau 3.376277e-01 6.211355e-01 0.041237
    64   3       5038       2518  7.000   8.000  45.0 90.000     5034     2515     5043     2523      9      8      5034      2515      5042      2515      5042      2522      5034      2522      5009      2490      5068      2548 PARcau 7.934639e-01 7.486610e-03 0.199050
    64   1        532       2785  7.616  17.000  95.0 26.565      525     2781      541     2792     16     11       526      2778       541      2786       538      2793       523      2785       500      2756       566      2817 PARcau 2.430550e-02 2.275107e-05 0.975672
    64   4       2447       1914  9.618  26.086 191.0 11.310     2442     1902     2454     1928     12     26      2445      1901      2454      1902      2449      1928      2439      1926      2417      1877      2479      1953 PARcau 8.692085e-05 2.766603e-05 0.999885
    65   0       2704       2776  5.000   6.000  25.5 90.000     2702     2774     2708     2781      6      7      2702      2774      2707      2774      2707      2780      2702      2780      2677      2749      2733      2806 PARcau 6.359105e-01 3.183650e-01 0.045724
    65   3       5036       2522  7.000  10.000  53.0 90.000     5032     2519     5043     2527     11      8      5032      2519      5042      2519      5042      2526      5032      2526      5007      2494      5068      2552 PARcau 9.426466e-01 4.149099e-03 0.053204
    65   4       2448       1907 10.198  25.495 191.0 11.310     2443     1895     2455     1920     12     25      2446      1893      2456      1895      2451      1920      2441      1918      2418      1870      2480      1945 PARcau 1.423876e-03 6.409971e-05 0.998512
    65   1        540       2791  7.211  16.643  91.5 33.690      533     2786      549     2797     16     11       535      2783       549      2792       545      2798       531      2789       508      2761       574      2822 PARcau 2.763524e-02 3.749466e-06 0.972361
    66   3       5036       2522  7.000  11.000  55.0 90.000     5031     2519     5043     2527     12      8      5031      2519      5042      2519      5042      2526      5031      2526      5006      2494      5068      2552 PARcau 9.260070e-01 2.148160e-02 0.052511
    66   4       2449       1902  9.823  26.315 197.0 14.036     2444     1889     2456     1916     12     27      2448      1888      2457      1890      2451      1916      2441      1913      2419      1864      2481      1941 PARcau 1.529874e-03 2.305085e-04 0.998240
    66   2       2142       2616  5.000   6.000  25.5 90.000     2139     2614     2146     2620      7      6      2139      2614      2145      2614      2145      2619      2139      2619      2114      2589      2171      2645 PARcau 5.832659e-01 2.201692e-01 0.196565
    66   1        547       2796  7.500  16.225  96.5 33.690      540     2790      555     2803     15     13       542      2788       556      2797       551      2803       538      2794       515      2765       580      2828 PARcau 3.218064e-02 1.017041e-04 0.967718
    67   3       5036       2517  6.000   7.000  31.5 90.000     5033     2514     5041     2521      8      7      5033      2514      5040      2514      5040      2520      5033      2520      5008      2489      5066      2546 PARcau 2.952912e-01 1.559709e-02 0.689112
    67   4       2450       1895 10.112  25.812 188.5  9.462     2445     1883     2457     1909     12     26      2447      1881      2457      1883      2453      1908      2443      1907      2420      1858      2482      1934 PARcau 3.244093e-04 6.940783e-05 0.999606
    67   1        553       2801  8.485  16.971  95.5 45.000      547     2796      562     2809     15     13       550      2792       562      2804       556      2810       544      2798       522      2771       587      2834 PARcau 3.804938e-03 4.957714e-06 0.996190
    68   3       5032       2510  6.000   9.000  40.0 90.000     5028     2508     5038     2515     10      7      5028      2508      5037      2508      5037      2514      5028      2514      5003      2483      5063      2540 PARcau 2.100362e-01 1.501932e-02 0.774944
    68   4       2451       1889  9.055  25.318 183.0  8.130     2446     1877     2458     1903     12     26      2449      1876      2458      1877      2454      1902      2445      1901      2421      1852      2483      1928 PARcau 4.144729e-02 2.717153e-03 0.955836
    68   1        561       2807  7.071  16.971  96.5 45.000      554     2801      569     2814     15     13       557      2798       569      2810       564      2815       552      2803       529      2776       594      2839 PARcau 4.028856e-02 7.312479e-05 0.959638
    69   4       2452       1888  9.000  25.000 173.0 90.000     2448     1876     2458     1902     10     26      2448      1876      2457      1876      2457      1901      2448      1901      2423      1851      2483      1927 PARcau 2.523951e-02 7.918120e-04 0.973969
    69   3       5026       2506  7.000  10.000  54.0 90.000     5022     2503     5033     2511     11      8      5022      2503      5032      2503      5032      2510      5022      2510      4997      2478      5058      2536 PARcau 8.411615e-01 1.329383e-02 0.145545
    69   1        567       2811  8.485  16.971 112.0 45.000      560     2806      576     2819     16     13       565      2803       577      2815       571      2821       559      2809       535      2781       601      2844 PARcau 2.022243e-02 9.271418e-05 0.979685
    70   4       2453       1887  8.000  24.000 156.5 90.000     2449     1875     2458     1900      9     25      2449      1875      2457      1875      2457      1899      2449      1899      2424      1850      2483      1925 PARcau 1.598139e-02 5.235206e-03 0.978783
    70   3       5020       2505  7.000  11.000  55.0 90.000     5015     2502     5027     2510     12      8      5015      2502      5026      2502      5026      2509      5015      2509      4990      2477      5052      2535 PARcau 2.907822e-02 1.128480e-03 0.969793
    70   1        575       2816  8.602  18.868 119.5 33.690      567     2810      584     2824     17     14       569      2807       585      2817       580      2824       564      2814       542      2785       609      2849 PARcau 3.137315e-01 2.215799e-04 0.686047
    70   0       2688       2779  5.657   5.657  28.0 45.000     2685     2776     2692     2783      7      7      2688      2775      2692      2779      2688      2783      2684      2779      2660      2751      2717      2808 PARcau 2.144775e-01 7.344002e-01 0.051122
    71   4       2453       1885  8.559  25.125 155.0  5.711     2449     1873     2459     1899     10     26      2450      1872      2458      1873      2456      1898      2447      1897      2424      1848      2484      1924 PARcau 1.839975e-03 5.699801e-05 0.998103
    71   3       5014       2508  7.000   8.000  45.5 90.000     5011     2505     5020     2513      9      8      5011      2505      5019      2505      5019      2512      5011      2512      4986      2480      5045      2538 PARcau 9.395072e-01 2.175921e-03 0.058317
    71   1        583       2820  8.382  19.449 119.5 18.435      575     2815      594     2827     19     12       575      2813       594      2819       591      2827       573      2821       550      2790       619      2852 PARcau 4.845145e-01 2.359057e-04 0.515250
    72   4       2453       1883  8.062  24.083 138.5  5.194     2449     1872     2459     1897     10     25      2450      1871      2458      1872      2456      1896      2448      1895      2424      1847      2484      1922 PARcau 9.901798e-03 6.362335e-04 0.989462
    72   3       5012       2515  7.000   7.000  41.0 90.000     5009     2512     5017     2520      8      8      5009      2512      5016      2512      5016      2519      5009      2519      4984      2487      5042      2545 PARcau 6.447023e-01 2.136984e-02 0.333928
    72   1        592       2824 10.296  22.361 152.5 26.565      582     2819      603     2832     21     13       584      2815       604      2825       599      2834       579      2824       557      2794       628      2857 PARcau 1.140104e-02 5.815161e-07 0.988598
    73   4       2453       1882  8.000  23.000 127.5  0.000     2450     1871     2459     1895      9     24      2450      1871      2458      1871      2458      1894      2450      1894      2425      1846      2484      1920 PARcau 4.712302e-03 5.149464e-04 0.994773
    73   3       5013       2523  6.000   8.000  41.0 90.000     5009     2520     5018     2527      9      7      5009      2520      5017      2520      5017      2526      5009      2526      4984      2495      5043      2552 PARcau 8.961841e-01 4.180969e-03 0.099635
    73   1        599       2828 10.062  22.809 175.5 26.565      589     2822      612     2836     23     14       591      2819       612      2829       607      2838       587      2828       564      2797       637      2861 PARcau 1.374650e-02 9.507038e-09 0.986254
    74   4       2454       1881  8.000  22.000 105.0  0.000     2450     1870     2459     1893      9     23      2450      1870      2458      1870      2458      1892      2450      1892      2425      1845      2484      1918 PARcau 2.263892e-01 6.575468e-03 0.767035
    74   3       5016       2528  6.000  10.000  50.0 90.000     5012     2525     5023     2532     11      7      5012      2525      5022      2525      5022      2531      5012      2531      4987      2500      5048      2557 PARcau 3.969225e-01 1.394896e-02 0.589129
    74   1        605       2830  9.000  17.000 122.5 90.000      597     2826      615     2836     18     10       597      2826       614      2826       614      2835       597      2835       572      2801       640      2861 PARcau 2.925397e-03 4.092756e-07 0.997074
    75   4       2454       1881  7.566  22.051  65.5 85.914     2451     1870     2460     1893      9     23      2450      1870      2458      1869      2459      1891      2452      1892      2426      1845      2485      1918 PARcau 1.611367e-01 3.033488e-03 0.835830
    75   3       5021       2528  7.000  10.000  52.5 90.000     5016     2525     5027     2533     11      8      5016      2525      5026      2525      5026      2532      5016      2532      4991      2500      5052      2558 PARcau 1.834780e-01 2.334305e-02 0.793179
    75   1        609       2832  5.000   8.000  26.5 90.000      605     2830      614     2836      9      6       605      2830       613      2830       613      2835       605      2835       580      2805       639      2861 PARcau 1.801040e-01 8.244306e-05 0.819814
    76   3       5023       2524  6.000   9.000  41.0 90.000     5019     2521     5029     2528     10      7      5019      2521      5028      2521      5028      2527      5019      2527      4994      2496      5054      2553 PARcau 9.774210e-01 9.193901e-04 0.021660
    76   4       2453       1872  5.148  11.853  29.5 63.435     2450     1868     2459     1879      9     11      2453      1867      2458      1877      2454      1880      2448      1869      2425      1843      2484      1904 PARcau 6.595857e-04 2.912013e-05 0.999311
    77   3       5022       2517  7.616   8.062  43.0 63.435     5018     2514     5028     2522     10      8      5017      2515      5024      2512      5028      2519      5021      2522      4993      2489      5053      2547 PARcau 7.954281e-01 9.835305e-04 0.203588
    78   4       2450       1871  6.042   9.618  29.5 63.435     2448     1867     2457     1876      9      9      2446      1868      2451      1865      2456      1874      2450      1876      2423      1842      2482      1901 PARcau 9.700134e-05 3.576885e-05 0.999867
    78   3       5016       2511  7.000   9.000  42.0 90.000     5012     2508     5022     2516     10      8      5012      2508      5021      2508      5021      2515      5012      2515      4987      2483      5047      2541 PARcau 8.085849e-01 9.972138e-03 0.181443
    79   3       5008       2509  6.708   8.944  40.0 63.435     5004     2506     5015     2514     11      8      5003      2508      5011      2504      5014      2510      5006      2514      4979      2481      5040      2539 PARcau 1.490336e-01 3.504104e-02 0.815925
    80   4       2449       1871  5.657   8.485  27.5 45.000     2446     1868     2454     1877      8      9      2448      1866      2454      1872      2450      1876      2444      1870      2421      1843      2479      1902 PARcau 1.488178e-06 1.547451e-06 0.999997
    80   3       5001       2512  6.000   8.000  40.0 90.000     4998     2509     5007     2516      9      7      4998      2509      5006      2509      5006      2515      4998      2515      4973      2484      5032      2541 PARcau 4.944558e-01 8.904603e-03 0.496640
    81   3       4997       2519  6.000   6.000  30.0 90.000     4995     2516     5002     2523      7      7      4995      2516      5001      2516      5001      2522      4995      2522      4970      2491      5027      2548 PARcau 8.422469e-02 2.007863e-03 0.913767
    81   5       5159       2524  5.000   8.000  27.0 90.000     5155     2522     5164     2528      9      6      5155      2522      5163      2522      5163      2527      5155      2527      5130      2497      5189      2553 PARcau 4.042319e-04 6.378297e-08 0.999596
    82   3       4996       2526  7.000   8.000  45.0 90.000     4993     2523     5002     2531      9      8      4993      2523      5001      2523      5001      2530      4993      2530      4968      2498      5027      2556 PARcau 2.982067e-01 1.212367e-03 0.700581
    83   3       4999       2531  7.000  10.000  51.5 90.000     4995     2528     5006     2536     11      8      4995      2528      5005      2528      5005      2535      4995      2535      4970      2503      5031      2561 PARcau 9.813364e-01 2.266167e-03 0.016397
    84   3       5003       2532  7.000   9.000  49.0 90.000     4999     2529     5009     2537     10      8      4999      2529      5008      2529      5008      2536      4999      2536      4974      2504      5034      2562 PARcau 9.515143e-01 3.260584e-03 0.045225
    85   3       5005       2528  7.000   9.000  43.0 90.000     5002     2525     5012     2533     10      8      5002      2525      5011      2525      5011      2532      5002      2532      4977      2500      5037      2558 PARcau 3.561639e-01 1.081245e-02 0.633024
    85   2       2172       2619  6.708   6.708  28.0 26.565     2170     2616     2177     2624      7      8      2171      2615      2177      2618      2174      2624      2168      2621      2145      2591      2202      2649 PARcau 9.578056e-01 2.991425e-02 0.012280
    86   2       2174       2624  6.364   6.364  30.0 45.000     2171     2621     2178     2629      7      8      2174      2620      2178      2624      2174      2629      2169      2624      2146      2596      2203      2654 PARcau 8.957756e-01 8.330342e-02 0.020921
    86   3       5004       2521  5.657   7.071  26.0 45.000     5001     2518     5010     2525      9      7      5004      2516      5009      2521      5005      2525      5000      2520      4976      2493      5035      2550 PARcau 8.402832e-01 2.964556e-03 0.156752
    87   3       4999       2514  6.000   9.000  37.5 90.000     4996     2512     5006     2519     10      7      4996      2512      5005      2512      5005      2518      4996      2518      4971      2487      5031      2544 PARcau 1.916746e-01 1.540977e-03 0.806785
    88   3       4992       2512  6.000  10.000  40.0 90.000     4988     2509     4999     2516     11      7      4988      2509      4998      2509      4998      2515      4988      2515      4963      2484      5024      2541 PARcau 2.917711e-01 1.356055e-02 0.694668
    89   3       4984       2514  7.280   9.487  46.0 71.565     4980     2511     4991     2519     11      8      4979      2512      4988      2509      4990      2516      4981      2519      4955      2486      5016      2544 PARcau 5.214901e-01 1.818602e-02 0.460324
    90   3       4979       2520  6.000   8.000  37.5 90.000     4976     2517     4985     2524      9      7      4976      2517      4984      2517      4984      2523      4976      2523      4951      2492      5010      2549 PARcau 8.556199e-01 2.547496e-03 0.141833
    91   3       4976       2527  7.000   9.000  51.0 90.000     4972     2524     4982     2532     10      8      4972      2524      4981      2524      4981      2531      4972      2531      4947      2499      5007      2557 PARcau 8.104823e-01 1.419475e-02 0.175323
    92   3       4976       2532  7.000  10.000  61.0 90.000     4971     2529     4982     2537     11      8      4971      2529      4981      2529      4981      2536      4971      2536      4946      2504      5007      2562 PARcau 4.594227e-01 4.633536e-02 0.494242
    92   5       5157       2541  5.000   7.000  26.0 90.000     5154     2539     5162     2545      8      6      5154      2539      5161      2539      5161      2544      5154      2544      5129      2514      5187      2570 PARcau 1.847014e-04 4.089788e-08 0.999815
    92   2       2195       2635  5.657   5.657  26.0 45.000     2192     2632     2199     2639      7      7      2195      2631      2199      2635      2195      2639      2191      2635      2167      2607      2224      2664 PARcau 9.605376e-01 2.857014e-02 0.010892
    93   3       4977       2533  7.000  11.000  62.5 90.000     4972     2530     4984     2538     12      8      4972      2530      4983      2530      4983      2537      4972      2537      4947      2505      5009      2563 PARcau 5.963230e-01 1.236602e-02 0.391311
    93   2       2195       2638  5.000   6.000  26.0 90.000     2193     2635     2199     2642      6      7      2193      2635      2198      2635      2198      2641      2193      2641      2168      2610      2224      2667 PARcau 8.254773e-02 8.793066e-01 0.038146
    94   3       4976       2530  7.000  10.000  48.0 90.000     4972     2527     4983     2535     11      8      4972      2527      4982      2527      4982      2534      4972      2534      4947      2502      5008      2560 PARcau 9.293922e-01 1.891626e-03 0.068716
    95   3       4974       2525  6.403   8.485  39.0 45.000     4970     2522     4980     2530     10      8      4974      2520      4980      2526      4975      2530      4969      2524      4945      2497      5005      2555 PARcau 7.579604e-01 1.206168e-03 0.240833
    95   4       2440       1861  6.000   9.000  40.0 90.000     2436     1858     2446     1865     10      7      2436      1858      2445      1858      2445      1864      2436      1864      2411      1833      2471      1890 PARcau 4.340627e-05 1.301854e-05 0.999944
    96   4       2439       1860  8.000  12.000  53.0  0.000     2435     1856     2448     1865     13      9      2435      1856      2447      1856      2447      1864      2435      1864      2410      1831      2473      1890 PARcau 1.704487e-05 5.536582e-06 0.999977
    96   3       4969       2519  6.403   8.485  37.5 45.000     4965     2516     4975     2524     10      8      4968      2514      4974      2520      4970      2525      4964      2519      4940      2491      5000      2549 PARcau 1.720003e-01 1.440647e-02 0.813593
    96   2       2204       2634  5.657   6.403  26.5 45.000     2201     2632     2208     2639      7      7      2204      2630      2208      2634      2204      2639      2200      2635      2176      2607      2233      2664 PARcau 5.561506e-01 3.728024e-01 0.071047
    97   4       2439       1859  7.810  15.620  72.5 39.806     2433     1855     2448     1865     15     10      2435      1852      2447      1862      2442      1868      2430      1858      2408      1830      2473      1890 PARcau 3.847811e-04 4.045693e-05 0.999575
    97   3       4963       2515  7.000  10.000  53.5 90.000     4958     2512     4969     2520     11      8      4958      2512      4968      2512      4968      2519      4958      2519      4933      2487      4994      2545 PARcau 9.249571e-01 6.523137e-04 0.074391
    98   4       2437       1858  7.906  16.508  87.5 35.538     2431     1853     2447     1865     16     12      2434      1850      2447      1860      2443      1866      2429      1857      2406      1828      2472      1890 PARcau 4.316806e-04 4.651078e-04 0.999103
    98   3       4956       2515  7.000  10.000  53.5 90.000     4951     2512     4962     2520     11      8      4951      2512      4961      2512      4961      2519      4951      2519      4926      2487      4987      2545 PARcau 7.951201e-01 2.259910e-02 0.182281
    99   4       2436       1857  7.632  17.755  92.5 33.690     2430     1852     2447     1864     17     12      2432      1850      2447      1859      2443      1866      2428      1856      2405      1827      2472      1889 PARcau 1.078857e-04 2.670026e-05 0.999865
    99   3       4951       2520  7.000   8.000  47.0 90.000     4947     2517     4956     2525      9      8      4947      2517      4955      2517      4955      2524      4947      2524      4922      2492      4981      2550 PARcau 3.042063e-01 1.464333e-03 0.694329
   100   4       2436       1856  7.632  16.919  91.0 33.690     2429     1851     2445     1864     16     13      2431      1849      2445      1858      2441      1865      2427      1855      2404      1826      2470      1889 PARcau 5.038216e-04 6.964956e-05 0.999427
   100   3       4947       2527  7.071   7.810  42.5 45.000     4944     2524     4953     2532      9      8      4942      2527      4948      2522      4953      2527      4947      2532      4919      2499      4978      2557 PARcau 6.353344e-01 2.417759e-02 0.340488
   101   4       2435       1856  7.500  17.414  85.5 38.660     2429     1851     2445     1862     16     11      2431      1848      2445      1859      2440      1865      2427      1854      2404      1826      2470      1887 PARcau 9.870454e-05 3.714770e-05 0.999864
   101   3       4945       2532  7.000  10.000  53.5 90.000     4941     2529     4952     2537     11      8      4941      2529      4951      2529      4951      2536      4941      2536      4916      2504      4977      2562 PARcau 5.792456e-01 2.652550e-02 0.394229
   101   2       2218       2647  5.590   6.265  29.0 26.565     2215     2644     2223     2651      8      7      2217      2643      2222      2645      2219      2651      2214      2648      2190      2619      2248      2676 PARcau 6.137258e-01 3.350551e-01 0.051219
   102   4       2434       1855  7.810  18.385  70.0 45.000     2428     1851     2445     1862     17     11      2432      1847      2445      1860      2439      1865      2426      1852      2403      1826      2470      1887 PARcau 7.493642e-03 1.015560e-03 0.991491
   102   3       4943       2533  7.000  12.000  59.0 90.000     4938     2530     4951     2538     13      8      4938      2530      4950      2530      4950      2537      4938      2537      4913      2505      4976      2563 PARcau 9.561467e-01 7.780155e-04 0.043075
   103   3       4942       2530  7.071   8.485  43.5 45.000     4938     2527     4948     2535     10      8      4942      2525      4948      2531      4943      2536      4937      2530      4913      2502      4973      2560 PARcau 1.560381e-01 6.269020e-03 0.837693
   103   4       2434       1854  7.778  14.849  68.5 45.000     2427     1849     2442     1861     15     12      2431      1846      2442      1857      2436      1862      2426      1852      2402      1824      2467      1886 PARcau 3.605936e-03 4.171603e-05 0.996352
   104   4       2431       1852  7.159  19.007  73.0 26.565     2424     1848     2442     1860     18     12      2425      1846      2442      1854      2439      1861      2422      1852      2399      1823      2467      1885 PARcau 5.005734e-03 7.217278e-05 0.994922
   104   3       4939       2522  7.000   7.000  33.5 90.000     4937     2519     4945     2527      8      8      4937      2519      4944      2519      4944      2526      4937      2526      4912      2494      4970      2552 PARcau 7.177112e-01 1.019626e-04 0.282187
   105   4       2429       1852  6.708  19.235  78.5 26.565     2423     1847     2441     1858     18     11      2424      1845      2441      1854      2438      1860      2421      1851      2398      1822      2466      1883 PARcau 4.451901e-04 7.126587e-05 0.999483
   105   3       4938       2514  7.000   8.000  47.5 90.000     4935     2511     4944     2519      9      8      4935      2511      4943      2511      4943      2518      4935      2518      4910      2486      4969      2544 PARcau 1.299699e-01 3.473588e-03 0.866556
   106   4       2426       1849  8.276  19.455  91.5 26.565     2420     1845     2438     1857     18     12      2421      1842      2439      1851      2435      1858      2418      1850      2395      1820      2463      1882 PARcau 2.643598e-03 1.062795e-04 0.997250
   106   3       4936       2509  6.000  10.000  50.5 90.000     4932     2507     4943     2514     11      7      4932      2507      4942      2507      4942      2513      4932      2513      4907      2482      4968      2539 PARcau 8.193992e-01 6.489199e-03 0.174112
   107   4       2425       1848  8.322  16.225  95.0 33.690     2419     1843     2434     1856     15     13      2421      1840      2435      1849      2430      1856      2417      1847      2394      1818      2459      1881 PARcau 2.102707e-06 1.603993e-07 0.999998
   107   3       4933       2509  6.000   9.000  44.0 90.000     4929     2506     4939     2513     10      7      4929      2506      4938      2506      4938      2512      4929      2512      4904      2481      4964      2538 PARcau 7.456820e-01 2.870117e-02 0.225617
   107   2       2233       2637  5.657   7.071  28.5 45.000     2231     2635     2238     2642      7      7      2233      2633      2238      2638      2234      2642      2229      2637      2206      2610      2263      2667 PARcau 4.731842e-02 8.162066e-01 0.136475
   108   4       2425       1847  8.944  16.553 100.5 26.565     2418     1842     2436     1856     18     14      2420      1840      2435      1847      2431      1855      2416      1848      2393      1817      2461      1881 PARcau 1.886347e-03 1.074911e-03 0.997039
   108   2       2234       2642  5.000   6.000  27.0 90.000     2232     2639     2238     2646      6      7      2232      2639      2237      2639      2237      2645      2232      2645      2207      2614      2263      2671 PARcau 9.512364e-01 3.657209e-02 0.012191
   108   3       4927       2511  7.000  10.000  49.0  0.000     4922     2508     4933     2516     11      8      4922      2508      4932      2508      4932      2515      4922      2515      4897      2483      4958      2541 PARcau 3.714412e-01 8.525807e-03 0.620033
   109   4       2425       1846  8.902  17.414 108.0 40.601     2418     1840     2436     1853     18     13      2421      1837      2435      1848      2429      1855      2416      1844      2393      1815      2461      1878 PARcau 4.141665e-04 8.871199e-06 0.999577
   109   2       2235       2647  6.000   6.000  29.0 90.000     2232     2644     2239     2651      7      7      2232      2644      2238      2644      2238      2650      2232      2650      2207      2619      2264      2676 PARcau 3.477702e-01 4.547370e-01 0.197493
   109   3       4920       2513  7.000  10.000  58.0 90.000     4915     2510     4926     2518     11      8      4915      2510      4925      2510      4925      2517      4915      2517      4890      2485      4951      2543 PARcau 4.727494e-01 1.176570e-01 0.409594
   110   4       2425       1843  9.220  22.804 119.5 38.660     2418     1837     2435     1855     17     18      2420      1834      2438      1848      2432      1855      2414      1841      2393      1812      2460      1880 PARcau 8.691962e-04 6.217276e-05 0.999069
   110   3       4914       2512  7.000  10.000  53.5 90.000     4909     2509     4920     2517     11      8      4909      2509      4919      2509      4919      2516      4909      2516      4884      2484      4945      2542 PARcau 6.887118e-01 1.004145e-02 0.301247
   111   4       2423       1840  9.192  20.506 147.0 45.000     2415     1833     2433     1851     18     18      2419      1830      2434      1845      2427      1851      2413      1837      2390      1808      2458      1876 PARcau 2.638682e-05 2.864968e-06 0.999971
   111   3       4909       2507  7.778   9.192  54.0 45.000     4905     2504     4915     2513     10      9      4909      2502      4915      2508      4910      2514      4903      2507      4880      2479      4940      2538 PARcau 5.204496e-01 9.213543e-03 0.470337
   112   4       2421       1838  9.192  23.335 162.5 45.000     2413     1829     2431     1849     18     20      2416      1827      2432      1843      2426      1850      2409      1833      2388      1804      2456      1874 PARcau 3.572637e-03 4.783549e-04 0.995949
   112   3       4908       2501  7.071   7.810  44.5 45.000     4905     2498     4914     2506      9      8      4903      2501      4909      2496      4914      2501      4908      2506      4880      2473      4939      2531 PARcau 9.135148e-01 7.858260e-03 0.078627
   113   4       2418       1834  9.192  24.749 174.0 45.000     2409     1826     2428     1846     19     20      2413      1823      2430      1840      2424      1847      2406      1829      2384      1801      2453      1871 PARcau 4.633955e-06 3.753007e-07 0.999995
   113   3       4912       2494  7.000   8.000  45.0 90.000     4908     2491     4917     2499      9      8      4908      2491      4916      2491      4916      2498      4908      2498      4883      2466      4942      2524 PARcau 5.875091e-02 1.045517e-03 0.940204
   114   4       2415       1831  9.220  24.042 175.0 45.000     2406     1822     2425     1842     19     20      2410      1820      2427      1837      2420      1843      2403      1826      2381      1797      2450      1867 PARcau 1.111231e-04 6.644729e-06 0.999882
   114   3       4917       2490  6.000  10.000  50.0 90.000     4912     2488     4923     2495     11      7      4912      2488      4922      2488      4922      2494      4912      2494      4887      2463      4948      2520 PARcau 5.465035e-01 1.400214e-02 0.439494
   115   4       2412       1829  9.192  24.749 181.5 45.000     2404     1820     2423     1840     19     20      2407      1817      2425      1835      2418      1841      2401      1824      2379      1795      2448      1865 PARcau 6.091372e-05 3.247002e-06 0.999936
   115   3       4922       2491  6.000  10.000  52.5 90.000     4917     2488     4928     2495     11      7      4917      2488      4927      2488      4927      2494      4917      2494      4892      2463      4953      2520 PARcau 5.921192e-01 1.123387e-02 0.396647
   115   2       2257       2638  5.000   6.000  28.0 90.000     2254     2636     2261     2642      7      6      2254      2636      2260      2636      2260      2641      2254      2641      2229      2611      2286      2667 PARcau 8.870133e-01 8.594692e-02 0.027040
   116   4       2410       1827 10.000  24.413 171.0 36.870     2401     1818     2421     1838     20     20      2403      1816      2423      1830      2417      1838      2397      1824      2376      1793      2446      1863 PARcau 7.943823e-05 1.689052e-06 0.999919
   116   3       4923       2494  7.000   9.000  46.0 90.000     4919     2491     4929     2499     10      8      4919      2491      4928      2491      4928      2498      4919      2498      4894      2466      4954      2524 PARcau 7.396465e-01 2.358388e-02 0.236770
   117   4       2408       1825  9.925  24.910 178.5 38.660     2399     1817     2419     1836     20     19      2402      1814      2421      1829      2415      1837      2395      1821      2374      1792      2444      1861 PARcau 1.844313e-04 9.613466e-06 0.999806
   117   3       4921       2497  6.000   9.000  42.5 90.000     4917     2494     4927     2501     10      7      4917      2494      4926      2494      4926      2500      4917      2500      4892      2469      4952      2526 PARcau 7.692173e-01 3.702081e-02 0.193762
   117   2       2266       2640  5.657   6.403  28.5 45.000     2263     2638     2271     2645      8      7      2266      2636      2270      2640      2266      2645      2262      2641      2238      2613      2296      2670 PARcau 2.505067e-01 7.167668e-01 0.032727
   118   4       2406       1823  9.220  24.042 163.0 45.000     2397     1816     2417     1834     20     18      2401      1812      2418      1829      2412      1836      2395      1819      2372      1791      2442      1859 PARcau 3.916232e-02 2.650678e-05 0.960811
   118   3       4914       2496  5.831   8.602  33.0 33.690     4911     2493     4921     2501     10      8      4913      2491      4920      2496      4917      2501      4910      2496      4886      2468      4946      2526 PARcau 8.193505e-01 2.246600e-02 0.158183
   119   4       2404       1822  9.605  23.754 149.5 40.601     2395     1814     2415     1832     20     18      2398      1810      2416      1826      2410      1833      2392      1818      2370      1789      2440      1857 PARcau 3.878725e-03 1.213748e-04 0.996000
   119   3       4911       2491  6.000   8.000  29.0 90.000     4907     2489     4916     2496      9      7      4907      2489      4915      2489      4915      2495      4907      2495      4882      2464      4941      2521 PARcau 9.705994e-01 6.992401e-04 0.028701
   119   2       2274       2637  5.657   6.403  28.5 45.000     2271     2635     2278     2642      7      7      2274      2633      2278      2637      2274      2642      2270      2638      2246      2610      2303      2667 PARcau 5.810760e-01 3.539353e-01 0.064989
   120   4       2402       1820  9.220  22.804 141.5 37.875     2393     1813     2414     1831     21     18      2396      1810      2414      1824      2408      1831      2390      1817      2368      1788      2439      1856 PARcau 1.983586e-03 2.474635e-05 0.997992
   120   3       4910       2485  7.000   8.000  44.5 90.000     4906     2482     4915     2490      9      8      4906      2482      4914      2482      4914      2489      4906      2489      4881      2457      4940      2515 PARcau 9.607467e-01 2.074812e-03 0.037179
   121   4       2401       1820  8.902  23.200 125.0 36.870     2393     1813     2414     1831     21     18      2396      1810      2414      1824      2409      1831      2390      1817      2368      1788      2439      1856 PARcau 5.249514e-02 4.304519e-05 0.947462
   121   3       4913       2480  7.000   9.000  50.5 90.000     4909     2477     4919     2485     10      8      4909      2477      4918      2477      4918      2484      4909      2484      4884      2452      4944      2510 PARcau 7.221468e-01 1.227637e-02 0.265577
   122   4       2401       1818  7.810  17.029  69.5 40.601     2396     1813     2410     1828     14     15      2398      1811      2411      1822      2406      1828      2393      1817      2371      1788      2435      1853 PARcau 9.037944e-03 5.757569e-05 0.990905
   122   3       4917       2478  6.000  11.000  56.0 90.000     4912     2475     4924     2482     12      7      4912      2475      4923      2475      4923      2481      4912      2481      4887      2450      4949      2507 PARcau 4.944696e-01 3.100901e-02 0.474521
   123   4       2402       1815  9.899  15.556  91.5 45.000     2397     1809     2410     1826     13     17      2400      1807      2411      1818      2404      1825      2393      1814      2372      1784      2435      1851 PARcau 2.194020e-03 1.352559e-04 0.997671
   123   3       4921       2478  7.000   9.000  48.5 90.000     4917     2475     4927     2483     10      8      4917      2475      4926      2475      4926      2482      4917      2482      4892      2450      4952      2508 PARcau 8.375268e-01 5.042448e-02 0.112049
   124   4       2402       1813  9.434  21.954 104.5 59.036     2397     1806     2410     1827     13     21      2402      1803      2413      1822      2405      1827      2394      1808      2372      1781      2435      1852 PARcau 2.362285e-04 1.085333e-05 0.999753
   124   3       4922       2480  6.364   7.778  39.5 45.000     4918     2478     4928     2485     10      7      4922      2476      4927      2481      4923      2486      4917      2480      4893      2453      4953      2510 PARcau 2.652264e-01 9.829009e-02 0.636483
   125   3       4919       2482  7.071   7.071  31.0 45.000     4916     2480     4925     2487      9      7      4920      2478      4925      2483      4920      2488      4915      2483      4891      2455      4950      2512 PARcau 2.917901e-01 4.093910e-03 0.704116
   125   4       2400       1808  8.602  21.401 129.5 53.130     2394     1801     2409     1818     15     17      2397      1798      2410      1815      2403      1820      2390      1803      2369      1776      2434      1843 PARcau 1.564752e-03 4.162132e-06 0.998431
   126   4       2398       1804  9.605  23.308 163.0 54.462     2391     1795     2407     1815     16     20      2395      1792      2408      1811      2401      1817      2387      1798      2366      1770      2432      1840 PARcau 9.162355e-04 6.333487e-06 0.999077
   127   4       2397       1802  9.434  23.324 172.5 59.036     2390     1793     2406     1814     16     21      2395      1790      2407      1810      2399      1815      2387      1795      2365      1768      2431      1839 PARcau 1.543058e-02 3.611452e-04 0.984208
   127   3       4909       2479  5.701   5.701  26.0 75.964     4906     2476     4913     2483      7      7      4905      2477      4911      2475      4912      2481      4907      2482      4881      2451      4938      2508 PARcau 7.231819e-02 1.091649e-02 0.916765
   128   4       2399       1803  9.487  22.472 150.5 69.444     2394     1794     2407     1815     13     21      2391      1795      2400      1792      2408      1813      2399      1816      2369      1769      2432      1840 PARcau 8.874711e-02 2.267572e-03 0.908985
   128   3       4907       2472  7.000   7.000  31.5  0.000     4904     2470     4912     2478      8      8      4904      2470      4911      2470      4911      2477      4904      2477      4879      2445      4937      2503 PARcau 9.829293e-01 4.919854e-03 0.012151
   128   2       2301       2627  5.000   6.000  26.5 90.000     2299     2624     2305     2631      6      7      2299      2624      2304      2624      2304      2630      2299      2630      2274      2599      2330      2656 PARcau 9.260933e-01 5.379284e-02 0.020114
   129   4       2402       1802  9.000  22.000 158.0 90.000     2398     1792     2408     1815     10     23      2398      1792      2407      1792      2407      1814      2398      1814      2373      1767      2433      1840 PARcau 1.614654e-01 1.745044e-02 0.821084
   129   3       4909       2467  7.000   8.000  45.5 90.000     4906     2464     4915     2472      9      8      4906      2464      4914      2464      4914      2471      4906      2471      4881      2439      4940      2497 PARcau 5.877550e-01 7.082143e-03 0.405163
   130   4       2404       1798  9.487  24.739 171.5 14.036     2399     1786     2410     1811     11     25      2402      1784      2411      1787      2405      1811      2396      1808      2374      1761      2435      1836 PARcau 2.455393e-04 9.277606e-05 0.999662
   130   3       4915       2465  6.000  10.000  48.0 90.000     4910     2462     4921     2469     11      7      4910      2462      4920      2462      4920      2468      4910      2468      4885      2437      4946      2494 PARcau 6.992861e-01 1.082030e-01 0.192511
   131   4       2406       1794  9.487  25.298 188.5 18.435     2400     1782     2413     1807     13     25      2405      1780      2414      1783      2406      1807      2397      1804      2375      1757      2438      1832 PARcau 7.273239e-03 1.442005e-03 0.991285
   131   3       4920       2466  5.000   8.000  32.5 90.000     4917     2464     4926     2470      9      6      4917      2464      4925      2464      4925      2469      4917      2469      4892      2439      4951      2495 PARcau 4.369605e-01 6.841212e-03 0.556198
   132   4       2407       1791  9.657  25.539 178.5 21.801     2401     1780     2416     1804     15     24      2398      1801      2408      1778      2417      1781      2407      1805      2376      1755      2441      1829 PARcau 3.678496e-03 7.187483e-05 0.996250
   132   3       4925       2471  5.657   8.485  32.5 45.000     4921     2468     4930     2475      9      7      4924      2466      4930      2472      4926      2476      4920      2470      4896      2443      4955      2500 PARcau 3.955373e-01 1.056979e-02 0.593893
   133   4       2410       1787  9.849  24.597 189.5 26.565     2403     1776     2419     1800     16     24      2400      1796      2411      1774      2420      1778      2409      1800      2378      1751      2444      1825 PARcau 6.985696e-05 9.787838e-06 0.999920
   134   4       2413       1782  9.708  25.125 185.5 32.005     2406     1771     2423     1794     17     23      2403      1790      2416      1768      2424      1774      2411      1795      2381      1746      2448      1819 PARcau 5.613171e-04 8.196098e-05 0.999357
   135   4       2417       1776 10.062  25.045 186.5 26.565     2410     1766     2426     1789     16     23      2407      1785      2418      1763      2427      1767      2416      1790      2385      1741      2451      1814 PARcau 1.868085e-02 1.257169e-02 0.968747
   136   4       2419       1774  9.708  25.125 186.5 32.005     2412     1763     2428     1786     16     23      2408      1782      2421      1760      2429      1766      2416      1787      2387      1738      2453      1811 PARcau 7.475817e-03 9.689199e-03 0.982835
   137   4       2419       1775  9.301  24.300 175.0 36.870     2411     1765     2428     1787     17     22      2407      1782      2422      1763      2429      1768      2415      1788      2386      1740      2453      1812 PARcau 2.455065e-05 1.039966e-05 0.999965
   138   4       2421       1775  9.899  24.042 173.0 45.000     2411     1767     2432     1786     21     19      2409      1781      2426      1764      2433      1771      2416      1788      2386      1742      2457      1811 PARcau 1.501631e-04 1.148194e-05 0.999838
   138   2       2327       2612  5.657   6.403  26.5 45.000     2324     2610     2331     2617      7      7      2327      2608      2331      2612      2327      2617      2323      2613      2299      2585      2356      2642 PARcau 3.120443e-01 5.931103e-01 0.094845
   139   4       2426       1773  9.708  24.824 177.5 56.310     2416     1766     2439     1782     23     16      2413      1776      2434      1762      2439      1770      2419      1784      2391      1741      2464      1807 PARcau 1.375930e-02 8.248754e-04 0.985416
   139   0       2581       2801  5.657   7.071  27.5 45.000     2579     2799     2586     2806      7      7      2581      2797      2586      2802      2582      2806      2577      2801      2554      2774      2611      2831 PARcau 6.870919e-01 7.336053e-03 0.305572
   140   2       2334       2615  6.000   6.000  27.0 90.000     2331     2613     2338     2620      7      7      2331      2613      2337      2613      2337      2619      2331      2619      2306      2588      2363      2645 PARcau 7.805295e-01 1.627412e-01 0.056729
   140   4       2432       1770  9.434  24.187 162.0 60.255     2422     1763     2444     1779     22     16      2419      1772      2440      1760      2445      1768      2424      1780      2397      1738      2469      1804 PARcau 1.984061e-04 6.323752e-06 0.999795
   141   4       2437       1768  9.434  19.416 131.5 56.310     2428     1763     2447     1775     19     12      2426      1770      2442      1759      2447      1767      2431      1778      2403      1738      2472      1800 PARcau 4.064832e-05 1.965829e-05 0.999940
   142   4       2441       1766  8.276  23.033 124.5 63.435     2432     1761     2454     1774     22     13      2430      1767      2451      1757      2454      1764      2434      1775      2407      1736      2479      1799 PARcau 7.360046e-02 1.993218e-02 0.906467
   142   2       2342       2619  5.000   6.000  25.5 90.000     2340     2617     2347     2623      7      6      2340      2617      2346      2617      2346      2622      2340      2622      2315      2592      2372      2648 PARcau 9.719000e-01 1.646537e-02 0.011635
   143   2       2345       2618  5.657   6.403  28.5 45.000     2343     2615     2350     2622      7      7      2341      2618      2346      2614      2350      2618      2345      2622      2318      2590      2375      2647 PARcau 2.984675e-01 6.785809e-01 0.022952
   143   4       2447       1764  8.500  25.715 143.5 63.435     2435     1757     2459     1772     24     15      2433      1766      2456      1755      2460      1762      2437      1774      2410      1732      2484      1797 PARcau 1.553666e-04 5.637023e-05 0.999788
   144   2       2348       2615  4.924   6.500  25.5 26.565     2346     2612     2353     2619      7      7      2347      2611      2352      2613      2349      2619      2345      2617      2321      2587      2378      2644 PARcau 9.239002e-01 6.556123e-02 0.010539
   144   4       2449       1764  8.500  24.377 141.0 64.983     2437     1757     2461     1771     24     14      2435      1766      2457      1755      2461      1763      2439      1773      2412      1732      2486      1796 PARcau 4.862811e-03 1.761546e-02 0.977522
   145   4       2452       1764  9.394  24.377 152.5 65.225     2439     1759     2464     1771     25     12      2438      1766      2460      1755      2464      1764      2442      1774      2414      1734      2489      1796 PARcau 7.955786e-05 2.543773e-05 0.999895
   146   4       2458       1764  9.055  22.204 149.0 82.875     2447     1759     2470     1770     23     11      2446      1761      2468      1758      2469      1767      2447      1770      2422      1734      2495      1795 PARcau 1.640469e-02 7.398967e-04 0.982855
   147   4       2463       1763  9.055  24.331 175.5 80.538     2452     1759     2477     1770     25     11      2451      1761      2475      1757      2476      1766      2452      1770      2427      1734      2502      1795 PARcau 1.249442e-01 5.450756e-03 0.869605
   148   4       2469       1764  9.000  25.000 171.5 90.000     2457     1760     2483     1770     26     10      2457      1760      2482      1760      2482      1769      2457      1769      2432      1735      2508      1795 PARcau 2.493910e-01 3.271685e-02 0.717892
   148   0       2563       2807  5.657   5.657  26.0 45.000     2560     2805     2568     2811      8      6      2563      2803      2567      2807      2563      2811      2559      2807      2535      2780      2593      2836 PARcau 1.485956e-02 1.597023e-03 0.983543
   149   0       2560       2808  5.000   6.000  25.5 90.000     2557     2806     2564     2812      7      6      2557      2806      2563      2806      2563      2811      2557      2811      2532      2781      2589      2837 PARcau 1.500745e-02 2.670181e-04 0.984726
   149   4       2473       1765  9.000  24.000 181.0 90.000     2461     1761     2486     1771     25     10      2461      1761      2485      1761      2485      1770      2461      1770      2436      1736      2511      1796 PARcau 3.184265e-01 3.940275e-02 0.642171
   149   2       2364       2608  5.000   6.000  25.5 90.000     2362     2606     2369     2612      7      6      2362      2606      2368      2606      2368      2611      2362      2611      2337      2581      2394      2637 PARcau 1.209203e-01 7.782830e-01 0.100797