 Frame  ID  CentroidX  CentroidY  Width  Length  Area  Angle  Box_TLX  Box_TLY  Box_BRX  Box_BRY  Box_W  Box_H  rBox_TLX  rBox_TLY  rBox_TRX  rBox_TRY  rBox_BRX  rBox_BRY  rBox_BLX  rBox_BLY  lBox_TLX  lBox_TLY  lBox_BRX  lBox_BRY  Label   DIDnas       NONpro   PARcau
    21   0       4655       1291 10.512  14.983 126.0 63.435     4649     1285     4663     1300     14     15      4647      1287      4657      1282      4663      1296      4654      1300      4624      1260      4688      1325 PARcau 0.116634 6.929449e-01 0.190421
    22   0       4660       1296 11.314  15.556 129.5 45.000     4654     1290     4668     1304     14     14      4659      1287      4670      1298      4662      1306      4651      1295      4629      1265      4693      1329 PARcau 0.296215 2.743376e-01 0.429447
    22   1        819       2520 14.142  18.385 162.0 45.000      811     2513      831     2529     20     16       808      2521       821      2508       831      2518       818      2531       786      2488       856      2554 PARcau 0.290081 1.683958e-01 0.541523
    23   1        819       2520 13.829  20.180 179.5 48.814      811     2513      831     2530     20     17       807      2521       822      2508       831      2518       816      2532       786      2488       856      2555 PARcau 0.023764 4.612096e-01 0.515027
    23   0       4667       1298 12.000  15.000 137.0 90.000     4660     1293     4676     1306     16     13      4660      1293      4675      1293      4675      1305      4660      1305      4635      1268      4701      1331 PARcau 0.415838 1.520476e-01 0.432115
    24   1        818       2521 14.500  20.180 182.5 48.366      810     2514      831     2531     21     17       806      2522       821      2508       831      2519       816      2532       785      2489       856      2556 PARcau 0.248391 3.784450e-02 0.713765
    24   0       4675       1298 12.000  14.000 137.5 90.000     4668     1293     4683     1306     15     13      4668      1293      4682      1293      4682      1305      4668      1305      4643      1268      4708      1331 PARcau 0.108850 8.166187e-01 0.074531
    25   1        818       2521 13.829  20.180 181.5 48.366      810     2514      830     2531     20     17       806      2522       821      2509       830      2519       815      2533       785      2489       855      2556 PARcau 0.876668 6.396482e-04 0.122692
    25   0       4681       1296 12.000  14.000 132.0 90.000     4674     1290     4689     1303     15     13      4674      1290      4688      1290      4688      1302      4674      1302      4649      1265      4714      1328 PARcau 0.996330 4.572337e-04 0.003213
    26   1        817       2522 13.454  21.213 184.5 45.000      809     2514      830     2532     21     18       805      2524       820      2509       830      2518       815      2533       784      2489       855      2557 PARcau 0.340518 2.090299e-03 0.657391
    26   0       4686       1291 13.000  13.000 130.5 90.000     4680     1285     4694     1299     14     14      4680      1285      4693      1285      4693      1298      4680      1298      4655      1260      4719      1324 PARcau 0.484982 3.511697e-01 0.163848
    27   1        817       2522 14.230  19.962 186.5 69.444      808     2514      828     2532     20     18       806      2520       824      2512       829      2526       810      2533       783      2489       853      2557 PARcau 0.810171 1.875879e-02 0.171070
    27   0       4690       1285 12.000  14.000 130.0 90.000     4685     1279     4698     1294     13     15      4685      1279      4697      1279      4697      1293      4685      1293      4660      1254      4723      1319 PARcau 0.244694 5.828074e-01 0.172499
    28   1        816       2523 13.865  21.731 198.0 65.556      808     2514      828     2533     20     19       804      2521       824      2512       830      2525       810      2533       783      2489       853      2558 PARcau 0.575826 1.997562e-02 0.404198
    28   0       4693       1280 11.000  14.000 118.0 90.000     4688     1274     4700     1289     12     15      4688      1274      4699      1274      4699      1288      4688      1288      4663      1249      4725      1314 PARcau 0.886619 1.242151e-02 0.100960
    29   1        815       2523 14.396  20.427 201.5 68.962      807     2514      827     2533     20     19       804      2520       823      2513       828      2526       809      2534       782      2489       852      2558 PARcau 0.463436 9.910214e-03 0.526654
    29   0       4696       1278 12.000  12.000 113.0 90.000     4690     1272     4703     1285     13     13      4690      1272      4702      1272      4702      1284      4690      1284      4665      1247      4728      1310 PARcau 0.668085 1.915274e-01 0.140387
    30   1        814       2523 14.160  21.966 193.5 48.366      806     2516      827     2533     21     17       801      2524       818      2510       827      2520       811      2535       781      2491       852      2558 PARcau 0.643293 1.845489e-03 0.354861
    30   0       4699       1277 11.000  12.000 108.5 90.000     4693     1272     4706     1284     13     12      4693      1272      4705      1272      4705      1283      4693      1283      4668      1247      4731      1309 PARcau 0.620371 2.473824e-01 0.132247
    31   1        814       2524 15.000  18.000 185.5 90.000      806     2517      825     2533     19     16       806      2517       824      2517       824      2532       806      2532       781      2492       850      2558 PARcau 0.573604 1.270756e-02 0.413689
    31   0       4705       1278 11.000  14.000 126.5 90.000     4698     1273     4713     1285     15     12      4698      1273      4712      1273      4712      1284      4698      1284      4673      1248      4738      1310 PARcau 0.420008 4.146146e-01 0.165377
    32   1        814       2523 13.829  18.554 172.5 75.964      806     2517      825     2533     19     16       804      2519       822      2514       825      2528       807      2532       781      2492       850      2558 PARcau 0.231379 1.273961e-02 0.755881
    32   0       4711       1278 11.000  15.000 130.0 90.000     4704     1273     4720     1285     16     12      4704      1273      4719      1273      4719      1284      4704      1284      4679      1248      4745      1310 PARcau 0.870530 1.344832e-02 0.116021
    33   1        813       2523 13.200  18.901 147.5 52.125      806     2517      825     2533     19     16       802      2523       817      2512       825      2522       810      2534       781      2492       850      2558 PARcau 0.374387 4.770644e-02 0.577906
    33   0       4718       1277 11.000  14.000 129.0 90.000     4712     1272     4727     1284     15     12      4712      1272      4726      1272      4726      1283      4712      1283      4687      1247      4752      1309 PARcau 0.839092 6.648584e-02 0.094422
    34   0       4724       1273 12.000  13.000 122.5 90.000     4718     1267     4731     1281     13     14      4718      1267      4730      1267      4730      1280      4718      1280      4693      1242      4756      1306 PARcau 0.500643 3.061716e-01 0.193185
    35   1        813       2522 13.946  13.946  97.0 14.036      807     2516      823     2531     16     15       809      2514       822      2517       819      2531       805      2527       782      2491       848      2556 PARcau 0.202498 2.049374e-04 0.797297
    35   0       4727       1268 11.000  14.000 126.0 90.000     4722     1261     4734     1276     12     15      4722      1261      4733      1261      4733      1275      4722      1275      4697      1236      4759      1301 PARcau 0.642093 5.042110e-02 0.307486
    36   1        814       2520 13.601  14.560  84.0 15.945      808     2514      823     2530     15     16       810      2512       823      2516       819      2530       806      2526       783      2489       848      2555 PARcau 0.295935 5.386052e-03 0.698679
    36   0       4728       1261 10.000  15.000 128.0 90.000     4724     1254     4735     1270     11     16      4724      1254      4734      1254      4734      1269      4724      1269      4699      1229      4760      1295 PARcau 0.293045 3.591508e-01 0.347805
    37   1        814       2519 12.971  14.534  76.5 26.565      809     2513      823     2529     14     16       811      2511       824      2518       818      2529       805      2523       784      2488       848      2554 PARcau 0.515619 3.005322e-02 0.454328
    37   0       4728       1254 10.000  16.000 128.0  0.000     4724     1246     4735     1263     11     17      4724      1246      4734      1246      4734      1262      4724      1262      4699      1221      4760      1288 PARcau 0.809494 6.274510e-02 0.127761
    38   1        815       2519 13.454  14.142  85.5 45.000      809     2513      824     2528     15     15       815      2510       825      2520       815      2529       805      2519       784      2488       849      2553 PARcau 0.543163 3.777255e-02 0.419064
    38   0       4729       1247 11.000  15.000 130.5 90.000     4724     1240     4736     1256     12     16      4724      1240      4735      1240      4735      1255      4724      1255      4699      1215      4761      1281 PARcau 0.959450 1.573209e-02 0.024818
    39   1        814       2518 13.435  13.435  70.5 45.000      810     2512      824     2528     14     16       815      2510       824      2519       815      2529       805      2519       785      2487       849      2553 PARcau 0.634612 1.814814e-02 0.347240
    39   0       4733       1241 12.000  13.000 128.0 90.000     4727     1235     4740     1249     13     14      4727      1235      4739      1235      4739      1248      4727      1248      4702      1210      4765      1274 PARcau 0.893526 1.897493e-02 0.087499
    40   1        813       2518 12.042  12.728  50.5 45.000      809     2513      822     2528     13     15       814      2511       823      2520       814      2528       805      2519       784      2488       847      2553 PARcau 0.468737 6.809999e-05 0.531195
    40   0       4738       1238 12.000  13.000 127.0 90.000     4732     1232     4746     1245     14     13      4732      1232      4745      1232      4745      1244      4732      1244      4707      1207      4771      1270 PARcau 0.635066 4.832846e-02 0.316606
    41   1        813       2515  6.265   7.826  28.5 63.435      810     2513      819     2520      9      7       808      2515       815      2511       818      2517       811      2520       785      2488       844      2545 PARcau 0.837677 1.482143e-04 0.162175
    41   0       4745       1236 11.000  14.000 124.0 90.000     4738     1231     4753     1243     15     12      4738      1231      4752      1231      4752      1242      4738      1242      4713      1206      4778      1268 PARcau 0.731347 9.908341e-02 0.169569
    42   1        812       2516  8.500  15.882  48.5 29.055      807     2513      822     2526     15     13       809      2510       823      2518       819      2525       805      2518       782      2488       847      2551 PARcau 0.649721 5.390129e-04 0.349740
    42   0       4751       1234 11.000  14.000 128.5 90.000     4745     1229     4760     1241     15     12      4745      1229      4759      1229      4759      1240      4745      1240      4720      1204      4785      1266 PARcau 0.575178 2.528229e-01 0.171999
    43   1        809       2516 10.630  13.454  70.0 41.186      805     2512      819     2526     14     14       801      2519       810      2509       818      2516       809      2526       780      2487       844      2551 PARcau 0.791862 1.557734e-04 0.207982
    43   0       4757       1231 12.728  12.728 120.5 45.000     4750     1226     4765     1239     15     13      4757      1223      4766      1232      4757      1241      4748      1232      4725      1201      4790      1264 PARcau 0.320767 3.463167e-01 0.332916
    44   1        811       2518 14.000  16.000 156.5 90.000      804     2511      821     2526     17     15       804      2511       820      2511       820      2525       804      2525       779      2486       846      2551 PARcau 0.579896 3.736289e-02 0.382741
    44   0       4761       1228 12.000  13.000 121.5 90.000     4755     1222     4768     1236     13     14      4755      1222      4767      1222      4767      1235      4755      1235      4730      1197      4793      1261 PARcau 0.162197 7.299786e-01 0.107825
    45   0       4763       1223 10.000  13.000 113.5 90.000     4758     1217     4769     1231     11     14      4758      1217      4768      1217      4768      1230      4758      1230      4733      1192      4794      1256 PARcau 0.728126 2.637249e-01 0.008150
    46   1        809       2518 14.000  18.000 138.0 90.000      802     2511      821     2526     19     15       802      2511       820      2511       820      2525       802      2525       777      2486       846      2551 PARcau 0.236374 1.673958e-03 0.761952
    46   0       4762       1217 11.000  15.000 127.5 90.000     4757     1210     4769     1226     12     16      4757      1210      4768      1210      4768      1225      4757      1225      4732      1185      4794      1251 PARcau 0.995602 6.144022e-04 0.003783
    47   1        808       2518 14.000  19.000 154.5 90.000      801     2511      821     2526     20     15       801      2511       820      2511       820      2525       801      2525       776      2486       846      2551 PARcau 0.313393 5.070881e-03 0.681536
    47   0       4760       1211 10.000  14.000 117.5 90.000     4755     1204     4766     1219     11     15      4755      1204      4765      1204      4765      1218      4755      1218      4730      1179      4791      1244 PARcau 0.571441 1.089433e-01 0.319615
    48   1        807       2518 15.133  19.105 145.5 82.875      800     2511      820     2527     20     16       798      2511       817      2509       819      2524       800      2526       775      2486       845      2552 PARcau 0.297230 2.690765e-01 0.433693
    48   0       4757       1204 11.000  15.000 127.0 90.000     4752     1197     4764     1213     12     16      4752      1197      4763      1197      4763      1212      4752      1212      4727      1172      4789      1238 PARcau 0.932375 3.761476e-03 0.063863
    49   1        806       2518 14.318  19.416 153.5 78.690      799     2511      820     2527     21     16       797      2512       816      2508       819      2522       800      2526       774      2486       845      2552 PARcau 0.875326 2.906788e-03 0.121767
    49   0       4756       1197 10.000  14.000 120.5 90.000     4751     1191     4762     1206     11     15      4751      1191      4761      1191      4761      1205      4751      1205      4726      1166      4787      1231 PARcau 0.984314 8.319166e-04 0.014854
    50   1        805       2517 13.000  14.000 138.5 90.000      799     2511      813     2526     14     15       799      2511       812      2511       812      2525       799      2525       774      2486       838      2551 PARcau 0.283914 2.985518e-02 0.686231
    50   0       4757       1192 11.000  14.000 127.0 90.000     4752     1185     4764     1200     12     15      4752      1185      4763      1185      4763      1199      4752      1199      4727      1160      4789      1225 PARcau 0.504089 1.438200e-01 0.352091
    51   1        804       2518 14.000  14.000 144.0 90.000      798     2511      813     2526     15     15       798      2511       812      2511       812      2525       798      2525       773      2486       838      2551 PARcau 0.263353 1.051047e-03 0.735596
    51   0       4760       1186 11.000  14.000 123.5 90.000     4755     1179     4767     1194     12     15      4755      1179      4766      1179      4766      1193      4755      1193      4730      1154      4792      1219 PARcau 0.624816 8.687200e-02 0.288312
    52   1        803       2518 14.230  14.230 140.0 71.565      797     2511      812     2527     15     16       794      2513       807      2509       812      2522       798      2527       772      2486       837      2552 PARcau 0.620981 1.718510e-03 0.377301
    52   0       4763       1181 11.000  13.000 116.0 90.000     4758     1175     4770     1189     12     14      4758      1175      4769      1175      4769      1188      4758      1188      4733      1150      4795      1214 PARcau 0.640637 4.016206e-02 0.319201
    53   1        801       2518 14.000  14.000 147.0 90.000      795     2512      810     2527     15     15       795      2512       809      2512       809      2526       795      2526       770      2487       835      2552 PARcau 0.474207 2.536198e-01 0.272173
    53   0       4766       1177 11.314  14.142 117.5 45.000     4760     1171     4773     1185     13     14      4757      1178      4767      1168      4775      1176      4765      1186      4735      1146      4798      1210 PARcau 0.545548 1.084718e-01 0.345980
    54   1        801       2518 14.000  15.000 158.0 90.000      794     2512      810     2527     16     15       794      2512       809      2512       809      2526       794      2526       769      2487       835      2552 PARcau 0.316270 1.621125e-02 0.667519
    54   0       4768       1173 12.000  13.000 120.0 90.000     4762     1167     4775     1181     13     14      4762      1167      4774      1167      4774      1180      4762      1180      4737      1142      4800      1206 PARcau 0.268289 6.149917e-01 0.116719
    55   1        800       2518 14.000  15.000 159.5 90.000      793     2512      809     2527     16     15       793      2512       808      2512       808      2526       793      2526       768      2487       834      2552 PARcau 0.576159 3.532331e-03 0.420309
    55   0       4771       1169 11.000  13.000 114.5 90.000     4766     1163     4778     1177     12     14      4766      1163      4777      1163      4777      1176      4766      1176      4741      1138      4803      1202 PARcau 0.539362 4.113204e-01 0.049318
    56   1        799       2518 14.000  14.000 157.5 90.000      793     2512      808     2527     15     15       793      2512       807      2512       807      2526       793      2526       768      2487       833      2552 PARcau 0.327828 1.514540e-01 0.520718
    56   0       4773       1165 11.000  13.000 120.5 90.000     4768     1159     4780     1173     12     14      4768      1159      4779      1159      4779      1172      4768      1172      4743      1134      4805      1198 PARcau 0.374972 5.030598e-01 0.121968
    57   1        799       2519 14.000  15.000 149.0 90.000      792     2512      808     2527     16     15       792      2512       807      2512       807      2526       792      2526       767      2487       833      2552 PARcau 0.236608 9.010135e-04 0.762491
    57   0       4773       1161 10.000  11.000  94.0 90.000     4768     1156     4779     1168     11     12      4768      1156      4778      1156      4778      1167      4768      1167      4743      1131      4804      1193 PARcau 0.731736 1.447205e-01 0.123544
    58   1        799       2518 14.000  15.000 145.5 90.000      792     2512      808     2527     16     15       792      2512       807      2512       807      2526       792      2526       767      2487       833      2552 PARcau 0.523064 3.187460e-05 0.476904
    58   0       4771       1160 11.000  12.000 107.0 90.000     4765     1155     4778     1167     13     12      4765      1155      4777      1155      4777      1166      4765      1166      4740      1130      4803      1192 PARcau 0.418072 5.600689e-02 0.525922
    59   1        798       2519 12.855  15.403 117.0 14.036      792     2512      808     2527     16     15       793      2511       808      2514       805      2527       790      2523       767      2487       833      2552 PARcau 0.575998 1.781076e-03 0.422221
    59   0       4765       1160 11.630  12.298 105.0 63.435     4760     1155     4773     1168     13     13      4757      1158      4768      1152      4773      1163      4762      1168      4735      1130      4798      1193 PARcau 0.732237 1.591543e-01 0.108609
    60   0       4764       1159 11.000  12.000 115.5 90.000     4759     1153     4771     1166     12     13      4759      1153      4770      1153      4770      1165      4759      1165      4734      1128      4796      1191 PARcau 0.787825 6.221761e-02 0.149958
    61   0       4762       1154 12.000  14.000 128.0 90.000     4757     1147     4770     1162     13     15      4757      1147      4769      1147      4769      1161      4757      1161      4732      1122      4795      1187 PARcau 0.509375 9.923331e-02 0.391392
    61   1        796       2519  6.021  11.543  36.5 82.875      793     2513      800     2526      7     13       792      2513       798      2513       799      2524       793      2525       768      2488       825      2551 PARcau 0.245473 5.940947e-02 0.695117
    62   0       4758       1150 10.735  14.534 119.0 63.435     4753     1144     4766     1158     13     14      4750      1146      4760      1141      4766      1154      4757      1159      4728      1119      4791      1183 PARcau 0.721379 5.854976e-02 0.220072
    63   0       4754       1147 12.000  12.000 115.5 90.000     4749     1141     4762     1154     13     13      4749      1141      4761      1141      4761      1153      4749      1153      4724      1116      4787      1179 PARcau 0.622772 1.898358e-01 0.187393
    64   0       4752       1145 11.000  11.000  98.5 90.000     4747     1140     4759     1152     12     12      4747      1140      4758      1140      4758      1151      4747      1151      4722      1115      4784      1177 PARcau 0.095342 8.488921e-01 0.055766
    65   0       4752       1145 11.000  11.000  95.0 90.000     4747     1140     4759     1152     12     12      4747      1140      4758      1140      4758      1151      4747      1151      4722      1115      4784      1177 PARcau 0.864406 3.330179e-02 0.102292
    66   0       4754       1144 10.607  12.021 101.5 45.000     4749     1139     4762     1151     13     12      4747      1144      4755      1136      4763      1143      4754      1152      4724      1114      4787      1176 PARcau 0.843184 1.609087e-02 0.140725
    67   0       4759       1141 11.314  12.728 114.5 45.000     4753     1136     4767     1149     14     13      4751      1142      4760      1133      4768      1141      4759      1150      4728      1111      4792      1174 PARcau 0.836413 6.352399e-02 0.100063
    68   0       4764       1138 12.000  13.000 124.5 90.000     4758     1132     4772     1145     14     13      4758      1132      4771      1132      4771      1144      4758      1144      4733      1107      4797      1170 PARcau 0.726060 7.540406e-02 0.198536
    68   1        803       2523 12.042  14.142  60.0 45.000      797     2515      811     2530     14     15       803      2513       813      2523       804      2531       794      2521       772      2490       836      2555 PARcau 0.578601 5.721936e-03 0.415677
    69   1        802       2524  9.487  15.811  67.0 71.565      798     2515      809     2532     11     17       795      2517       804      2514       809      2529       800      2532       773      2490       834      2557 PARcau 0.344718 1.312414e-02 0.642158
    69   0       4768       1132 12.000  14.000 135.5 90.000     4763     1126     4776     1141     13     15      4763      1126      4775      1126      4775      1140      4763      1140      4738      1101      4801      1166 PARcau 0.806210 1.170497e-03 0.192620
    70   1        802       2525 11.705  14.866  80.5 68.199      796     2516      809     2533     13     17       794      2519       805      2515       810      2529       799      2533       771      2491       834      2558 PARcau 0.291199 2.715183e-01 0.437283
    70   0       4770       1126 12.000  16.000 144.0 90.000     4764     1118     4777     1135     13     17      4764      1118      4776      1118      4776      1134      4764      1134      4739      1093      4802      1160 PARcau 0.531495 6.296156e-03 0.462208
    71   1        802       2527  9.434  13.416  71.5 26.565      796     2521      809     2533     13     12       797      2520       809      2526       804      2534       792      2528       771      2496       834      2558 PARcau 0.001989 9.756109e-01 0.022400
    71   0       4769       1119 11.000  15.000 139.0 90.000     4764     1112     4776     1128     12     16      4764      1112      4775      1112      4775      1127      4764      1127      4739      1087      4801      1153 PARcau 0.645769 1.164237e-05 0.354219
    72   1        801       2527 12.000  15.000  86.0 90.000      796     2518      809     2534     13     16       796      2518       808      2518       808      2533       796      2533       771      2493       834      2559 PARcau 0.217444 2.120961e-02 0.761346
    72   0       4767       1113 11.281  15.042 128.0 75.964     4761     1106     4774     1121     13     15      4759      1107      4770      1104      4774      1119      4763      1121      4736      1081      4799      1146 PARcau 0.700304 1.135482e-03 0.298561
    73   1        800       2527 11.180  13.416  84.0 26.565      795     2520      808     2534     13     14       796      2519       808      2525       803      2535       791      2529       770      2495       833      2559 PARcau 0.487398 2.320712e-02 0.489395
    73   0       4764       1107 11.000  14.000 125.0 90.000     4759     1101     4771     1116     12     15      4759      1101      4770      1101      4770      1115      4759      1115      4734      1076      4796      1141 PARcau 0.118430 1.725780e-03 0.879844
    74   1        799       2527 12.000  15.000  96.5 90.000      794     2518      807     2534     13     16       794      2518       806      2518       806      2533       794      2533       769      2493       832      2559 PARcau 0.268702 5.993544e-02 0.671362
    74   0       4763       1103 12.000  13.000 122.0 90.000     4757     1097     4770     1111     13     14      4757      1097      4769      1097      4769      1110      4757      1110      4732      1072      4795      1136 PARcau 0.541330 2.950311e-03 0.455720
    75   1        798       2527 10.630  15.000  95.5 36.870      793     2519      807     2534     14     15       795      2518       807      2527       800      2535       788      2526       768      2494       832      2559 PARcau 0.700674 4.969054e-03 0.294357
    75   0       4764       1099 12.021  13.435 127.0 45.000     4758     1093     4772     1107     14     14      4756      1100      4765      1090      4774      1099      4764      1108      4733      1068      4797      1132 PARcau 0.947944 9.931662e-04 0.051062
    76   1        797       2527 12.083  13.416  99.0 26.565      792     2519      806     2534     14     15       794      2518       806      2524       801      2535       789      2529       767      2494       831      2559 PARcau 0.614024 8.119151e-04 0.385164
    76   0       4768       1095 13.000  13.000 132.0 90.000     4762     1089     4776     1103     14     14      4762      1089      4775      1089      4775      1102      4762      1102      4737      1064      4801      1128 PARcau 0.996280 9.227645e-09 0.003719
    77   1        797       2526 10.308  13.829 100.5 40.601      792     2519      805     2534     13     15       794      2518       805      2527       798      2535       788      2526       767      2494       830      2559 PARcau 0.419525 1.717799e-04 0.580303
    77   0       4774       1092 13.000  14.000 138.5 90.000     4768     1086     4783     1100     15     14      4768      1086      4782      1086      4782      1099      4768      1099      4743      1061      4808      1125 PARcau 0.349383 9.505927e-07 0.650616
    78   0       4780       1089 12.728  14.142 132.5 45.000     4773     1083     4788     1097     15     14      4771      1090      4781      1080      4790      1089      4780      1099      4748      1058      4813      1122 PARcau 0.340309 4.295848e-05 0.659648
    79   1        796       2526 14.000  15.000 127.5 90.000      790     2519      806     2534     16     15       790      2519       805      2519       805      2533       790      2533       765      2494       831      2559 PARcau 0.737784 1.667160e-04 0.262049
    79   0       4785       1086 11.314  13.454 123.5 45.000     4779     1080     4793     1093     14     13      4777      1087      4786      1077      4794      1085      4785      1095      4754      1055      4818      1118 PARcau 0.142306 5.557731e-03 0.852136
    80   1        795       2526 13.757  15.338 134.0 20.556      789     2519      805     2535     16     16       791      2516       804      2521       799      2535       786      2531       764      2494       830      2560 PARcau 0.848947 1.947301e-05 0.151034
    80   0       4789       1081 12.000  13.000 128.0 90.000     4783     1075     4796     1089     13     14      4783      1075      4795      1075      4795      1088      4783      1088      4758      1050      4821      1114 PARcau 0.068784 3.767266e-04 0.930840
    81   1        794       2526 13.892  15.264 143.5 29.745      788     2519      805     2535     17     16       792      2516       804      2523       796      2536       784      2529       763      2494       830      2560 PARcau 0.505719 3.541950e-03 0.490739
    81   0       4790       1076 11.000  15.000 132.5 90.000     4785     1069     4797     1085     12     16      4785      1069      4796      1069      4796      1084      4785      1084      4760      1044      4822      1110 PARcau 0.266319 1.532223e-03 0.732149
    82   1        793       2526 14.000  14.000 150.5 90.000      787     2520      802     2535     15     15       787      2520       801      2520       801      2534       787      2534       762      2495       827      2560 PARcau 0.784355 1.167714e-02 0.203968
    82   0       4791       1070 12.728  14.142 132.0 45.000     4785     1063     4798     1079     13     16      4781      1071      4791      1061      4800      1070      4790      1080      4760      1038      4823      1104 PARcau 0.080330 4.403372e-06 0.919665
    83   1        792       2527 14.000  14.000 152.5 90.000      786     2520      801     2535     15     15       786      2520       800      2520       800      2534       786      2534       761      2495       826      2560 PARcau 0.207716 1.319059e-01 0.660378
    83   0       4792       1064 11.000  15.000 130.0 90.000     4787     1057     4799     1073     12     16      4787      1057      4798      1057      4798      1072      4787      1072      4762      1032      4824      1098 PARcau 0.019683 6.287590e-06 0.980310
    84   1        791       2527 14.000  15.000 154.5 90.000      785     2520      800     2536     15     16       785      2520       799      2520       799      2535       785      2535       760      2495       825      2561 PARcau 0.378848 9.358840e-03 0.611793
    84   0       4795       1058 12.000  14.000 131.5 90.000     4789     1052     4802     1067     13     15      4789      1052      4801      1052      4801      1066      4789      1066      4764      1027      4827      1092 PARcau 0.003180 7.614311e-05 0.996744
    85   1        791       2527 14.000  15.000 160.0  0.000      784     2520      799     2536     15     16       784      2520       798      2520       798      2535       784      2535       759      2495       824      2561 PARcau 0.454111 2.870209e-02 0.517187
    85   0       4799       1055 12.000  13.000 127.5 90.000     4793     1049     4807     1062     14     13      4793      1049      4806      1049      4806      1061      4793      1061      4768      1024      4832      1087 PARcau 0.118675 1.272283e-02 0.868602
    86   1        791       2527 14.000  14.000 146.5 90.000      785     2521      800     2536     15     15       785      2521       799      2521       799      2535       785      2535       760      2496       825      2561 PARcau 0.948875 2.447547e-04 0.050881
    86   0       4805       1053 11.180  15.232 128.5 63.435     4798     1047     4813     1060     15     13      4795      1051      4809      1045      4814      1055      4800      1061      4773      1022      4838      1085 PARcau 0.711789 3.902841e-02 0.249182
    87   1        791       2527 14.000  14.000 138.5 90.000      785     2521      800     2536     15     15       785      2521       799      2521       799      2535       785      2535       760      2496       825      2561 PARcau 0.820175 1.219136e-03 0.178606
    87   0       4811       1052 11.000  14.000 123.5 90.000     4804     1047     4819     1059     15     12      4804      1047      4818      1047      4818      1058      4804      1058      4779      1022      4844      1084 PARcau 0.609819 1.350731e-01 0.255107
    88   1        791       2528 13.153  14.142 100.0  9.462      785     2522      800     2536     15     14       786      2520       799      2522       797      2536       784      2534       760      2497       825      2561 PARcau 0.526267 1.553184e-02 0.458201
    88   0       4817       1052 11.000  13.000 123.5 90.000     4811     1047     4825     1059     14     12      4811      1047      4824      1047      4824      1058      4811      1058      4786      1022      4850      1084 PARcau 0.372492 5.100259e-01 0.117482
    89   1        792       2528 13.000  13.000  93.5 90.000      786     2522      800     2536     14     14       786      2522       799      2522       799      2535       786      2535       761      2497       825      2561 PARcau 0.213022 3.061273e-01 0.480851
    89   0       4822       1051 11.000  13.000 120.0 90.000     4816     1046     4830     1058     14     12      4816      1046      4829      1046      4829      1057      4816      1057      4791      1021      4855      1083 PARcau 0.138595 6.441971e-01 0.217208
    90   1        791       2529 13.000  13.000  66.5 90.000      786     2522      800     2536     14     14       786      2522       799      2522       799      2535       786      2535       761      2497       825      2561 PARcau 0.723384 1.268350e-01 0.149781
    90   0       4826       1048 11.000  13.000 113.0 90.000     4821     1042     4833     1056     12     14      4821      1042      4832      1042      4832      1055      4821      1055      4796      1017      4858      1081 PARcau 0.225656 4.947935e-01 0.279550
    91   1        792       2530 11.180  11.180  55.0  9.462      787     2523      800     2536     13     13       788      2522       799      2524       797      2535       786      2533       762      2498       825      2561 PARcau 0.670366 6.014238e-04 0.329033
    91   0       4828       1044 11.000  13.000 111.5 90.000     4823     1038     4835     1052     12     14      4823      1038      4834      1038      4834      1051      4823      1051      4798      1013      4860      1077 PARcau 0.683860 2.192308e-01 0.096910
    92   0       4830       1041 10.000  13.000 107.5 90.000     4825     1035     4836     1049     11     14      4825      1035      4835      1035      4835      1048      4825      1048      4800      1010      4861      1074 PARcau 0.884589 2.310568e-02 0.092305
    92   1        789       2529  4.610  11.102  25.5  5.711      788     2523      794     2535      6     12       788      2522       793      2523       791      2534       787      2533       763      2498       819      2560 PARcau 0.236302 5.323544e-01 0.231344
    93   1        789       2529  3.536  10.607  22.5 83.660      788     2523      793     2535      5     12       787      2523       790      2523       792      2533       788      2534       763      2498       818      2560 PARcau 0.089301 5.185250e-01 0.392174
    93   0       4830       1037 10.000  13.000 111.5 90.000     4825     1031     4836     1045     11     14      4825      1031      4835      1031      4835      1044      4825      1044      4800      1006      4861      1070 PARcau 0.817938 7.489604e-02 0.107166
    94   0       4828       1032 11.000  14.000 120.0 90.000     4823     1026     4835     1041     12     15      4823      1026      4834      1026      4834      1040      4823      1040      4798      1001      4860      1066 PARcau 0.780274 5.605653e-02 0.163670
    95   0       4825       1027 10.062  15.207 123.0 63.435     4819     1020     4832     1035     13     15      4817      1022      4826      1018      4833      1031      4824      1036      4794       995      4857      1060 PARcau 0.570308 1.659077e-01 0.263784
    96   1        789       2530  6.801  12.500  19.0 37.875      787     2525      799     2536     12     11       788      2524       798      2532       794      2537       784      2530       762      2500       824      2561 PARcau 0.352417 2.070538e-02 0.626878
    96   0       4823       1021 11.000  15.000 125.5  0.000     4818     1014     4830     1030     12     16      4818      1014      4829      1014      4829      1029      4818      1029      4793       989      4855      1055 PARcau 0.616790 2.548825e-02 0.357722
    97   0       4824       1015 11.000  13.000 119.5 90.000     4819     1009     4831     1023     12     14      4819      1009      4830      1009      4830      1022      4819      1022      4794       984      4856      1048 PARcau 0.721567 2.108547e-02 0.257347
    98   0       4826       1009 10.000  14.000 120.5 90.000     4821     1003     4832     1018     11     15      4821      1003      4831      1003      4831      1017      4821      1017      4796       978      4857      1043 PARcau 0.939416 5.310735e-03 0.055273
    99   0       4826       1004 11.000  14.000 119.0 90.000     4821      997     4833     1012     12     15      4821       997      4832       997      4832      1011      4821      1011      4796       972      4858      1037 PARcau 0.945853 4.961465e-03 0.049186
    99   1        790       2534 12.369  15.524 101.0 14.036      785     2526      799     2542     14     16       786      2524       798      2527       794      2542       782      2539       760      2501       824      2567 PARcau 0.633605 1.435151e-01 0.222880
   100   0       4826        999 11.000  13.000 111.5 90.000     4821      993     4833     1007     12     14      4821       993      4832       993      4832      1006      4821      1006      4796       968      4858      1032 PARcau 0.985081 4.589041e-06 0.014915
   101   0       4824        996 11.180  13.416 119.0 63.435     4818      990     4831     1004     13     14      4816       993      4826       988      4832      1000      4822      1005      4793       965      4856      1029 PARcau 0.104275 8.320184e-01 0.063707
   102   1        789       2536 12.258  14.807 104.5 11.310      784     2528      797     2544     13     16       785      2526       797      2529       794      2543       782      2541       759      2503       822      2569 PARcau 0.612143 4.423829e-04 0.387414
   102   0       4820        994 11.853  12.748 118.5 26.565     4814      988     4828     1001     14     13      4817       986      4828       991      4823      1002      4811       996      4789       963      4853      1026 PARcau 0.426888 3.842483e-01 0.188864
   103   1        789       2536 13.000  14.000 120.5 90.000      783     2529      797     2544     14     15       783      2529       796      2529       796      2543       783      2543       758      2504       822      2569 PARcau 0.837423 1.434637e-04 0.162433
   103   0       4814        992 11.000  14.000 119.5 90.000     4808      987     4823      999     15     12      4808       987      4822       987      4822       998      4808       998      4783       962      4848      1024 PARcau 0.796239 1.960166e-02 0.184160
   104   1        789       2536 13.153  15.133 135.0  8.130      783     2529      797     2545     14     16       783      2527       796      2529       794      2544       781      2542       758      2504       822      2570 PARcau 0.264877 6.403624e-05 0.735059
   104   0       4808        993 11.000  13.000 123.0 90.000     4802      988     4816     1000     14     12      4802       988      4815       988      4815       999      4802       999      4777       963      4841      1025 PARcau 0.842715 1.787951e-02 0.139405
   105   1        788       2537 13.000  15.000 130.0 90.000      782     2529      796     2545     14     16       782      2529       795      2529       795      2544       782      2544       757      2504       821      2570 PARcau 0.587625 1.384394e-03 0.410991
   105   0       4802        994 11.000  14.000 121.0 90.000     4796      989     4811     1001     15     12      4796       989      4810       989      4810      1000      4796      1000      4771       964      4836      1026 PARcau 0.900011 2.901027e-02 0.070978
   106   1        787       2537 13.000  15.000 122.0 90.000      781     2530      795     2546     14     16       781      2530       794      2530       794      2545       781      2545       756      2505       820      2571 PARcau 0.470591 4.305442e-02 0.486355
   106   0       4798        994 11.000  13.000 117.0 90.000     4792      989     4806     1001     14     12      4792       989      4805       989      4805      1000      4792      1000      4767       964      4831      1026 PARcau 0.308718 6.188252e-01 0.072456
   107   1        787       2538 12.728  16.279 137.0 45.000      780     2530      795     2546     15     16       777      2539       788      2527       797      2536       786      2548       755      2505       820      2571 PARcau 0.366729 2.491620e-01 0.384108
   107   0       4794        992 12.000  12.000 117.5 90.000     4789      986     4802      999     13     13      4789       986      4801       986      4801       998      4789       998      4764       961      4827      1024 PARcau 0.803372 1.032507e-02 0.186303
   108   1        786       2538 14.396  14.705 135.0 71.565      780     2530      794     2547     14     17       777      2533       791      2528       796      2542       782      2546       755      2505       819      2572 PARcau 0.041415 8.608868e-01 0.097698
   108   0       4792        987 12.000  13.000 117.0 90.000     4786      981     4799      995     13     14      4786       981      4798       981      4798       994      4786       994      4761       956      4824      1020 PARcau 0.595727 1.557903e-01 0.248482
   109   1        785       2538 14.221  14.637 148.5 80.538      778     2531      794     2547     16     16       776      2532       791      2530       793      2544       779      2546       753      2506       819      2572 PARcau 0.261084 1.171711e-02 0.727199
   109   0       4789        982 12.000  13.000 128.5 90.000     4783      976     4796      990     13     14      4783       976      4795       976      4795       989      4783       989      4758       951      4821      1015 PARcau 0.894083 1.162944e-02 0.094287
   110   1        784       2538 13.865  14.534 139.0 63.435      778     2531      793     2547     15     16       775      2534       788      2528       794      2540       781      2547       753      2506       818      2572 PARcau 0.490901 4.666662e-02 0.462432
   110   0       4785        977 11.314  14.142 130.0 45.000     4779      970     4793      985     14     15      4784       968      4794       978      4786       986      4776       976      4754       945      4818      1010 PARcau 0.507290 1.753640e-01 0.317346
   111   1        784       2538 14.000  14.000 141.0 90.000      777     2532      792     2547     15     15       777      2532       791      2532       791      2546       777      2546       752      2507       817      2572 PARcau 0.405065 2.162026e-02 0.573315
   111   0       4780        973 13.000  13.000 130.0 90.000     4774      967     4788      981     14     14      4774       967      4787       967      4787       980      4774       980      4749       942      4813      1006 PARcau 0.260451 5.280881e-01 0.211461
   112   1        783       2538 14.000  14.000 131.5 90.000      777     2532      792     2547     15     15       777      2532       791      2532       791      2546       777      2546       752      2507       817      2572 PARcau 0.168672 7.046761e-02 0.760860
   112   0       4773        972 12.000  14.000 130.0  0.000     4767      966     4782      979     15     13      4767       966      4781       966      4781       978      4767       978      4742       941      4807      1004 PARcau 0.559425 2.606185e-03 0.437969
   113   1        783       2538 13.000  14.000 125.5 90.000      777     2532      792     2546     15     14       777      2532       791      2532       791      2545       777      2545       752      2507       817      2571 PARcau 0.592461 6.617875e-03 0.400921
   113   0       4767        972 11.000  14.000 131.0 90.000     4761      967     4776      979     15     12      4761       967      4775       967      4775       978      4761       978      4736       942      4801      1004 PARcau 0.795951 5.828267e-02 0.145767
   114   1        783       2537 12.000  14.000  96.0 90.000      777     2532      792     2545     15     13       777      2532       791      2532       791      2544       777      2544       752      2507       817      2570 PARcau 0.460210 4.973619e-03 0.534816
   114   0       4762        972 12.530  13.416 127.0 26.565     4755      966     4770      979     15     13      4759       963      4771       969      4765       980      4753       974      4730       941      4795      1004 PARcau 0.545515 1.961262e-01 0.258359
   115   0       4758        970 12.000  13.000 126.0 90.000     4752      964     4765      978     13     14      4752       964      4764       964      4764       977      4752       977      4727       939      4790      1003 PARcau 0.883701 6.350036e-02 0.052798
   116   1        782       2536 10.770  15.232  61.0 68.199      778     2528      791     2544     13     16       774      2531       784      2527       790      2541       780      2545       753      2503       816      2569 PARcau 0.984132 3.436699e-05 0.015834
   116   0       4755        966 11.314  14.142 121.5 45.000     4749      960     4762      974     13     14      4754       957      4764       967      4756       975      4746       965      4724       935      4787       999 PARcau 0.802487 6.855533e-02 0.128957
   117   0       4752        960 12.000  14.000 129.5 90.000     4746      953     4759      968     13     15      4746       953      4758       953      4758       967      4746       967      4721       928      4784       993 PARcau 0.960110 1.302070e-02 0.026869
   118   0       4750        953 11.000  15.000 137.5 90.000     4745      946     4757      962     12     16      4745       946      4756       946      4756       961      4745       961      4720       921      4782       987 PARcau 0.766948 4.145274e-03 0.228907
   119   0       4748        947 11.000  14.000 129.5 90.000     4743      940     4755      955     12     15      4743       940      4754       940      4754       954      4743       954      4718       915      4780       980 PARcau 0.551418 2.986785e-01 0.149904
   120   0       4746        942 11.314  14.142 123.5 45.000     4740      935     4753      950     13     15      4745       933      4755       943      4747       951      4737       941      4715       910      4778       975 PARcau 0.126338 6.552041e-01 0.218457
   121   0       4742        938 12.000  12.000 113.5 90.000     4737      932     4750      945     13     13      4737       932      4749       932      4749       944      4737       944      4712       907      4775       970 PARcau 0.852986 1.126028e-01 0.034411
   122   0       4740        937 12.000  12.000 111.0 90.000     4734      931     4747      944     13     13      4734       931      4746       931      4746       943      4734       943      4709       906      4772       969 PARcau 0.119192 8.442280e-01 0.036580
   122   1        780       2531  9.962  14.705  80.5 18.435      775     2526      787     2541     12     15       777      2523       787      2526       782      2540       773      2537       750      2501       812      2566 PARcau 0.527376 1.309458e-02 0.459529
   123   1        778       2532  9.708  13.463  87.0 15.945      774     2527      786     2541     12     14       776      2525       785      2527       782      2540       772      2538       749      2502       811      2566 PARcau 0.093333 1.167986e-03 0.905499
   123   0       4738        937 11.000  11.000 100.5 90.000     4733      932     4745      944     12     12      4733       932      4744       932      4744       943      4733       943      4708       907      4770       969 PARcau 0.722292 2.056232e-01 0.072085
   124   1        779       2533 14.142  15.556 118.0 45.000      773     2527      789     2542     16     15       779      2524       790      2535       780      2545       769      2534       748      2502       814      2567 PARcau 0.479498 2.339647e-02 0.497105
   124   0       4737        940 11.314  12.042 109.5 45.000     4732      934     4744      948     12     14      4729       940      4738       932      4746       940      4737       948      4707       909      4769       973 PARcau 0.618472 1.256975e-01 0.255830
   125   0       4736        941 11.000  12.000 103.5 90.000     4731      935     4743      948     12     13      4731       935      4742       935      4742       947      4731       947      4706       910      4768       973 PARcau 0.184924 4.611182e-01 0.353958
   126   1        777       2534 13.416  14.318 136.5 63.435      772     2528      787     2543     15     15       768      2531       781      2525       787      2537       774      2543       747      2503       812      2568 PARcau 0.369807 2.068492e-01 0.423344
   126   0       4733        941 12.369  14.318 127.5 11.310     4726      935     4741      948     15     13      4727       933      4741       936      4738       948      4724       945      4701       910      4766       973 PARcau 0.419513 2.211383e-01 0.359349
   127   1        776       2535 14.000  15.000 142.0 90.000      771     2528      786     2544     15     16       771      2528       785      2528       785      2543       771      2543       746      2503       811      2569 PARcau 0.117688 5.448518e-01 0.337460
   127   0       4727        942 11.000  13.000 118.5 90.000     4721      937     4735      949     14     12      4721       937      4734       937      4734       948      4721       948      4696       912      4760       974 PARcau 0.938858 1.330948e-02 0.047833
   128   1        776       2535 14.000  14.000 150.5 90.000      770     2529      785     2544     15     15       770      2529       784      2529       784      2543       770      2543       745      2504       810      2569 PARcau 0.834710 1.271358e-03 0.164019
   128   0       4721        944 12.000  13.000 120.5 90.000     4715      938     4729      951     14     13      4715       938      4728       938      4728       950      4715       950      4690       913      4754       976 PARcau 0.302141 4.262134e-01 0.271646
   129   1        775       2535 14.000  14.000 151.0 90.000      769     2529      784     2544     15     15       769      2529       783      2529       783      2543       769      2543       744      2504       809      2569 PARcau 0.334104 2.744124e-02 0.638455
   129   0       4717        945 11.000  12.000 106.5 90.000     4711      940     4724      952     13     12      4711       940      4723       940      4723       951      4711       951      4686       915      4749       977 PARcau 0.553805 3.271930e-01 0.119002
   130   1        774       2536 14.142  14.142 146.5 45.000      768     2529      784     2544     16     15       774      2526       784      2536       774      2546       764      2536       743      2504       809      2569 PARcau 0.733523 1.559508e-02 0.250882
   130   0       4714        945 11.000  11.000 102.0 90.000     4709      940     4721      952     12     12      4709       940      4720       940      4720       951      4709       951      4684       915      4746       977 PARcau 0.107113 8.688861e-01 0.024000
   131   1        774       2536 14.142  14.142 137.5 45.000      768     2530      783     2545     15     15       774      2526       784      2536       774      2546       764      2536       743      2505       808      2570 PARcau 0.869373 3.715090e-03 0.126912
   131   0       4712        943 10.607  12.021 104.0 45.000     4707      937     4719      951     12     14      4712       936      4720       944      4713       952      4704       943      4682       912      4744       976 PARcau 0.893742 8.999962e-02 0.016258
   132   1        773       2537 13.601  14.422 139.0 56.310      767     2530      782     2546     15     16       763      2535       775      2527       783      2538       771      2546       742      2505       807      2571 PARcau 0.279368 2.341459e-02 0.697218
   132   0       4710        939 11.000  14.000 121.5 90.000     4705      932     4717      947     12     15      4705       932      4716       932      4716       946      4705       946      4680       907      4742       972 PARcau 0.003822 9.580950e-01 0.038083
   133   1        772       2537 14.000  14.000 143.0 90.000      766     2531      781     2546     15     15       766      2531       780      2531       780      2545       766      2545       741      2506       806      2571 PARcau 0.048359 8.936785e-01 0.057963
   133   0       4708        932 11.000  15.000 125.0 90.000     4703      925     4715      941     12     16      4703       925      4714       925      4714       940      4703       940      4678       900      4740       966 PARcau 0.726774 1.391729e-01 0.134053
   134   1        772       2538 12.728  15.556 150.0 45.000      765     2531      781     2547     16     16       762      2539       773      2528       782      2537       771      2548       740      2506       806      2572 PARcau 0.129821 3.768504e-01 0.493329
   134   0       4707        925 11.000  15.000 132.5 90.000     4702      918     4714      934     12     16      4702       918      4713       918      4713       933      4702       933      4677       893      4739       959 PARcau 0.491540 3.476954e-01 0.160765
   135   1        771       2538 12.728  14.142 138.0 45.000      764     2532      780     2548     16     16       762      2539       772      2529       781      2538       771      2548       739      2507       805      2573 PARcau 0.217724 4.384941e-01 0.343782
   135   0       4705        920 12.000  14.000 125.5 90.000     4699      913     4712      928     13     15      4699       913      4711       913      4711       927      4699       927      4674       888      4737       953 PARcau 0.817632 9.143035e-03 0.173225
   136   1        771       2539 12.728  14.142 133.0 45.000      764     2532      780     2548     16     16       762      2539       772      2529       781      2538       771      2548       739      2507       805      2573 PARcau 0.413306 3.038441e-03 0.583655
   136   0       4702        915 12.000  13.000 117.0 90.000     4696      909     4709      923     13     14      4696       909      4708       909      4708       922      4696       922      4671       884      4734       948 PARcau 0.876297 3.261587e-02 0.091087
   137   1        770       2540 14.000  14.000 141.0 90.000      764     2533      779     2548     15     15       764      2533       778      2533       778      2547       764      2547       739      2508       804      2573 PARcau 0.806467 1.941458e-02 0.174119
   137   0       4697        913 11.000  12.000 109.5 90.000     4692      908     4705      920     13     12      4692       908      4704       908      4704       919      4692       919      4667       883      4730       945 PARcau 0.113598 7.531710e-01 0.133231
   138   1        770       2540 14.000  14.000 123.5  0.000      764     2533      779     2548     15     15       764      2533       778      2533       778      2547       764      2547       739      2508       804      2573 PARcau 0.205758 2.758210e-01 0.518422
   138   0       4693        914 11.314  12.728 110.0 45.000     4687      908     4700      921     13     13      4685       914      4694       905      4702       913      4693       922      4662       883      4725       946 PARcau 0.372702 6.017941e-01 0.025503
   139   1        770       2540 12.728  14.866 117.5 45.000      764     2533      779     2548     15     15       760      2540       771      2530       780      2539       769      2549       739      2508       804      2573 PARcau 0.558662 1.933590e-02 0.422002
   139   0       4690        915 11.000  12.000 102.5 90.000     4685      910     4697      923     12     13      4685       910      4696       910      4696       922      4685       922      4660       885      4722       948 PARcau 0.278846 5.655530e-01 0.155601
   140   1        770       2539 13.000  14.000  86.5 90.000      764     2533      779     2547     15     14       764      2533       778      2533       778      2546       764      2546       739      2508       804      2572 PARcau 0.257573 7.209465e-03 0.735217
   140   0       4689        916 11.180  12.083  99.5 26.565     4684      910     4696      923     12     13      4687       908      4697       913      4692       924      4682       919      4659       885      4721       948 PARcau 0.112379 8.365437e-01 0.051078
   141   0       4692        914 11.000  12.000  99.5  0.000     4686      909     4699      921     13     12      4686       909      4698       909      4698       920      4686       920      4661       884      4724       946 PARcau 0.525067 3.749462e-01 0.099987
   142   0       4691        915 11.000  12.000 100.0 90.000     4686      910     4699      922     13     12      4686       910      4698       910      4698       921      4686       921      4661       885      4724       947 PARcau 0.077064 8.609316e-01 0.062005
   143   0       4687        915 11.314  12.728 111.5 45.000     4681      910     4696      922     15     12      4679       916      4688       907      4696       915      4687       924      4656       885      4721       947 PARcau 0.397385 1.589274e-01 0.443688
   144   0       4683        917 11.000  12.000 105.5 90.000     4677      912     4690      924     13     12      4677       912      4689       912      4689       923      4677       923      4652       887      4715       949 PARcau 0.307757 5.111427e-01 0.181101
   145   0       4680        919 11.314  11.314 104.0 45.000     4674      913     4687      926     13     13      4680       910      4688       918      4680       926      4672       918      4649       888      4712       951 PARcau 0.140821 6.968077e-01 0.162371
   145   1        778       2534  4.717   9.862  19.5 30.964      773     2531      783     2539     10      8       775      2529       783      2534       781      2538       772      2533       748      2506       808      2564 PARcau 0.182509 2.681707e-01 0.549320
   145   2        305        728 12.021  19.092 169.5 45.000      296      721      315      736     19     15       302       717       316       730       307       739       294       725       271       696       340       761 PARcau 0.010330 1.139374e-01 0.875733
   146   0       4679        919 10.000  11.000  92.0 90.000     4674      914     4685      926     11     12      4674       914      4684       914      4684       925      4674       925      4649       889      4710       951 PARcau 0.176779 7.094160e-01 0.113805
   146   2        311        729 14.000  16.000 167.5 90.000      303      722      320      737     17     15       303       722       319       722       319       736       303       736       278       697       345       762 PARcau 0.153725 3.805325e-01 0.465743
   147   0       4679        919 11.180  11.662  97.5 63.435     4674      913     4686      926     12     13      4672       917      4682       911      4687       921      4677       927      4649       888      4711       951 PARcau 0.337996 4.506511e-01 0.211353
   147   2        316        729 12.500  18.200 174.5 14.036      308      722      326      737     18     15       309       720       327       725       323       737       306       732       283       697       351       762 PARcau 0.091386 7.760074e-01 0.132607
   147   1        778       2542  4.000   5.000  16.0 90.000      776     2540      781     2546      5      6       776      2540       780      2540       780      2545       776      2545       751      2515       806      2571 PARcau 0.042239 8.322593e-03 0.949438
   148   1        777       2543  5.657   5.657  20.0 45.000      774     2540      781     2547      7      7       777      2539       781      2543       777      2547       773      2543       749      2515       806      2572 PARcau 0.282432 9.423050e-03 0.708145
   148   0       4681        916  9.899  12.042  99.5 45.000     4676      910     4688      923     12     13      4674       917      4682       908      4689       915      4681       924      4651       885      4713       948 PARcau 0.497003 2.918527e-01 0.211144
   148   2        322        730 12.021  19.092 176.0 45.000      314      723      333      738     19     15       320       719       334       733       325       741       312       728       289       698       358       763 PARcau 0.004729 6.431016e-01 0.352169
   149   1        776       2543  5.000   5.000  16.5  0.000      774     2541      780     2547      6      6       774      2541       779      2541       779      2546       774      2546       749      2516       805      2572 PARcau 0.022611 8.416922e-02 0.893220
   149   0       4684        911 10.000  13.000 109.5 90.000     4679      905     4690      919     11     14      4679       905      4689       905      4689       918      4679       918      4654       880      4715       944 PARcau 0.160008 7.884616e-01 0.051530
   149   2        328        734 11.314  19.799 172.0 45.000      320      727      338      743     18     16       325       723       339       737       331       745       317       731       295       702       363       768 PARcau 0.001037 2.248269e-03 0.996715