 Frame  ID  CentroidX  CentroidY  Width  Length  Area  Angle  Box_TLX  Box_TLY  Box_BRX  Box_BRY  Box_W  Box_H  rBox_TLX  rBox_TLY  rBox_TRX  rBox_TRY  rBox_BRX  rBox_BRY  rBox_BLX  rBox_BLY  lBox_TLX  lBox_TLY  lBox_BRX  lBox_BRY  Label       DIDnas       NONpro   PARcau
    21   0       1741        337 10.794  27.286 225.5 14.036     1729      331     1756      344     27     13      1730       328      1756       335      1754       345      1727       339      1704       306      1781       369 PARcau 2.140586e-04 1.845186e-05 0.999767
    22   0       1751        341 11.068  26.879 215.5 18.435     1739      335     1765      349     26     14      1740       331      1766       340      1762       350      1737       342      1714       310      1790       374 PARcau 4.325406e-02 4.501457e-03 0.952244
    23   0       1760        344 11.068  26.879 236.0 18.435     1748      338     1774      353     26     15      1749       335      1775       343      1771       354      1746       345      1723       313      1799       378 PARcau 1.356362e-04 1.817618e-05 0.999846
    24   0       1768        348 11.180  26.833 231.5 26.565     1756      341     1782      357     26     16      1759       337      1783       349      1778       359      1754       347      1731       316      1807       382 PARcau 2.100076e-04 6.687231e-05 0.999723
    25   0       1777        352 11.236  25.812 221.5 21.801     1765      345     1790      361     25     16      1767       342      1791       351      1787       362      1763       352      1740       320      1815       386 PARcau 4.168883e-08 3.030680e-08 1.000000
    26   0       1785        356 10.770  26.000 224.0 23.199     1773      349     1799      364     26     15      1775       346      1799       356      1795       366      1771       356      1748       324      1824       389 PARcau 4.929554e-03 1.512273e-04 0.994919
    27   0       1794        359 10.920  26.405 219.0 18.435     1782      353     1808      367     26     14      1783       350      1808       358      1805       369      1780       360      1757       328      1833       392 PARcau 1.764387e-04 9.493210e-06 0.999814
    28   0       1803        362 10.595  25.773 219.5 18.435     1791      356     1817      370     26     14      1792       353      1817       361      1813       371      1789       363      1766       331      1842       395 PARcau 6.564523e-03 2.804214e-03 0.990631
    29   0       1811        364 11.402  25.962 229.0 15.945     1799      358     1825      372     26     14      1800       355      1825       362      1822       373      1797       366      1774       333      1850       397 PARcau 2.761651e-04 7.276453e-06 0.999717
    30   0       1819        366 11.236  26.405 227.0 18.435     1807      360     1834      374     27     14      1809       357      1834       366      1830       376      1805       368      1782       335      1859       399 PARcau 1.200884e-04 1.558609e-03 0.998321
    31   0       1825        369 11.705  25.632 232.0 20.556     1813      362     1838      378     25     16      1815       359      1839       368      1835       379      1811       370      1788       337      1863       403 PARcau 3.035303e-04 1.551490e-04 0.999541
    32   0       1826        371 11.800  24.703 231.5 36.870     1815      363     1838      382     23     19      1819       359      1839       374      1832       383      1812       369      1790       338      1863       407 PARcau 7.158726e-02 5.556734e-04 0.927857
    33   0       1824        375 12.207  24.413 218.5 54.462     1816      365     1835      386     19     21      1822       361      1836       381      1826       388      1812       368      1791       340      1860       411 PARcau 7.025949e-05 5.444414e-05 0.999875
    34   0       1822        376 11.769  22.946 207.0 78.690     1816      365     1830      388     14     23      1814       366      1825       363      1830       386      1818       388      1791       340      1855       413 PARcau 2.568590e-02 2.127673e-02 0.953037
    35   0       1818        374 12.021  20.555 190.5 18.435     1812      364     1827      385     15     21      1816       362      1828       365      1821       385      1810       381      1787       339      1852       410 PARcau 1.212436e-01 2.845140e-03 0.875911
    36   0       1816        371 12.093  18.608 155.0 59.036     1808      364     1826      379     18     15      1805       370      1821       360      1827       371      1811       380      1783       339      1851       404 PARcau 8.573481e-03 3.637527e-04 0.991063
    37   0       1814        367 11.402  18.682 152.0 14.036     1806      361     1825      374     19     13      1807       359      1825       364      1822       375      1804       370      1781       336      1850       399 PARcau 1.019710e-01 2.217260e-03 0.895812
    38   0       1811        362 11.314  21.932 158.0 45.000     1803      354     1823      373     20     19      1808       351      1824       366      1816       374      1800       359      1778       329      1848       398 PARcau 9.222555e-04 3.079050e-05 0.999047
    39   0       1808        357 11.180  25.495 181.0 63.435     1801      347     1817      369     16     22      1808       343      1819       366      1809       371      1798       348      1776       322      1842       394 PARcau 2.532227e-09 3.360306e-08 1.000000
    40   0       1805        350 11.630  25.715 205.5 63.435     1798      339     1814      364     16     25      1804       336      1816       359      1805       364      1794       341      1773       314      1839       389 PARcau 1.200279e-03 4.885407e-04 0.998311
    41   0       1803        343 11.281  25.986 209.0 78.690     1797      331     1811      357     14     26      1795       331      1806       329      1811       354      1800       357      1772       306      1836       382 PARcau 2.093401e-03 6.671759e-04 0.997239
    42   0       1801        335 11.000  26.000 219.5 90.000     1796      322     1808      349     12     27      1796       322      1807       322      1807       348      1796       348      1771       297      1833       374 PARcau 3.008484e-08 2.748981e-08 1.000000
    43   0       1799        326 11.000  26.000 217.0  0.000     1795      313     1807      340     12     27      1795       313      1806       313      1806       339      1795       339      1770       288      1832       365 PARcau 1.425495e-05 3.713474e-06 0.999982
    44   0       1799        317 11.000  26.000 217.0  0.000     1794      304     1806      331     12     27      1794       304      1805       304      1805       330      1794       330      1769       279      1831       356 PARcau 9.998495e-05 2.410935e-04 0.999659
    45   0       1798        308 10.000  27.000 224.5 90.000     1794      295     1805      323     11     28      1794       295      1804       295      1804       322      1794       322      1769       270      1830       348 PARcau 4.218775e-02 4.499956e-03 0.953312
    46   0       1798        300 10.000  27.000 227.0 90.000     1794      287     1805      315     11     28      1794       287      1804       287      1804       314      1794       314      1769       262      1830       340 PARcau 1.068561e-01 2.612841e-03 0.890531
    47   0       1798        292 10.000  26.000 211.5 90.000     1794      279     1805      306     11     27      1794       279      1804       279      1804       305      1794       305      1769       254      1830       331 PARcau 2.877846e-03 3.149221e-03 0.993973
    48   0       1799        284 10.000  26.000 207.5 90.000     1794      271     1805      298     11     27      1794       271      1804       271      1804       297      1794       297      1769       246      1830       323 PARcau 7.532955e-02 3.068262e-02 0.893988
    49   0       1799        276 10.000  26.000 209.5 90.000     1795      263     1806      290     11     27      1795       263      1805       263      1805       289      1795       289      1770       238      1831       315 PARcau 4.998115e-04 2.477168e-03 0.997023
    50   0       1800        267 10.000  26.000 205.5 90.000     1796      254     1807      281     11     27      1796       254      1806       254      1806       280      1796       280      1771       229      1832       306 PARcau 5.489275e-04 1.070961e-04 0.999344
    51   0       1801        258 10.000  25.000 206.0 90.000     1796      246     1807      272     11     26      1796       246      1806       246      1806       271      1796       271      1771       221      1832       297 PARcau 6.123057e-03 1.537694e-03 0.992339
    52   0       1802        250 10.548  27.226 210.0  8.130     1797      237     1809      265     12     28      1798       236      1809       237      1805       264      1795       263      1772       212      1834       290 PARcau 4.761544e-04 5.544669e-05 0.999468
    53   0       1803        242 10.000  26.000 213.0 90.000     1798      229     1809      256     11     27      1798       229      1808       229      1808       255      1798       255      1773       204      1834       281 PARcau 1.045607e-03 5.515125e-05 0.998899
    54   0       1804        233 11.000  26.000 220.5 90.000     1799      220     1811      247     12     27      1799       220      1810       220      1810       246      1799       246      1774       195      1836       272 PARcau 8.964982e-05 2.280824e-04 0.999682
    55   0       1805        225 11.673  26.387 228.5  9.462     1800      212     1813      239     13     27      1802       210      1813       212      1809       238      1797       236      1775       187      1838       264 PARcau 2.464234e-05 7.215717e-06 0.999968
    56   0       1807        216 11.281  27.171 231.5 12.529     1801      203     1814      231     13     28      1805       201      1816       204      1810       230      1799       228      1776       178      1839       256 PARcau 3.071190e-03 2.473176e-05 0.996904
    57   0       1808        208 11.045  26.306 228.0  8.130     1803      195     1816      222     13     27      1805       194      1816       195      1812       221      1801       220      1778       170      1841       247 PARcau 6.849025e-04 1.021826e-05 0.999305
    58   0       1809        201 11.000  25.000 218.0 90.000     1804      188     1816      214     12     26      1804       188      1815       188      1815       213      1804       213      1779       163      1841       239 PARcau 2.289107e-04 1.258500e-06 0.999770
    59   0       1810        192 11.000  26.000 208.5 90.000     1804      179     1816      206     12     27      1804       179      1815       179      1815       205      1804       205      1779       154      1841       231 PARcau 3.680245e-06 2.911909e-09 0.999996
    60   0       1810        183 10.548  26.235 203.0  7.125     1805      171     1817      198     12     27      1807       170      1817       171      1814       197      1803       196      1780       146      1842       223 PARcau 5.626918e-06 8.426129e-09 0.999994
    61   0       1810        175 12.000  24.000 219.0 90.000     1804      163     1817      188     13     25      1804       163      1816       163      1816       187      1804       187      1779       138      1842       213 PARcau 5.495573e-04 1.684379e-06 0.999449
    62   0       1809        168 11.000  25.000 226.0 90.000     1804      156     1816      182     12     26      1804       156      1815       156      1815       181      1804       181      1779       131      1841       207 PARcau 2.637794e-04 3.375156e-07 0.999736
    63   0       1810        162 12.166  24.331 214.0  9.462     1804      149     1817      175     13     26      1806       148      1818       150      1814       174      1802       172      1779       124      1842       200 PARcau 1.018948e-02 7.341306e-06 0.989803
    64   0       1810        154 11.000  24.000 197.0 90.000     1805      142     1817      167     12     25      1805       142      1816       142      1816       166      1805       166      1780       117      1842       192 PARcau 9.742157e-04 7.492997e-07 0.999025
    65   0       1811        147 10.000  24.000 188.5 90.000     1806      135     1817      160     11     25      1806       135      1816       135      1816       159      1806       159      1781       110      1842       185 PARcau 5.416665e-03 4.975052e-04 0.994086
    66   0       1812        142  9.000  18.000 135.5 90.000     1808      134     1818      153     10     19      1808       134      1817       134      1817       152      1808       152      1783       109      1843       178 PARcau 7.561381e-03 2.255695e-04 0.992213
    67   0       1813        139 10.000  12.000  92.0 90.000     1809      134     1820      147     11     13      1809       134      1819       134      1819       146      1809       146      1784       109      1845       172 PARcau 1.261610e-02 2.787017e-04 0.987105
   108   1       2222        148  6.000   7.000  35.0 90.000     2219      145     2227      152      8      7      2219       145      2226       145      2226       151      2219       151      2194       120      2252       177 PARcau 2.707580e-01 1.762148e-02 0.711621
   109   1       2217        153  6.708   8.062  38.5 63.435     2213      150     2222      158      9      8      2212       152      2219       148      2222       154      2215       158      2188       125      2247       183 PARcau 2.318321e-03 2.012681e-06 0.997680
   110   1       2214        158  5.000   6.000  25.5 90.000     2212      155     2218      162      6      7      2212       155      2217       155      2217       161      2212       161      2187       130      2243       187 PARcau 2.088424e-01 1.646784e-02 0.774690
   111   1       2217        160  6.000   8.000  38.5 90.000     2214      157     2223      164      9      7      2214       157      2222       157      2222       163      2214       163      2189       132      2248       189 PARcau 7.389096e-03 2.927438e-03 0.989684
   112   1       2226        161  5.000   8.000  34.0 90.000     2222      159     2231      165      9      6      2222       159      2230       159      2230       164      2222       164      2197       134      2256       190 PARcau 2.096685e-03 6.133975e-04 0.997290
   113   1       2233        165  7.000   8.000  46.5 90.000     2230      161     2238      170      8      9      2230       161      2237       161      2237       169      2230       169      2205       136      2263       195 PARcau 6.332178e-02 1.145268e-02 0.925225
   114   1       2235        171  7.000   9.000  54.0 90.000     2232      167     2240      177      8     10      2232       167      2239       167      2239       176      2232       176      2207       142      2265       202 PARcau 2.936002e-01 4.045452e-03 0.702354
   115   1       2234        178  8.000   9.000  56.5 90.000     2230      174     2239      184      9     10      2230       174      2238       174      2238       183      2230       183      2205       149      2264       209 PARcau 9.160033e-01 2.739119e-03 0.081258
   116   1       2233        184  7.071   7.071  40.0 45.000     2229      181     2238      189      9      8      2233       179      2238       184      2233       189      2228       184      2204       156      2263       214 PARcau 4.077522e-01 1.135509e-02 0.580893
   117   1       2236        184  7.000   8.000  46.0 90.000     2232      181     2241      189      9      8      2232       181      2240       181      2240       188      2232       188      2207       156      2266       214 PARcau 5.937724e-01 1.862508e-01 0.219977
   118   1       2243        181  7.000   9.000  54.5 90.000     2239      178     2249      186     10      8      2239       178      2248       178      2248       185      2239       185      2214       153      2274       211 PARcau 2.955561e-02 6.986308e-04 0.969746
   119   1       2251        180  7.000   9.000  52.0 90.000     2247      177     2257      185     10      8      2247       177      2256       177      2256       184      2247       184      2222       152      2282       210 PARcau 1.906522e-02 1.393489e-03 0.979541
   120   1       2256        184  8.000   8.000  49.5 90.000     2253      180     2262      189      9      9      2253       180      2261       180      2261       188      2253       188      2228       155      2287       214 PARcau 2.153140e-01 8.512183e-02 0.699564
   121   1       2258        191  7.000   9.000  51.0 90.000     2255      187     2263      197      8     10      2255       187      2262       187      2262       196      2255       196      2230       162      2288       222 PARcau 2.605654e-01 4.066594e-02 0.698769
   122   1       2256        199  6.364   7.778  41.0 45.000     2253      195     2261      204      8      9      2251       199      2257       194      2261       198      2256       204      2228       170      2286       229 PARcau 1.038417e-01 1.720792e-01 0.724079
   123   1       2254        201  7.000   8.000  45.0 90.000     2251      198     2260      206      9      8      2251       198      2259       198      2259       205      2251       205      2226       173      2285       231 PARcau 8.120909e-02 8.185078e-01 0.100283
   124   1       2256        200  6.000   7.000  34.0 90.000     2253      197     2261      204      8      7      2253       197      2260       197      2260       203      2253       203      2228       172      2286       229 PARcau 2.443705e-01 1.183465e-01 0.637283
   125   1       2263        198  6.000   8.000  34.5 90.000     2259      195     2268      202      9      7      2259       195      2267       195      2267       201      2259       201      2234       170      2293       227 PARcau 1.118458e-01 6.828489e-04 0.887471
   126   1       2268        199  7.071   7.810  42.5 45.000     2265      196     2274      204      9      8      2269       193      2274       199      2269       204      2264       198      2240       171      2299       229 PARcau 5.638617e-01 6.148468e-02 0.374654
   127   1       2271        203  7.000   8.000  49.5 90.000     2268      199     2276      208      8      9      2268       199      2275       199      2275       207      2268       207      2243       174      2301       233 PARcau 8.958817e-01 3.699218e-03 0.100419
   128   1       2270        209  7.000   9.000  48.5 90.000     2267      205     2275      215      8     10      2267       205      2274       205      2274       214      2267       214      2242       180      2300       240 PARcau 3.068993e-01 3.942719e-03 0.689158
   129   1       2265        214  7.000   8.000  51.0 90.000     2261      211     2270      219      9      8      2261       211      2269       211      2269       218      2261       218      2236       186      2295       244 PARcau 1.175472e-01 4.405287e-02 0.838400
   130   1       2259        217  7.000   8.000  46.0 90.000     2256      214     2265      222      9      8      2256       214      2264       214      2264       221      2256       221      2231       189      2290       247 PARcau 4.314870e-01 2.967014e-01 0.271812
   131   1       2258        220  7.000   7.000  43.0 90.000     2255      217     2263      225      8      8      2255       217      2262       217      2262       224      2255       224      2230       192      2288       250 PARcau 6.125849e-01 2.690536e-01 0.118361
   132   1       2259        221  6.708   6.708  32.0 63.435     2256      218     2264      226      8      8      2255       220      2261       217      2264       223      2258       226      2231       193      2289       251 PARcau 4.759613e-01 2.642180e-01 0.259821
   133   1       2263        221  6.000   7.000  35.0 90.000     2260      218     2268      225      8      7      2260       218      2267       218      2267       224      2260       224      2235       193      2293       250 PARcau 3.106878e-01 4.883072e-01 0.201005
   134   1       2271        221  7.000   9.000  49.0 90.000     2267      218     2277      226     10      8      2267       218      2276       218      2276       225      2267       225      2242       193      2302       251 PARcau 1.329518e-01 7.634447e-03 0.859414
   135   1       2279        218  7.000   8.000  47.5 90.000     2275      215     2284      223      9      8      2275       215      2283       215      2283       222      2275       222      2250       190      2309       248 PARcau 1.569664e-01 4.769303e-03 0.838264
   136   1       2281        220  7.000   8.000  48.0 90.000     2278      216     2286      225      8      9      2278       216      2285       216      2285       224      2278       224      2253       191      2311       250 PARcau 8.424938e-01 1.552325e-02 0.141983
   137   1       2281        226  7.000   9.000  54.0 90.000     2278      222     2286      232      8     10      2278       222      2285       222      2285       231      2278       231      2253       197      2311       257 PARcau 8.118340e-01 3.179660e-02 0.156369
   138   1       2283        232  8.485   8.485  53.0 45.000     2279      228     2289      238     10     10      2283       226      2289       232      2283       238      2277       232      2254       203      2314       263 PARcau 3.685562e-01 6.121499e-01 0.019294
   139   1       2288        234  7.000   9.000  54.0 90.000     2284      231     2294      239     10      8      2284       231      2293       231      2293       238      2284       238      2259       206      2319       264 PARcau 8.104876e-01 1.697740e-01 0.019738
   140   1       2295        232  8.000   9.000  56.5 90.000     2291      228     2301      237     10      9      2291       228      2300       228      2300       236      2291       236      2266       203      2326       262 PARcau 4.151644e-01 2.969224e-03 0.581866
   141   1       2302        228  8.000   8.000  55.5 90.000     2298      225     2307      234      9      9      2298       225      2306       225      2306       233      2298       233      2273       200      2332       259 PARcau 3.319512e-01 6.035502e-01 0.064499
   142   1       2306        229  7.000   8.000  45.5 90.000     2303      226     2312      234      9      8      2303       226      2311       226      2311       233      2303       233      2278       201      2337       259 PARcau 5.028176e-01 3.734144e-01 0.123768
   143   1       2309        235  8.000   8.000  50.0 90.000     2306      231     2315      240      9      9      2306       231      2314       231      2314       239      2306       239      2281       206      2340       265 PARcau 8.516639e-01 8.616664e-02 0.062169
   144   1       2312        241  8.000   9.000  57.5 90.000     2308      238     2318      247     10      9      2308       238      2317       238      2317       246      2308       246      2283       213      2343       272 PARcau 9.694424e-01 1.444191e-02 0.016116
   145   1       2316        245  7.000   8.000  48.5 90.000     2312      242     2321      250      9      8      2312       242      2320       242      2320       249      2312       249      2287       217      2346       275 PARcau 1.618485e-01 7.559091e-01 0.082242
   146   1       2321        244  7.000   8.000  45.0 90.000     2317      241     2326      249      9      8      2317       241      2325       241      2325       248      2317       248      2292       216      2351       274 PARcau 6.452059e-01 1.974513e-01 0.157343
   147   1       2327        239  8.000   8.000  49.0 90.000     2323      235     2332      244      9      9      2323       235      2331       235      2331       243      2323       243      2298       210      2357       269 PARcau 4.837120e-01 1.106081e-02 0.505227
   148   1       2332        235  8.000   9.000  57.5 90.000     2328      231     2338      240     10      9      2328       231      2337       231      2337       239      2328       239      2303       206      2363       265 PARcau 5.235382e-01 2.781368e-02 0.448648
   149   1       2337        235  8.000   9.000  57.5 90.000     2333      232     2343      241     10      9      2333       232      2342       232      2342       240      2333       240      2308       207      2368       266 PARcau 5.268356e-01 3.227742e-02 0.440887