 Frame  ID  CentroidX  CentroidY  Width  Length  Area  Angle  Box_TLX  Box_TLY  Box_BRX  Box_BRY  Box_W  Box_H  rBox_TLX  rBox_TLY  rBox_TRX  rBox_TRY  rBox_BRX  rBox_BRY  rBox_BLX  rBox_BLY  lBox_TLX  lBox_TLY  lBox_BRX  lBox_BRY  Label       DIDnas       NONpro   PARcau
    21   0       1258       2567  7.810   9.899  51.0 45.000     1255     2562     1264     2573      9     11      1258      2561      1265      2568      1259      2573      1252      2566      1230      2537      1289      2598 PARcau 2.457189e-01 6.791827e-02 0.686363
    21   1       2210       1378  6.576  15.207  72.0  9.462     2202     1375     2218     1383     16      8      2202      1373      2217      1375      2216      1382      2201      1379      2177      1350      2243      1408 PARcau 2.206415e-01 3.616400e-01 0.417718
    22   1       2207       1378  6.000  13.000  63.5 90.000     2201     1375     2215     1382     14      7      2201      1375      2214      1375      2214      1381      2201      1381      2176      1350      2240      1407 PARcau 3.995191e-02 3.957937e-01 0.564254
    22   0       1260       2560  7.000  10.000  49.5  0.000     1257     2555     1265     2566      8     11      1257      2555      1264      2555      1264      2565      1257      2565      1232      2530      1290      2591 PARcau 3.398374e-01 1.732504e-01 0.486912
    22   2        820        260 15.403  22.500 240.0 53.973      811      248      829      270     18     22       808       260       826       247       835       259       817       273       786       223       854       295 PARcau 2.985991e-01 5.788233e-01 0.122578
    23   1       2205       1378  6.083  13.153  68.0 80.538     2199     1375     2213     1383     14      8      2198      1376      2211      1374      2212      1380      2199      1382      2174      1350      2238      1408 PARcau 5.856062e-02 4.331408e-01 0.508299
    23   2        814        263 16.000  20.000 235.0 90.000      806      252      823      273     17     21       806       252       822       252       822       272       806       272       781       227       848       298 PARcau 5.406106e-02 3.270879e-01 0.618851
    23   0       1265       2555  8.000  10.000  59.5 90.000     1261     2552     1272     2561     11      9      1261      2552      1271      2552      1271      2560      1261      2560      1236      2527      1297      2586 PARcau 1.954972e-01 2.892770e-02 0.775575
    24   1       2203       1378  7.071  13.153  64.5 80.538     2197     1375     2211     1383     14      8      2196      1376      2209      1374      2210      1381      2197      1383      2172      1350      2236      1408 PARcau 1.162651e-01 4.886510e-01 0.395084
    24   2        809        265 17.117  21.095 252.5  6.340      800      254      819      276     19     22       801       252       818       254       816       275       799       273       775       229       844       301 PARcau 1.483793e-01 3.099940e-01 0.541627
    24   0       1272       2554  8.000  11.000  66.0 90.000     1267     2551     1279     2560     12      9      1267      2551      1278      2551      1278      2559      1267      2559      1242      2526      1304      2585 PARcau 2.375298e-01 2.101219e-01 0.552348
    25   1       2202       1380  6.083  12.369  63.0 75.964     2196     1376     2209     1385     13      9      2195      1378      2207      1375      2208      1381      2196      1384      2171      1351      2234      1410 PARcau 1.951646e-01 4.649278e-01 0.339908
    25   2        804        266 17.464  22.561 253.0 12.995      795      255      815      277     20     22       797       251       814       255       809       277       792       273       770       230       840       302 PARcau 5.577787e-01 6.144396e-02 0.380777
    25   0       1280       2556  8.485  11.314  67.5 45.000     1275     2552     1286     2562     11     10      1279      2549      1287      2557      1281      2563      1273      2555      1250      2527      1311      2587 PARcau 5.508546e-01 2.590293e-02 0.423242
    26   1       2200       1380  8.000  10.000  58.5 90.000     2196     1377     2207     1386     11      9      2196      1377      2206      1377      2206      1385      2196      1385      2171      1352      2232      1411 PARcau 1.030220e-01 2.617043e-02 0.870808
    26   0       1286       2558  8.000   9.000  59.0 90.000     1282     2555     1292     2564     10      9      1282      2555      1291      2555      1291      2563      1282      2563      1257      2530      1317      2589 PARcau 1.035817e-01 4.334754e-01 0.462943
    27   1       2198       1382  6.364  13.435  67.0 45.000     2193     1378     2205     1389     12     11      2192      1384      2201      1375      2206      1379      2196      1389      2168      1353      2230      1414 PARcau 4.121870e-01 5.179859e-03 0.582633
    27   0       1290       2559  8.000   8.000  54.0 90.000     1286     2556     1295     2565      9      9      1286      2556      1294      2556      1294      2564      1286      2564      1261      2531      1320      2590 PARcau 3.407263e-01 4.561738e-01 0.203100
    27   2        792        263 14.765  17.889 192.0 63.435      784      256      801      273     17     17       781       259       794       252       802       268       789       275       759       231       826       298 PARcau 1.728681e-01 5.451759e-02 0.772614
    28   0       1290       2558  8.000   9.000  59.5 90.000     1286     2554     1295     2564      9     10      1286      2554      1294      2554      1294      2563      1286      2563      1261      2529      1320      2589 PARcau 7.130219e-01 1.615663e-01 0.125412
    28   1       2196       1384  7.211  13.601  67.0 56.310     2191     1379     2203     1390     12     11      2189      1385      2200      1377      2204      1383      2193      1391      2166      1354      2228      1415 PARcau 5.122303e-02 1.780462e-01 0.770731
    29   0       1289       2555  8.000   9.000  58.0 90.000     1285     2551     1295     2560     10      9      1285      2551      1294      2551      1294      2559      1285      2559      1260      2526      1320      2585 PARcau 8.899205e-01 7.062405e-02 0.039455
    29   1       2194       1385  7.106  14.916  78.5 51.340     2189     1380     2202     1393     13     13      2187      1387      2198      1378      2203      1383      2191      1393      2164      1355      2227      1418 PARcau 4.685519e-03 1.951384e-01 0.800176
    30   1       2192       1387  6.727  16.008  81.5 38.660     2187     1382     2200     1395     13     13      2185      1391      2195      1379      2200      1383      2190      1396      2162      1357      2225      1420 PARcau 7.103963e-05 1.263746e-04 0.999803
    30   0       1291       2552  8.485  10.630  63.5 45.000     1287     2547     1297     2558     10     11      1284      2553      1292      2546      1298      2552      1290      2559      1262      2522      1322      2583 PARcau 1.730804e-01 5.255554e-02 0.774364
    31   1       2191       1390  7.071  16.279  86.5 45.000     2185     1383     2198     1398     13     15      2183      1393      2194      1381      2199      1386      2188      1398      2160      1358      2223      1423 PARcau 6.848601e-03 6.735886e-02 0.925793
    31   0       1293       2545  7.000  10.000  59.0 90.000     1290     2540     1298     2551      8     11      1290      2540      1297      2540      1297      2550      1290      2550      1265      2515      1323      2576 PARcau 9.986283e-02 1.768519e-01 0.723285
    32   1       2189       1391  6.364  16.263  82.5 45.000     2183     1385     2197     1400     14     15      2181      1395      2193      1384      2197      1388      2186      1400      2158      1360      2222      1425 PARcau 9.509518e-03 4.695966e-03 0.985795
    32   0       1293       2543  8.000   9.000  58.5 90.000     1290     2539     1299     2549      9     10      1290      2539      1298      2539      1298      2548      1290      2548      1265      2514      1324      2574 PARcau 3.919067e-01 3.880293e-01 0.220064
    32   2        773        256 14.000  15.000 164.5 90.000      766      250      782      265     16     15       766       250       781       250       781       264       766       264       741       225       807       290 PARcau 5.025691e-01 6.459839e-02 0.432832
    33   2        774        256 14.000  14.000 173.5 90.000      767      250      782      265     15     15       767       250       781       250       781       264       767       264       742       225       807       290 PARcau 1.427085e-01 3.840351e-01 0.473256
    33   1       2187       1394  6.364  17.678  93.0 45.000     2180     1387     2195     1402     15     15      2178      1398      2191      1386      2195      1390      2183      1403      2155      1362      2220      1427 PARcau 4.003376e-04 2.899494e-05 0.999571
    33   0       1297       2538 10.000  10.000  78.0 90.000     1292     2534     1303     2545     11     11      1292      2534      1302      2534      1302      2544      1292      2544      1267      2509      1328      2570 PARcau 2.440196e-01 6.164471e-03 0.749816
    34   2        774        256 16.140  16.140 186.0 74.055      767      248      783      267     16     19       765       252       780       247       785       263       769       267       742       223       808       292 PARcau 1.954177e-01 5.081317e-01 0.296451
    34   1       2184       1396  6.364  19.092  95.5 45.000     2177     1389     2193     1405     16     16      2175      1401      2189      1388      2193      1392      2180      1406      2152      1364      2218      1430 PARcau 2.167828e-02 3.707909e-04 0.977951
    34   0       1302       2533  8.485  10.630  68.5 45.000     1298     2529     1309     2539     11     10      1296      2535      1303      2527      1309      2533      1302      2541      1273      2504      1334      2564 PARcau 9.332613e-03 3.498350e-01 0.640832
    35   2        774        257 14.000  18.000 180.5  0.000      768      248      783      267     15     19       768       248       782       248       782       266       768       266       743       223       808       292 PARcau 4.416258e-01 2.295270e-02 0.535421
    35   1       2182       1398  7.071  18.385  92.0 45.000     2175     1392     2190     1407     15     15      2173      1403      2186      1390      2191      1395      2178      1408      2150      1367      2215      1432 PARcau 6.946232e-03 9.135709e-04 0.992140
    35   0       1309       2532  9.000  10.000  68.0 90.000     1304     2528     1315     2538     11     10      1304      2528      1314      2528      1314      2537      1304      2537      1279      2503      1340      2563 PARcau 1.419258e-02 1.819781e-01 0.803829
    36   2        774        258 14.396  19.138 192.5 18.435      766      249      783      268     17     19       770       246       784       251       777       269       764       264       741       224       808       293 PARcau 1.353611e-01 2.231541e-02 0.842323
    36   1       2179       1401  7.071  19.799  93.0 45.000     2171     1394     2188     1409     17     15      2170      1406      2184      1392      2189      1397      2175      1411      2146      1369      2213      1434 PARcau 1.497809e-03 6.061270e-04 0.997896
    36   0       1316       2534  8.485  11.314  67.5 45.000     1311     2530     1322     2540     11     10      1315      2527      1323      2535      1317      2541      1309      2533      1286      2505      1347      2565 PARcau 2.124408e-02 1.439728e-01 0.834783
    37   2        771        261 15.000  18.000 209.5 90.000      764      252      780      271     16     19       764       252       779       252       779       270       764       270       739       227       805       296 PARcau 5.029381e-03 1.293354e-01 0.865635
    37   1       2177       1403  7.071  19.799  97.0 45.000     2168     1396     2186     1411     18     15      2167      1408      2181      1394      2186      1399      2172      1413      2143      1371      2211      1436 PARcau 3.524541e-04 1.498368e-02 0.984664
    37   0       1321       2538  9.000  10.000  69.0 90.000     1316     2534     1327     2544     11     10      1316      2534      1326      2534      1326      2543      1316      2543      1291      2509      1352      2569 PARcau 3.877355e-02 8.361480e-02 0.877612
    38   2        768        264 15.000  19.000 211.5 90.000      761      255      777      275     16     20       761       255       776       255       776       274       761       274       736       230       802       300 PARcau 7.106064e-03 7.483386e-01 0.244555
    38   1       2174       1406  6.403  22.023  95.5 51.340     2164     1399     2183     1413     19     14      2163      1411      2180      1397      2184      1402      2167      1416      2139      1374      2208      1438 PARcau 2.278246e-03 4.580741e-04 0.997264
    38   0       1325       2542  8.000   9.000  59.5 90.000     1321     2538     1331     2547     10      9      1321      2538      1330      2538      1330      2546      1321      2546      1296      2513      1356      2572 PARcau 1.528685e-01 2.405983e-01 0.606533
    39   0       1326       2542  8.062   8.944  50.0 63.435     1323     2538     1332     2548      9     10      1321      2540      1328      2536      1332      2544      1325      2548      1298      2513      1357      2573 PARcau 2.644946e-01 4.030199e-01 0.332485
    39   1       2171       1407  7.211  20.809  93.0 55.008     2161     1401     2180     1415     19     14      2160      1411      2177      1399      2181      1405      2164      1417      2136      1376      2205      1440 PARcau 2.275474e-03 1.629019e-04 0.997562
    39   2        766        268 14.000  18.000 195.0 90.000      759      259      774      278     15     19       759       259       773       259       773       277       759       277       734       234       799       303 PARcau 7.552936e-01 1.047805e-01 0.139926
    40   0       1326       2541  8.485   8.485  46.5 45.000     1322     2537     1332     2546     10      9      1326      2535      1332      2541      1326      2547      1320      2541      1297      2512      1357      2571 PARcau 1.924653e-01 5.631014e-01 0.244433
    40   2        765        269 14.577  20.555 179.0  4.764      758      258      774      279     16     21       758       256       773       258       771       278       757       277       733       233       799       304 PARcau 6.563503e-02 8.876007e-01 0.046764
    40   1       2167       1409  7.211  20.809  90.5 55.008     2157     1404     2177     1416     20     12      2156      1413      2173      1401      2177      1407      2160      1419      2132      1379      2202      1441 PARcau 5.016314e-04 4.564630e-04 0.999042
    41   0       1328       2538  8.485   9.220  59.5 45.000     1324     2533     1333     2544      9     11      1321      2538      1328      2532      1334      2538      1327      2544      1299      2508      1358      2569 PARcau 5.261684e-02 7.005014e-01 0.246882
    41   1       2163       1411  6.708  21.095  98.0 59.036     2153     1406     2173     1418     20     12      2152      1414      2170      1403      2173      1409      2155      1420      2128      1381      2198      1443 PARcau 4.850540e-05 1.190280e-05 0.999940
    42   1       2160       1413  6.708  21.471  90.5 63.435     2149     1408     2170     1419     21     11      2148      1415      2167      1405      2170      1411      2151      1421      2124      1383      2195      1444 PARcau 3.551623e-04 1.564360e-04 0.999488
    42   0       1328       2531  8.000  10.000  63.5 90.000     1324     2526     1333     2537      9     11      1324      2526      1332      2526      1332      2536      1324      2536      1299      2501      1358      2562 PARcau 4.263567e-02 2.994168e-02 0.927423
    43   0       1327       2528  9.000   9.000  61.5 90.000     1323     2524     1333     2534     10     10      1323      2524      1332      2524      1332      2533      1323      2533      1298      2499      1358      2559 PARcau 1.284456e-01 7.659153e-01 0.105639
    43   1       2156       1414  6.500  21.477  84.0 66.801     2145     1410     2166     1419     21      9      2144      1416      2163      1407      2166      1413      2146      1422      2120      1385      2191      1444 PARcau 1.312929e-03 1.665850e-04 0.998521
    44   1       2152       1415  6.325  21.190  82.5 71.565     2141     1411     2163     1420     22      9      2140      1416      2160      1409      2162      1415      2142      1422      2116      1386      2188      1445 PARcau 4.820445e-03 1.481637e-02 0.980363
    44   0       1327       2523  7.000  11.000  64.0 90.000     1324     2518     1332     2530      8     12      1324      2518      1331      2518      1331      2529      1324      2529      1299      2493      1357      2555 PARcau 1.996859e-01 1.651319e-01 0.635182
    45   1       2148       1416  5.099  21.587  86.0 77.005     2137     1412     2159     1420     22      8      2136      1416      2157      1411      2158      1416      2137      1421      2112      1387      2184      1445 PARcau 1.074696e-01 9.711711e-04 0.891559
    45   0       1329       2518  8.000   8.000  58.0 90.000     1325     2514     1334     2523      9      9      1325      2514      1333      2514      1333      2522      1325      2522      1300      2489      1359      2548 PARcau 4.108195e-01 2.773966e-01 0.311784
    45   2        741        266 15.556  24.759 259.0 45.000      732      253      751      278     19     25       729       269       746       251       757       262       740       280       707       228       776       303 PARcau 2.170764e-02 8.171777e-01 0.161115
    46   1       2144       1416  6.000  21.000  83.5 90.000     2133     1413     2155     1420     22      7      2133      1413      2154      1413      2154      1419      2133      1419      2108      1388      2180      1445 PARcau 3.005516e-01 1.816822e-02 0.681280
    46   0       1332       2516  8.000   9.000  55.5 90.000     1328     2513     1338     2522     10      9      1328      2513      1337      2513      1337      2521      1328      2521      1303      2488      1363      2547 PARcau 5.919298e-01 5.927904e-02 0.348791
    46   2        737        271 15.297  26.476 256.0 12.529      729      257      748      283     19     26       732       254       747       257       742       283       727       280       704       232       773       308 PARcau 4.907564e-03 6.408889e-01 0.354203
    47   1       2139       1417  5.590  21.054  92.5 85.914     2129     1414     2151     1421     22      7      2128      1415      2149      1413      2150      1419      2129      1420      2104      1389      2176      1446 PARcau 8.681215e-02 6.376102e-02 0.849427
    47   0       1338       2518  7.778  10.607  64.0 45.000     1333     2514     1345     2524     12     10      1338      2512      1345      2519      1340      2525      1332      2517      1308      2489      1370      2549 PARcau 1.595453e-01 3.440012e-01 0.496453
    48   1       2136       1417  6.000  20.000  90.5 90.000     2126     1414     2147     1421     21      7      2126      1414      2146      1414      2146      1420      2126      1420      2101      1389      2172      1446 PARcau 1.170341e-01 3.246370e-01 0.558329
    48   0       1345       2520  7.000  10.000  59.5 90.000     1341     2517     1352     2525     11      8      1341      2517      1351      2517      1351      2524      1341      2524      1316      2492      1377      2550 PARcau 7.975254e-02 1.504464e-02 0.905203
    48   2        736        284 14.000  15.000 160.0 90.000      729      277      744      293     15     16       729       277       743       277       743       292       729       292       704       252       769       318 PARcau 4.659520e-01 2.636709e-01 0.270377
    49   1       2132       1416  6.000  20.000  88.0 90.000     2122     1414     2143     1421     21      7      2122      1414      2142      1414      2142      1420      2122      1420      2097      1389      2168      1446 PARcau 4.052901e-02 2.884835e-02 0.930623
    49   0       1352       2520  8.000  10.000  61.0 90.000     1347     2517     1358     2526     11      9      1347      2517      1357      2517      1357      2525      1347      2525      1322      2492      1383      2551 PARcau 5.121117e-01 3.208511e-01 0.167037
    50   1       2129       1416  6.083  19.105  83.5  4.399     2120     1413     2140     1421     20      8      2120      1412      2139      1414      2138      1420      2119      1418      2095      1388      2165      1446 PARcau 1.239179e-01 3.795101e-03 0.872287
    50   0       1356       2517  9.000  10.000  72.0 90.000     1352     2512     1362     2523     10     11      1352      2512      1361      2512      1361      2522      1352      2522      1327      2487      1387      2548 PARcau 2.447380e-01 6.602972e-01 0.094965
    51   1       2125       1415  6.083  18.248  83.5  9.462     2117     1412     2136     1420     19      8      2117      1411      2135      1414      2134      1420      2116      1417      2092      1387      2161      1445 PARcau 2.233781e-01 2.267559e-02 0.753946
    51   0       1359       2511  8.000  10.000  67.0 90.000     1355     2506     1364     2517      9     11      1355      2506      1363      2506      1363      2516      1355      2516      1330      2481      1389      2542 PARcau 3.344232e-01 2.973135e-01 0.368263
    52   1       2122       1414  5.590  18.554  83.5 12.529     2113     1411     2132     1420     19      9      2113      1409      2131      1414      2130      1419      2112      1415      2088      1386      2157      1445 PARcau 2.750241e-01 3.151898e-02 0.693457
    52   0       1361       2504  9.000  10.000  73.0 90.000     1357     2499     1367     2510     10     11      1357      2499      1366      2499      1366      2509      1357      2509      1332      2474      1392      2535 PARcau 5.667259e-01 1.829942e-01 0.250280
    53   2        736        277 14.560  16.763 176.0 18.435      728      270      745      286     17     16       730       267       746       272       742       286       726       281       703       245       770       311 PARcau 1.785765e-01 4.909605e-01 0.330463
    53   1       2118       1414  6.083  16.492  81.0 14.036     2111     1410     2128     1419     17      9      2111      1409      2127      1413      2126      1419      2110      1415      2086      1385      2153      1444 PARcau 2.635211e-01 4.149002e-03 0.732330
    53   0       1366       2500  8.000  10.000  63.5 90.000     1361     2497     1372     2506     11      9      1361      2497      1371      2497      1371      2505      1361      2505      1336      2472      1397      2531 PARcau 5.698470e-01 1.741729e-01 0.255980
    54   1       2116       1413  6.325  16.492  77.0 14.036     2109     1409     2125     1418     16      9      2109      1408      2125      1412      2123      1418      2107      1414      2084      1384      2150      1443 PARcau 1.059508e-01 1.951275e-02 0.874536
    54   2        731        275 13.865  16.771 182.5 26.565      723      269      741      284     18     15       726       265       741       273       735       285       720       278       698       244       766       309 PARcau 1.508183e-02 9.055061e-01 0.079412
    54   0       1372       2500  8.000  11.000  69.5 90.000     1367     2496     1379     2505     12      9      1367      2496      1378      2496      1378      2504      1367      2504      1342      2471      1404      2530 PARcau 7.330034e-02 7.472648e-01 0.179435
    55   1       2114       1412  6.708  17.000  78.5 26.565     2107     1408     2123     1418     16     10      2108      1405      2123      1413      2120      1419      2105      1411      2082      1383      2148      1443 PARcau 1.497106e-01 4.008025e-03 0.846281
    55   0       1380       2503  8.062  11.180  66.0 26.565     1375     2499     1387     2509     12     10      1377      2497      1387      2502      1383      2509      1373      2504      1350      2474      1412      2534 PARcau 7.708024e-01 4.194686e-03 0.225003
    56   1       2112       1411  6.042  14.577  71.0 23.199     2105     1408     2121     1417     16      9      2106      1406      2120      1412      2117      1417      2104      1412      2080      1383      2146      1442 PARcau 1.095042e-01 1.511474e-02 0.875381
    56   0       1386       2507  9.000   9.000  63.5 90.000     1382     2503     1392     2513     10     10      1382      2503      1391      2503      1391      2512      1382      2512      1357      2478      1417      2538 PARcau 7.891744e-02 6.713156e-01 0.249767
    57   1       2110       1411  6.042  14.089  66.0 26.565     2104     1407     2118     1416     14      9      2105      1405      2117      1411      2115      1417      2102      1410      2079      1382      2143      1441 PARcau 4.811601e-01 1.429398e-01 0.375900
    57   0       1389       2510  8.000   8.000  57.5 90.000     1386     2507     1395     2516      9      9      1386      2507      1394      2507      1394      2515      1386      2515      1361      2482      1420      2541 PARcau 2.353023e-01 5.590829e-01 0.205615
    58   1       2107       1410  7.000  12.000  65.0 90.000     2102     1407     2115     1415     13      8      2102      1407      2114      1407      2114      1414      2102      1414      2077      1382      2140      1440 PARcau 5.129133e-01 1.449800e-01 0.342107
    58   0       1391       2510  8.000   9.000  54.5  0.000     1387     2506     1396     2516      9     10      1387      2506      1395      2506      1395      2515      1387      2515      1362      2481      1421      2541 PARcau 3.529091e-01 5.852716e-01 0.061819
    59   1       2106       1410  7.000  12.000  62.5 90.000     2100     1407     2113     1415     13      8      2100      1407      2112      1407      2112      1414      2100      1414      2075      1382      2138      1440 PARcau 5.159487e-01 2.490232e-01 0.235028
    59   0       1392       2507  8.062   8.944  59.0 26.565     1388     2503     1398     2513     10     10      1390      2501      1397      2505      1393      2513      1386      2509      1363      2478      1423      2538 PARcau 3.193489e-01 5.810529e-01 0.099598
    60   0       1392       2505  8.000   8.000  53.0 90.000     1389     2501     1398     2510      9      9      1389      2501      1397      2501      1397      2509      1389      2509      1364      2476      1423      2535 PARcau 7.532809e-01 5.624498e-02 0.190474
    60   1       2104       1410  6.000  11.000  57.0 90.000     2099     1407     2111     1414     12      7      2099      1407      2110      1407      2110      1413      2099      1413      2074      1382      2136      1439 PARcau 2.474039e-01 2.393218e-02 0.728664
    61   1       2103       1410  6.000  10.000  52.5 90.000     2099     1407     2110     1414     11      7      2099      1407      2109      1407      2109      1413      2099      1413      2074      1382      2135      1439 PARcau 5.807338e-01 1.293796e-01 0.289887
    61   0       1394       2504  8.000   8.000  56.0 90.000     1391     2500     1400     2509      9      9      1391      2500      1399      2500      1399      2508      1391      2508      1366      2475      1425      2534 PARcau 7.750089e-01 1.081291e-01 0.116862
    61   2        706        284 13.454  16.971 177.5 45.000      699      276      715      293     16     17       705       273       717       285       708       295       696       283       674       251       740       318 PARcau 1.123437e-01 1.707470e-03 0.885949
    62   1       2102       1410  7.000  10.000  52.5 90.000     2098     1407     2109     1415     11      8      2098      1407      2108      1407      2108      1414      2098      1414      2073      1382      2134      1440 PARcau 7.582124e-01 1.272389e-01 0.114549
    62   2        706        281 13.435  17.678 178.0 45.000      699      274      715      291     16     17       705       271       717       283       708       293       695       280       674       249       740       316 PARcau 3.548526e-02 5.823261e-02 0.906282
    62   0       1396       2501  8.000   9.000  59.0 90.000     1393     2497     1402     2507      9     10      1393      2497      1401      2497      1401      2506      1393      2506      1368      2472      1427      2532 PARcau 1.527997e-02 9.478731e-01 0.036847
    63   1       2101       1410  7.000   9.000  49.0 90.000     2097     1407     2107     1415     10      8      2097      1407      2106      1407      2106      1414      2097      1414      2072      1382      2132      1440 PARcau 8.533227e-01 5.979869e-02 0.086879
    63   2        704        279 15.000  16.000 187.0 90.000      697      272      714      288     17     16       697       272       713       272       713       287       697       287       672       247       739       313 PARcau 9.026156e-02 1.423331e-02 0.895505
    63   0       1398       2498  8.485   9.899  60.5 45.000     1394     2495     1405     2504     11      9      1392      2499      1399      2492      1405      2498      1398      2505      1369      2470      1430      2529 PARcau 4.355864e-01 4.383328e-01 0.126081
    64   1       2100       1412  8.000   9.000  55.0 90.000     2096     1408     2106     1417     10      9      2096      1408      2105      1408      2105      1416      2096      1416      2071      1383      2131      1442 PARcau 1.881940e-01 7.353668e-02 0.738269
    64   2        701        277 15.000  17.000 195.0 90.000      693      270      711      286     18     16       693       270       710       270       710       285       693       285       668       245       736       311 PARcau 1.876527e-01 3.151281e-03 0.809196
    64   0       1404       2496  8.000   9.000  59.0 90.000     1400     2492     1410     2501     10      9      1400      2492      1409      2492      1409      2500      1400      2500      1375      2467      1435      2526 PARcau 5.017892e-01 3.194090e-01 0.178802
    65   1       2099       1412  8.000   8.000  52.5 90.000     2096     1409     2105     1418      9      9      2096      1409      2104      1409      2104      1417      2096      1417      2071      1384      2130      1443 PARcau 8.586571e-01 3.142680e-02 0.109916
    65   2        696        276 15.000  16.000 198.0 90.000      689      269      706      285     17     16       689       269       705       269       705       284       689       284       664       244       731       310 PARcau 1.913678e-01 1.752316e-03 0.806880
    65   0       1409       2497  8.000   9.000  59.0 90.000     1405     2493     1414     2503      9     10      1405      2493      1413      2493      1413      2502      1405      2502      1380      2468      1439      2528 PARcau 7.501929e-01 1.578726e-01 0.091934
    66   2        693        277 15.000  16.000 186.0 90.000      686      270      702      287     16     17       686       270       701       270       701       286       686       286       661       245       727       312 PARcau 3.295470e-02 4.180126e-01 0.549033
    66   1       2098       1414  7.071  11.314  58.0 45.000     2094     1409     2104     1420     10     11      2092      1415      2100      1407      2105      1412      2097      1420      2069      1384      2129      1445 PARcau 4.692124e-01 2.155287e-01 0.315259
    66   0       1412       2501  8.000  10.000  64.0 90.000     1408     2497     1417     2508      9     11      1408      2497      1416      2497      1416      2507      1408      2507      1383      2472      1442      2533 PARcau 4.052855e-01 2.874333e-01 0.307281
    67   1       2097       1416  8.000  10.000  58.5 90.000     2094     1411     2103     1422      9     11      2094      1411      2102      1411      2102      1421      2094      1421      2069      1386      2128      1447 PARcau 6.775882e-01 1.417369e-02 0.308238
    67   2        691        280 15.000  16.000 183.5 90.000      684      272      700      289     16     17       684       272       699       272       699       288       684       288       659       247       725       314 PARcau 4.238822e-02 4.742304e-04 0.957138
    67   0       1415       2507  7.826  10.735  63.5 63.435     1411     2503     1421     2514     10     11      1409      2504      1416      2501      1421      2510      1414      2514      1386      2478      1446      2539 PARcau 7.144011e-01 2.511793e-02 0.260481
    68   2        690        282 15.000  16.000 181.0 90.000      683      274      699      291     16     17       683       274       698       274       698       290       683       290       658       249       724       316 PARcau 2.685365e-02 1.323673e-01 0.840779
    68   1       2096       1417  7.382  12.748  66.5 26.565     2092     1412     2102     1424     10     12      2096      1410      2102      1413      2097      1425      2090      1421      2067      1387      2127      1449 PARcau 2.057149e-02 6.530403e-01 0.326388
    68   0       1419       2511  8.000   9.000  63.5 90.000     1415     2508     1425     2517     10      9      1415      2508      1424      2508      1424      2516      1415      2516      1390      2483      1450      2542 PARcau 2.140151e-01 7.236717e-01 0.062313
    69   2        691        282 13.435  17.678 176.0 45.000      684      275      700      292     16     17       690       272       702       284       693       294       680       281       659       250       725       317 PARcau 8.742945e-02 7.423114e-03 0.905147
    69   1       2095       1419  7.382  14.089  72.0 26.565     2091     1413     2101     1427     10     14      2095      1411      2102      1415      2095      1427      2089      1424      2066      1388      2126      1452 PARcau 8.488952e-03 4.640008e-02 0.945111
    69   0       1423       2511  8.000   9.000  60.5 90.000     1419     2508     1429     2517     10      9      1419      2508      1428      2508      1428      2516      1419      2516      1394      2483      1454      2542 PARcau 4.723211e-01 3.245881e-01 0.203091
    70   2        692        281 15.000  16.000 181.0 90.000      685      273      701      290     16     17       685       273       700       273       700       289       685       289       660       248       726       315 PARcau 3.845672e-01 3.611242e-04 0.615072
    70   1       2093       1421  6.708  14.765  74.5 26.565     2089     1415     2100     1430     11     15      2087      1427      2094      1414      2100      1417      2093      1430      2064      1390      2125      1455 PARcau 2.235304e-02 6.085727e-03 0.971561
    70   0       1428       2508  8.485   9.899  58.5 45.000     1424     2504     1435     2513     11      9      1422      2508      1429      2501      1435      2507      1428      2514      1399      2479      1460      2538 PARcau 3.637245e-01 4.131785e-01 0.223097
    71   1       2092       1423  7.211  15.264  81.0 33.690     2088     1417     2099     1432     11     15      2085      1428      2093      1415      2099      1419      2091      1432      2063      1392      2124      1457 PARcau 1.086222e-02 6.683787e-03 0.982454
    71   2        693        277 14.142  16.971 192.0 45.000      685      270      702      287     17     17       692       267       704       279       694       289       682       277       660       245       727       312 PARcau 4.802572e-02 4.658599e-03 0.947316
    71   0       1434       2503  8.000   9.000  59.5 90.000     1430     2499     1440     2508     10      9      1430      2499      1439      2499      1439      2507      1430      2507      1405      2474      1465      2533 PARcau 6.464096e-01 3.949782e-02 0.314093
    72   1       2091       1426  6.403  16.401  82.5 36.870     2085     1419     2097     1434     12     15      2083      1430      2093      1417      2098      1421      2088      1434      2060      1394      2122      1459 PARcau 5.780579e-02 8.281521e-04 0.941366
    72   2        691        273 14.916  18.069 197.0 75.964      684      265      701      283     17     18       681       266       696       262       700       280       686       283       659       240       726       308 PARcau 2.050365e-01 4.279542e-03 0.790684
    72   0       1439       2500  8.000   9.000  59.5 90.000     1435     2497     1445     2506     10      9      1435      2497      1444      2497      1444      2505      1435      2505      1410      2472      1470      2531 PARcau 5.728001e-02 9.016990e-01 0.041021
    73   1       2089       1428  6.519  17.335  85.0 33.690     2083     1421     2096     1437     13     16      2081      1434      2091      1419      2096      1423      2087      1437      2058      1396      2121      1462 PARcau 1.675789e-03 2.791081e-04 0.998045
    73   2        688        269 16.000  18.000 214.5 90.000      679      261      698      278     19     17       679       261       697       261       697       277       679       277       654       236       723       303 PARcau 1.415817e-01 1.007253e-02 0.848346
    73   0       1444       2502  8.485   9.899  66.0 45.000     1439     2498     1450     2508     11     10      1443      2496      1450      2503      1444      2509      1437      2502      1414      2473      1475      2533 PARcau 4.518019e-01 3.703680e-01 0.177830
    74   1       2087       1430  7.071  17.804  87.0 37.875     2080     1423     2094     1439     14     16      2079      1435      2090      1421      2095      1426      2084      1440      2055      1398      2119      1464 PARcau 3.414135e-03 1.905696e-03 0.994680
    74   2        682        266 14.534  20.573 230.5 26.565      673      258      693      276     20     18       676       255       694       264       688       277       669       268       648       233       718       301 PARcau 3.877513e-01 1.218212e-01 0.490428
    74   0       1449       2506  9.000   9.000  65.5 90.000     1445     2502     1455     2512     10     10      1445      2502      1454      2502      1454      2511      1445      2511      1420      2477      1480      2537 PARcau 2.313395e-01 5.987500e-01 0.169911
    75   1       2084       1432  7.071  18.385  97.5 45.000     2077     1426     2092     1441     15     15      2075      1437      2088      1424      2093      1429      2080      1442      2052      1401      2117      1466 PARcau 1.506866e-02 1.829289e-03 0.983102
    75   2        675        265 16.000  18.000 233.5 90.000      667      258      686      275     19     17       667       258       685       258       685       274       667       274       642       233       711       300 PARcau 2.182388e-01 4.071151e-03 0.777690
    75   0       1453       2511  9.000   9.000  65.5 90.000     1449     2507     1459     2517     10     10      1449      2507      1458      2507      1458      2516      1449      2516      1424      2482      1484      2542 PARcau 2.734801e-01 4.140612e-01 0.312459
    76   1       2082       1435  7.071  19.105  92.0 45.000     2074     1428     2090     1443     16     15      2072      1440      2086      1427      2091      1432      2077      1445      2049      1403      2115      1468 PARcau 2.244053e-02 2.330415e-02 0.954255
    76   0       1455       2514  8.000   8.000  49.0 90.000     1452     2511     1461     2520      9      9      1452      2511      1460      2511      1460      2519      1452      2519      1427      2486      1486      2545 PARcau 2.292213e-01 5.547876e-01 0.215991
    76   2        670        266 16.000  16.000 213.5 90.000      662      259      679      276     17     17       662       259       678       259       678       275       662       275       637       234       704       301 PARcau 3.966709e-01 4.530454e-03 0.598799
    77   1       2079       1437  6.364  19.144  92.5 48.013     2071     1431     2088     1445     17     14      2069      1441      2084      1429      2088      1433      2074      1446      2046      1406      2113      1470 PARcau 7.560065e-02 1.226943e-02 0.912130
    77   0       1458       2514  8.000   8.000  51.5 90.000     1454     2510     1463     2519      9      9      1454      2510      1462      2510      1462      2518      1454      2518      1429      2485      1488      2544 PARcau 2.917845e-01 6.082874e-01 0.099928
    77   2        666        267 16.000  16.000 199.0 90.000      658      260      675      277     17     17       658       260       674       260       674       276       658       276       633       235       700       302 PARcau 1.913066e-01 7.101601e-03 0.801592
    78   0       1459       2513  8.000   8.000  47.5  0.000     1455     2509     1464     2518      9      9      1455      2509      1463      2509      1463      2517      1455      2517      1430      2484      1489      2543 PARcau 1.610573e-01 6.889177e-01 0.150025
    78   1       2076       1439  7.433  19.526  90.5 48.814     2068     1433     2085     1446     17     13      2066      1443      2081      1431      2086      1436      2071      1449      2043      1408      2110      1471 PARcau 1.705708e-03 2.016432e-03 0.996278
    78   2        664        267 15.000  17.000 195.5 90.000      657      259      673      277     16     18       657       259       672       259       672       276       657       276       632       234       698       302 PARcau 1.579856e-02 1.115614e-04 0.984090
    79   0       1458       2511  8.000   9.000  54.5 90.000     1455     2507     1464     2517      9     10      1455      2507      1463      2507      1463      2516      1455      2516      1430      2482      1489      2542 PARcau 7.768235e-01 1.692802e-01 0.053896
    79   1       2074       1441  6.801  19.704  90.5 53.973     2065     1435     2083     1448     18     13      2063      1444      2079      1432      2083      1438      2067      1449      2040      1410      2108      1473 PARcau 1.631661e-03 1.134049e-03 0.997234
    79   2        662        265 14.849  20.506 226.0 45.000      654      256      672      275     18     19       660       252       675       267       664       277       650       263       629       231       697       300 PARcau 2.040464e-01 3.329420e-04 0.795621
    80   0       1458       2508  8.000   8.000  47.0 90.000     1454     2505     1463     2514      9      9      1454      2505      1462      2505      1462      2513      1454      2513      1429      2480      1488      2539 PARcau 9.313869e-01 4.668940e-02 0.021924
    80   1       2070       1443  7.211  21.095  96.0 57.529     2060     1437     2080     1449     20     12      2058      1446      2076      1435      2080      1441      2062      1452      2035      1412      2105      1474 PARcau 1.626287e-04 1.460567e-04 0.999691
    80   2        660        260 14.142  21.213 228.0 45.000      652      251      670      271     18     20       657       248       672       263       662       273       647       258       627       226       695       296 PARcau 9.377299e-02 2.464515e-02 0.881582
    81   0       1460       2506  7.000   9.000  52.5 90.000     1456     2503     1466     2511     10      8      1456      2503      1465      2503      1465      2510      1456      2510      1431      2478      1491      2536 PARcau 5.237046e-01 3.985794e-01 0.077716
    81   1       2067       1444  6.801  20.353  92.5 61.390     2057     1439     2077     1450     20     11      2055      1447      2073      1437      2077      1443      2059      1452      2032      1414      2102      1475 PARcau 3.262489e-04 4.552530e-04 0.999218
    82   1       2063       1445  6.801  20.081  81.5 71.565     2053     1441     2073     1451     20     10      2052      1445      2071      1439      2073      1445      2054      1452      2028      1416      2098      1476 PARcau 8.026942e-04 2.192087e-03 0.997005
    82   0       1464       2503  8.485   8.485  55.0 45.000     1460     2500     1470     2509     10      9      1465      2498      1471      2504      1465      2510      1459      2504      1435      2475      1495      2534 PARcau 7.765047e-01 1.561552e-01 0.067340
    83   0       1465       2503  7.000   8.000  46.5 90.000     1461     2500     1470     2508      9      8      1461      2500      1469      2500      1469      2507      1461      2507      1436      2475      1495      2533 PARcau 6.397219e-01 1.853564e-01 0.174922
    83   1       2059       1446  6.325  21.190  85.5 71.565     2049     1442     2070     1451     21      9      2048      1447      2068      1440      2070      1446      2050      1453      2024      1417      2095      1476 PARcau 2.982493e-04 7.602376e-04 0.998941
    84   0       1463       2506  8.246   8.246  48.0 75.964     1459     2502     1468     2512      9     10      1458      2503      1466      2501      1468      2509      1460      2511      1434      2477      1493      2537 PARcau 1.242555e-01 7.990836e-01 0.076661
    84   1       2055       1447  5.099  20.616  83.0 75.964     2046     1444     2067     1452     21      8      2045      1447      2065      1442      2066      1447      2046      1452      2021      1419      2092      1477 PARcau 1.119654e-04 1.407350e-03 0.998481
    85   1       2052       1448  6.083  20.396  86.5 78.690     2042     1444     2063     1452     21      8      2041      1447      2061      1443      2062      1449      2042      1453      2017      1419      2088      1477 PARcau 1.766505e-03 1.630580e-02 0.981928
    85   0       1460       2512  7.382   7.382  39.0 26.565     1457     2508     1465     2517      8      9      1459      2507      1466      2511      1462      2517      1456      2514      1432      2483      1490      2542 PARcau 1.345085e-01 7.791473e-01 0.086344
    86   1       2049       1448  6.000  20.000  86.5 90.000     2039     1445     2060     1452     21      7      2039      1445      2059      1445      2059      1451      2039      1451      2014      1420      2085      1477 PARcau 1.216397e-02 2.523533e-02 0.962601
    86   0       1462       2518  7.000   9.000  47.5  0.000     1459     2514     1467     2524      8     10      1459      2514      1466      2514      1466      2523      1459      2523      1434      2489      1492      2549 PARcau 7.058042e-01 1.252564e-01 0.168939
    87   1       2047       1447  6.576  22.051  94.0  4.086     2036     1444     2059     1452     23      8      2036      1443      2058      1445      2057      1451      2035      1450      2011      1419      2084      1477 PARcau 5.978836e-03 4.903651e-03 0.989118
    87   0       1467       2524  7.778  10.607  64.0 45.000     1462     2520     1473     2530     11     10      1466      2518      1473      2525      1468      2531      1460      2523      1437      2495      1498      2555 PARcau 6.608644e-01 5.464042e-02 0.284495
    88   1       2044       1447  6.083  22.361  80.0 10.008     2033     1443     2056     1452     23      9      2033      1442      2055      1446      2054      1452      2032      1448      2008      1418      2081      1477 PARcau 2.854965e-02 1.238616e-03 0.970212
    88   0       1474       2526  7.000  11.000  62.5 90.000     1469     2523     1481     2531     12      8      1469      2523      1480      2523      1480      2530      1469      2530      1444      2498      1506      2556 PARcau 6.000594e-01 6.652848e-02 0.333412
    89   1       2041       1445  6.325  23.087  89.5 18.435     2030     1440     2053     1452     23     12      2030      1439      2052      1446      2050      1452      2028      1445      2005      1415      2078      1477 PARcau 2.086682e-03 3.944530e-03 0.993969
    89   0       1481       2525  7.000  10.000  56.5 90.000     1477     2522     1488     2530     11      8      1477      2522      1487      2522      1487      2529      1477      2529      1452      2497      1513      2555 PARcau 9.158945e-02 8.600791e-01 0.048332
    90   1       2038       1444  6.500  22.940  85.0 20.556     2027     1438     2049     1451     22     13      2027      1437      2048      1445      2046      1451      2024      1443      2002      1413      2074      1476 PARcau 5.455229e-05 5.783683e-05 0.999888
    90   0       1487       2524  8.000   9.000  58.5 90.000     1483     2520     1493     2529     10      9      1483      2520      1492      2520      1492      2528      1483      2528      1458      2495      1518      2554 PARcau 2.747452e-01 6.015959e-01 0.123659
    91   1       2034       1442  5.831  22.361  76.5 26.565     2024     1435     2044     1449     20     14      2024      1434      2044      1444      2041      1449      2021      1439      1999      1410      2069      1474 PARcau 7.537661e-07 3.710738e-07 0.999999
    91   0       1490       2526  7.000   9.000  52.0 90.000     1487     2522     1495     2532      8     10      1487      2522      1494      2522      1494      2531      1487      2531      1462      2497      1520      2557 PARcau 3.222401e-01 6.104661e-01 0.067294
    92   1       2030       1439  5.000  23.854  80.0 33.690     2020     1431     2040     1448     20     17      2020      1430      2040      1443      2037      1447      2017      1434      1995      1406      2065      1473 PARcau 5.597497e-06 3.889242e-06 0.999990
    92   0       1492       2531  7.000  10.000  58.0 90.000     1489     2526     1497     2537      8     11      1489      2526      1496      2526      1496      2536      1489      2536      1464      2501      1522      2562 PARcau 4.095781e-01 3.719760e-01 0.218446
    93   1       2026       1436  5.657  22.627  87.0 45.000     2017     1428     2036     1445     19     17      2020      1425      2036      1441      2032      1445      2016      1429      1992      1403      2061      1470 PARcau 2.089751e-07 3.592986e-07 0.999999
    93   0       1494       2537  8.000   9.000  57.0 90.000     1490     2533     1500     2542     10      9      1490      2533      1499      2533      1499      2541      1490      2541      1465      2508      1525      2567 PARcau 7.171004e-01 2.124190e-01 0.070481
    94   1       2023       1433  6.403  22.627  86.5 45.000     2015     1424     2032     1442     17     18      2017      1422      2033      1438      2028      1442      2012      1426      1990      1399      2057      1467 PARcau 5.741028e-05 3.530566e-06 0.999939
    94   0       1499       2539  7.000   9.000  54.0 90.000     1495     2536     1505     2544     10      8      1495      2536      1504      2536      1504      2543      1495      2543      1470      2511      1530      2569 PARcau 5.945838e-01 2.884831e-01 0.116933
    95   1       2020       1429  5.315  23.712  84.0 48.366     2012     1420     2028     1439     16     19      2013      1418      2029      1435      2025      1439      2009      1421      1987      1395      2053      1464 PARcau 3.880209e-05 2.862298e-05 0.999933
    95   0       1505       2538  7.000   9.000  53.0 90.000     1501     2535     1511     2543     10      8      1501      2535      1510      2535      1510      2542      1501      2542      1476      2510      1536      2568 PARcau 5.321278e-01 3.295340e-01 0.138338
    96   1       2016       1426  5.657  22.627  85.0 45.000     2008     1416     2025     1435     17     19      2010      1415      2026      1431      2022      1435      2006      1419      1983      1391      2050      1460 PARcau 4.470281e-08 2.383146e-07 1.000000
    96   0       1511       2535  7.071   9.899  59.5 45.000     1507     2531     1517     2541     10     10      1506      2536      1513      2529      1518      2534      1511      2541      1482      2506      1542      2566 PARcau 1.742281e-01 5.285359e-01 0.297236
    97   1       2013       1422  5.657  22.627  86.0 45.000     2005     1412     2022     1431     17     19      2006      1411      2022      1427      2018      1431      2002      1415      1980      1387      2047      1456 PARcau 1.523318e-04 4.277114e-03 0.995571
    97   0       1515       2532  7.000   8.000  46.5 90.000     1512     2529     1520     2538      8      9      1512      2529      1519      2529      1519      2537      1512      2537      1487      2504      1545      2563 PARcau 1.840376e-01 7.628260e-01 0.053136
    98   0       1516       2532  8.000   8.000  48.0 90.000     1513     2528     1522     2537      9      9      1513      2528      1521      2528      1521      2536      1513      2536      1488      2503      1547      2562 PARcau 2.494688e-01 6.420670e-01 0.108464
    98   1       2010       1419  5.657  22.627  85.5 45.000     2003     1409     2019     1428     16     19      2003      1408      2019      1424      2015      1428      1999      1412      1978      1384      2044      1453 PARcau 3.934609e-07 1.261762e-05 0.999987
    99   0       1516       2535  7.000   9.000  49.5  0.000     1513     2531     1521     2541      8     10      1513      2531      1520      2531      1520      2540      1513      2540      1488      2506      1546      2566 PARcau 7.188082e-01 1.565272e-01 0.124665
    99   1       2006       1413  6.103  24.602  97.5 53.130     1999     1403     2015     1424     16     21      2001      1401      2016      1421      2011      1424      1996      1405      1974      1378      2040      1449 PARcau 8.316874e-03 1.808740e-03 0.989874
   100   1       2004       1411  6.403  22.023  79.5 50.194     1998     1402     2012     1421     14     19      1999      1400      2013      1417      2008      1421      1994      1404      1973      1377      2037      1446 PARcau 1.905453e-05 4.266032e-05 0.999938
   100   0       1515       2542  6.964  11.068  52.5 18.435     1512     2537     1521     2548      9     11      1514      2535      1521      2538      1517      2548      1511      2546      1487      2512      1546      2573 PARcau 8.599951e-01 4.640805e-02 0.093597
   101   1       2001       1406  5.408  23.585  89.5 57.995     1994     1396     2009     1417     15     21      1997      1393      2009      1413      2005      1416      1992      1396      1969      1371      2034      1442 PARcau 8.546177e-04 1.945889e-04 0.998951
   101   0       1516       2549  7.000  10.000  58.0 90.000     1513     2544     1521     2555      8     11      1513      2544      1520      2544      1520      2554      1513      2554      1488      2519      1546      2580 PARcau 7.722489e-01 9.666021e-02 0.131091
   102   1       1999       1403  5.831  23.707  81.0 61.928     1991     1392     2006     1413     15     21      1995      1389      2006      1410      2001      1413      1990      1392      1966      1367      2031      1438 PARcau 3.107340e-07 8.759563e-07 0.999999
   102   0       1519       2556  8.000  10.000  61.0  0.000     1516     2551     1525     2562      9     11      1516      2551      1524      2551      1524      2561      1516      2561      1491      2526      1550      2587 PARcau 2.712718e-01 5.568433e-01 0.171885
   103   1       1995       1399  6.103  23.436  96.5 56.310     1988     1389     2004     1409     16     20      1991      1386      2004      1406      1999      1409      1986      1390      1963      1364      2029      1434 PARcau 1.805458e-06 2.140754e-07 0.999998
   103   0       1525       2559  7.000  10.000  59.0 90.000     1521     2556     1532     2564     11      8      1521      2556      1531      2556      1531      2563      1521      2563      1496      2531      1557      2589 PARcau 7.873774e-01 1.129659e-01 0.099657
   104   1       1993       1396  6.265  22.589  83.5 61.928     1986     1386     2001     1406     15     20      1990      1383      2001      1403      1995      1406      1985      1386      1961      1361      2026      1431 PARcau 5.105920e-07 1.661714e-06 0.999998
   104   0       1532       2560  7.000  10.000  58.0 90.000     1527     2557     1538     2565     11      8      1527      2557      1537      2557      1537      2564      1527      2564      1502      2532      1563      2590 PARcau 3.809443e-01 5.495353e-01 0.069520
   105   1       1990       1392  6.021  23.005  82.0 48.366     1983     1382     1998     1402     15     20      1983      1381      1999      1398      1994      1402      1979      1385      1958      1357      2023      1427 PARcau 1.417362e-04 1.285844e-04 0.999730
   105   0       1536       2559  7.000   8.000  46.5 90.000     1533     2556     1542     2564      9      8      1533      2556      1541      2556      1541      2563      1533      2563      1508      2531      1567      2589 PARcau 4.342858e-01 5.188605e-01 0.046854
   106   0       1537       2557  7.000   8.000  48.5 90.000     1534     2554     1542     2563      8      9      1534      2554      1541      2554      1541      2562      1534      2562      1509      2529      1567      2588 PARcau 2.462669e-01 7.253081e-01 0.028425
   106   1       1987       1388  0.000  24.207  83.5 52.125     1978     1378     1996     1398     18     20      1981      1376      1991      1398      1996      1395      1976      1379      1953      1353      2021      1423 PARcau 7.200858e-04 2.460648e-03 0.996819
   107   0       1535       2558  7.778   7.778  46.0 45.000     1532     2554     1541     2563      9      9      1535      2552      1541      2558      1535      2563      1530      2558      1507      2529      1566      2588 PARcau 1.871891e-01 5.658700e-01 0.246941
   107   1       1984       1384  6.801  22.743  89.5 55.305     1976     1375     1992     1394     16     19      1980      1372      1992      1391      1987      1395      1974      1376      1951      1350      2017      1419 PARcau 3.417821e-04 5.420449e-02 0.945454
   108   0       1533       2561  7.000   9.000  49.0 90.000     1530     2557     1538     2567      8     10      1530      2557      1537      2557      1537      2566      1530      2566      1505      2532      1563      2592 PARcau 4.996650e-01 2.991870e-01 0.201148
   108   1       1981       1381  5.657  22.627  86.0 45.000     1972     1372     1990     1391     18     19      1974      1371      1990      1387      1986      1391      1970      1375      1947      1347      2015      1416 PARcau 8.832701e-03 2.940652e-04 0.990873
   109   1       1978       1378  6.403  23.431  94.5 50.711     1969     1369     1987     1388     18     19      1972      1366      1987      1384      1982      1388      1967      1370      1944      1344      2012      1413 PARcau 1.342186e-02 7.666474e-03 0.978912
   109   0       1535       2566  7.778   9.192  52.0 45.000     1532     2562     1541     2572      9     10      1535      2561      1541      2567      1536      2573      1529      2566      1507      2537      1566      2597 PARcau 1.949793e-01 7.445670e-01 0.060454
   110   1       1974       1375  7.106  22.727  94.0 49.764     1965     1367     1984     1384     19     17      1969      1363      1984      1380      1978      1385      1964      1367      1940      1342      2009      1409 PARcau 4.664236e-03 1.583172e-03 0.993753
   110   0       1541       2568  7.000   9.000  52.5 90.000     1537     2565     1547     2573     10      8      1537      2565      1546      2565      1546      2572      1537      2572      1512      2540      1572      2598 PARcau 2.338378e-01 7.222364e-01 0.043926
   111   1       1971       1372  5.657  24.042  89.5 45.000     1961     1364     1981     1381     20     17      1964      1361      1981      1378      1977      1382      1960      1365      1936      1339      2006      1406 PARcau 5.276255e-04 2.680108e-05 0.999446
   111   0       1546       2566  8.000   8.000  52.5 90.000     1543     2562     1552     2571      9      9      1543      2562      1551      2562      1551      2570      1543      2570      1518      2537      1577      2596 PARcau 6.307902e-01 3.393070e-01 0.029903
   112   1       1967       1369  6.021  23.754  89.0 39.806     1957     1362     1977     1378     20     16      1959      1358      1977      1374      1973      1378      1955      1363      1932      1337      2002      1403 PARcau 3.860797e-05 7.275122e-05 0.999889
   112   0       1548       2561  8.000   9.000  57.5 90.000     1545     2557     1554     2567      9     10      1545      2557      1553      2557      1553      2566      1545      2566      1520      2532      1579      2592 PARcau 3.833194e-01 5.840777e-01 0.032603
   113   0       1546       2557  8.000   8.000  54.0 90.000     1543     2554     1552     2563      9      9      1543      2554      1551      2554      1551      2562      1543      2562      1518      2529      1577      2588 PARcau 5.518515e-01 4.005460e-01 0.047603
   113   1       1963       1366  5.701  24.135  94.0 40.236     1953     1359     1974     1374     21     15      1955      1355      1973      1371      1970      1375      1951      1360      1928      1334      1999      1399 PARcau 3.128411e-05 1.842916e-05 0.999950
   114   0       1543       2557  7.762   8.382  44.5 71.565     1539     2554     1548     2563      9      9      1538      2555      1546      2552      1548      2560      1540      2562      1514      2529      1573      2588 PARcau 5.281132e-02 8.735792e-01 0.073609
   114   1       1960       1364  6.403  23.601  89.0 36.870     1949     1357     1970     1372     21     15      1951      1354      1970      1368      1966      1373      1947      1359      1924      1332      1995      1397 PARcau 6.794269e-08 6.572774e-07 0.999999
   115   0       1542       2560  8.000   8.000  46.0 90.000     1538     2557     1547     2566      9      9      1538      2557      1546      2557      1546      2565      1538      2565      1513      2532      1572      2591 PARcau 5.157829e-01 3.823474e-01 0.101870
   115   1       1955       1361  6.265  23.479  91.5 26.565     1944     1355     1966     1369     22     14      1945      1353      1966      1364      1963      1369      1942      1359      1919      1330      1991      1394 PARcau 5.156252e-04 8.581564e-04 0.998626
   116   0       1545       2563  7.000   8.000  46.0 90.000     1541     2560     1550     2568      9      8      1541      2560      1549      2560      1549      2567      1541      2567      1516      2535      1575      2593 PARcau 6.679388e-01 2.726924e-01 0.059369
   116   1       1951       1359  6.265  23.479  92.0 26.565     1940     1354     1962     1367     22     13      1941      1351      1962      1362      1959      1367      1938      1357      1915      1329      1987      1392 PARcau 1.806602e-03 2.020016e-04 0.997991
   117   0       1549       2562  7.778   9.192  52.5 45.000     1545     2558     1555     2567     10      9      1544      2562      1550      2555      1556      2561      1549      2567      1520      2533      1580      2592 PARcau 5.531414e-01 3.956252e-01 0.051233
   117   1       1946       1357  5.590  24.151  97.0 26.565     1935     1352     1958     1365     23     13      1936      1349      1958      1360      1955      1365      1934      1354      1910      1327      1983      1390 PARcau 5.622237e-08 3.136311e-07 1.000000
   118   0       1552       2557  8.000   9.000  57.5 90.000     1549     2553     1558     2563      9     10      1549      2553      1557      2553      1557      2562      1549      2562      1524      2528      1583      2588 PARcau 7.505675e-01 1.759339e-01 0.073499
   118   1       1941       1355  0.707  23.119  98.0 21.801     1930     1351     1953     1362     23     11      1931      1348      1950      1362      1953      1357      1929      1354      1905      1326      1978      1387 PARcau 3.037645e-04 1.638827e-04 0.999532
   119   1       1938       1354  6.500  24.233  98.5 21.251     1925     1350     1949     1361     24     11      1927      1346      1949      1355      1947      1361      1924      1352      1900      1325      1974      1386 PARcau 9.563930e-05 5.737816e-04 0.999331
   119   0       1551       2551  7.810   9.899  61.5 45.000     1547     2547     1557     2558     10     11      1550      2545      1557      2552      1552      2558      1545      2551      1522      2522      1582      2583 PARcau 9.917494e-01 4.434111e-04 0.007807
   120   1       1933       1353  5.590  22.677  94.0 12.995     1922     1349     1945     1359     23     10      1922      1347      1944      1353      1943      1358      1921      1353      1897      1324      1970      1384 PARcau 4.954006e-04 2.330201e-03 0.997174
   120   0       1547       2549  7.000   8.000  54.0 90.000     1543     2546     1552     2554      9      8      1543      2546      1551      2546      1551      2553      1543      2553      1518      2521      1577      2579 PARcau 1.761149e-01 7.956511e-01 0.028234
   121   1       1928       1352  5.590  23.901  98.5 15.945     1916     1348     1940     1358     24     10      1916      1345      1939      1352      1938      1357      1915      1351      1891      1323      1965      1383 PARcau 1.700478e-03 2.543435e-03 0.995756
   121   0       1544       2550  7.778   7.778  47.0 45.000     1540     2547     1549     2556      9      9      1544      2545      1550      2551      1544      2556      1539      2551      1515      2522      1574      2581 PARcau 4.731960e-01 3.489220e-01 0.177882
   122   0       1545       2554  7.000   9.000  46.0 90.000     1541     2551     1551     2559     10      8      1541      2551      1550      2551      1550      2558      1541      2558      1516      2526      1576      2584 PARcau 4.378929e-01 5.146863e-01 0.047421
   122   1       1923       1351  5.590  24.418  93.5 11.310     1911     1348     1936     1356     25      8      1911      1346      1935      1350      1934      1356      1910      1351      1886      1323      1961      1381 PARcau 8.815503e-02 1.501259e-02 0.896832
   123   1       1919       1350  6.083  22.361  94.0  9.462     1908     1347     1931     1355     23      8      1908      1345      1930      1349      1929      1355      1907      1351      1883      1322      1956      1380 PARcau 6.655472e-03 3.417837e-02 0.959166
   123   0       1551       2555  7.000  10.000  58.5 90.000     1546     2552     1557     2560     11      8      1546      2552      1556      2552      1556      2559      1546      2559      1521      2527      1582      2585 PARcau 7.730059e-01 1.221626e-01 0.104832
   124   1       1914       1349  5.590  21.148  87.5  6.340     1904     1347     1926     1354     22      7      1904      1346      1925      1348      1924      1354      1903      1351      1879      1322      1951      1379 PARcau 1.469042e-01 6.642649e-02 0.786669
   124   0       1557       2553  7.778  10.607  66.0 45.000     1552     2549     1564     2559     12     10      1551      2554      1559      2547      1564      2552      1557      2560      1527      2524      1589      2584 PARcau 8.894259e-01 2.674809e-02 0.083826
   125   1       1910       1349  6.083  21.095  90.0  5.711     1900     1346     1922     1354     22      8      1900      1345      1921      1347      1920      1353      1899      1351      1875      1321      1947      1379 PARcau 2.154996e-02 2.903686e-02 0.949413
   125   0       1562       2548  8.000   9.000  61.5 90.000     1558     2544     1567     2554      9     10      1558      2544      1566      2544      1566      2553      1558      2553      1533      2519      1592      2579 PARcau 5.083603e-01 3.429256e-01 0.148714
   126   1       1906       1349  5.590  21.054  86.0  4.086     1896     1346     1918     1353     22      7      1896      1345      1917      1347      1916      1352      1895      1351      1871      1321      1943      1378 PARcau 7.325741e-04 2.387437e-03 0.996880
   126   0       1562       2543  8.944   9.849  62.0 26.565     1558     2538     1568     2549     10     11      1560      2536      1568      2540      1564      2549      1556      2545      1533      2513      1593      2574 PARcau 7.302704e-01 2.371585e-01 0.032571
   127   1       1902       1348  6.000  21.000  89.5 90.000     1892     1346     1914     1353     22      7      1892      1346      1913      1346      1913      1352      1892      1352      1867      1321      1939      1378 PARcau 8.325153e-03 8.153455e-02 0.910140
   127   0       1560       2540  8.485   9.220  59.5 45.000     1556     2536     1566     2546     10     10      1554      2540      1561      2534      1567      2540      1560      2546      1531      2511      1591      2571 PARcau 5.101976e-02 9.220261e-01 0.026954
   128   0       1560       2542  8.000   9.000  57.5 90.000     1556     2538     1565     2548      9     10      1556      2538      1564      2538      1564      2547      1556      2547      1531      2513      1590      2573 PARcau 3.403714e-01 5.725154e-01 0.087113
   128   1       1899       1348  6.576  20.056  90.5  4.399     1889     1345     1910     1353     21      8      1889      1344      1909      1346      1908      1352      1888      1351      1864      1320      1935      1378 PARcau 9.031494e-04 1.449253e-03 0.997648
   129   1       1895       1347  6.000  19.000  82.5 90.000     1886     1345     1906     1352     20      7      1886      1345      1905      1345      1905      1351      1886      1351      1861      1320      1931      1377 PARcau 4.414150e-02 1.459415e-01 0.809917
   129   0       1563       2546  7.810   9.899  59.5 45.000     1559     2542     1569     2553     10     11      1562      2540      1569      2547      1564      2553      1557      2546      1534      2517      1594      2578 PARcau 3.917287e-01 5.012851e-01 0.106986
   130   1       1892       1347  6.576  18.062  86.0  5.194     1883     1344     1902     1352     19      8      1883      1343      1901      1345      1900      1351      1882      1350      1858      1319      1927      1377 PARcau 8.589579e-02 1.936195e-02 0.894742
   130   0       1569       2551  7.616  11.180  68.0 26.565     1564     2547     1576     2557     12     10      1566      2545      1576      2550      1573      2557      1563      2552      1539      2522      1601      2582 PARcau 3.926190e-01 3.808394e-01 0.226542
   131   1       1889       1346  6.083  17.263  82.0 10.305     1881     1343     1899     1352     18      9      1881      1342      1898      1345      1897      1351      1880      1348      1856      1318      1924      1377 PARcau 4.554238e-02 4.556802e-02 0.908890
   131   0       1576       2553  8.000  11.000  70.5 90.000     1571     2549     1583     2558     12      9      1571      2549      1582      2549      1582      2557      1571      2557      1546      2524      1608      2583 PARcau 8.178355e-01 9.989986e-03 0.172175
   132   1       1886       1345  7.159  16.978  83.0 14.036     1878     1342     1895     1351     17      9      1878      1340      1894      1344      1893      1351      1876      1347      1853      1317      1920      1376 PARcau 1.746009e-01 7.389683e-01 0.086431
   132   0       1584       2550  7.778  10.607  66.0 45.000     1579     2546     1590     2556     11     10      1577      2551      1585      2544      1590      2549      1583      2557      1554      2521      1615      2581 PARcau 6.598797e-01 2.436978e-02 0.315750
   133   1       1883       1344  7.159  15.788  81.5 11.310     1876     1341     1892     1350     16      9      1876      1340      1891      1343      1890      1350      1874      1347      1851      1316      1917      1375 PARcau 1.829877e-02 6.077387e-02 0.920927
   133   0       1589       2544  8.944  11.180  68.0 63.435     1585     2539     1595     2551     10     12      1582      2543      1592      2538      1596      2546      1586      2551      1560      2514      1620      2576 PARcau 6.850819e-01 1.931702e-01 0.121748
   134   1       1881       1343  7.382  16.325  81.0 26.565     1874     1339     1890     1349     16     10      1875      1336      1890      1344      1886      1350      1872      1343      1849      1314      1915      1374 PARcau 2.411047e-02 2.401379e-01 0.735752
   134   0       1591       2537  7.000  11.000  65.0 90.000     1588     2532     1596     2544      8     12      1588      2532      1595      2532      1595      2543      1588      2543      1563      2507      1621      2569 PARcau 9.873003e-01 1.387558e-03 0.011312
   135   1       1879       1342  7.616  15.652  80.0 26.565     1872     1337     1887     1348     15     11      1873      1335      1887      1342      1884      1349      1870      1342      1847      1312      1912      1373 PARcau 5.425597e-02 2.407228e-02 0.921672
   135   0       1591       2532  8.485   9.220  59.5 45.000     1587     2527     1596     2538      9     11      1591      2525      1597      2531      1591      2538      1585      2532      1562      2502      1621      2563 PARcau 8.660695e-01 8.333270e-02 0.050598
   136   1       1877       1340  7.500  16.008  84.0 38.660     1870     1335     1885     1347     15     12      1872      1332      1885      1342      1880      1348      1868      1338      1845      1310      1910      1372 PARcau 1.333728e-02 1.480293e-01 0.838633
   136   0       1592       2529  8.000   9.000  60.0 90.000     1588     2525     1597     2535      9     10      1588      2525      1596      2525      1596      2534      1588      2534      1563      2500      1622      2560 PARcau 6.732937e-01 3.043401e-01 0.022366
   137   0       1595       2529  8.485   8.485  61.5 45.000     1590     2526     1601     2535     11      9      1595      2523      1601      2529      1595      2535      1589      2529      1565      2501      1626      2560 PARcau 3.702843e-01 4.214405e-01 0.208275
   137   1       1874       1338  8.201  16.101  86.0 35.538     1868     1332     1882     1345     14     13      1870      1330      1883      1339      1878      1346      1865      1336      1843      1307      1907      1370 PARcau 1.831386e-02 8.096668e-01 0.172019
   138   1       1872       1335  7.071  15.556  85.0 45.000     1867     1329     1880     1344     13     15      1869      1328      1880      1339      1875      1344      1864      1333      1842      1304      1905      1369 PARcau 5.015538e-02 2.298218e-01 0.720023
   138   0       1601       2529  7.000  10.000  55.0 90.000     1596     2526     1607     2534     11      8      1596      2526      1606      2526      1606      2533      1596      2533      1571      2501      1632      2559 PARcau 5.098913e-02 7.923506e-01 0.156660