 Frame  ID  CentroidX  CentroidY  Width  Length  Area  Angle  Box_TLX  Box_TLY  Box_BRX  Box_BRY  Box_W  Box_H  rBox_TLX  rBox_TLY  rBox_TRX  rBox_TRY  rBox_BRX  rBox_BRY  rBox_BLX  rBox_BLY  lBox_TLX  lBox_TLY  lBox_BRX  lBox_BRY  Label   DIDnas   NONpro   PARcau
    21   0       4012       2489  7.000   9.000  45.5 90.000     4008     2486     4018     2494     10      8      4008      2486      4017      2486      4017      2493      4008      2493      3983      2461      4043      2519 PARcau 0.878420 0.060231 0.061348
    21   1       3802        522 12.000  14.000 143.0 90.000     3797      516     3810      531     13     15      3797       516      3809       516      3809       530      3797       530      3772       491      3835       556 PARcau 0.737461 0.225492 0.037047
    22   1       3802        518 12.000  15.000 140.5 90.000     3797      511     3810      527     13     16      3797       511      3809       511      3809       526      3797       526      3772       486      3835       552 PARcau 0.408081 0.460271 0.131648
    22   0       4016       2488  8.000   8.000  49.0 90.000     4013     2484     4022     2493      9      9      4013      2484      4021      2484      4021      2492      4013      2492      3988      2459      4047      2518 PARcau 0.968414 0.004186 0.027400
    23   0       4020       2487  7.000   8.000  46.0 90.000     4017     2484     4026     2492      9      8      4017      2484      4025      2484      4025      2491      4017      2491      3992      2459      4051      2517 PARcau 0.327585 0.386361 0.286054
    23   1       3803        514 12.000  14.000 140.0 90.000     3798      507     3811      522     13     15      3798       507      3810       507      3810       521      3798       521      3773       482      3836       547 PARcau 0.113300 0.558319 0.328380
    24   0       4024       2486  7.000   8.000  44.5 90.000     4020     2483     4029     2491      9      8      4020      2483      4028      2483      4028      2490      4020      2490      3995      2458      4054      2516 PARcau 0.502103 0.392876 0.105021
    24   1       3805        509 13.000  15.000 148.5 90.000     3799      502     3813      518     14     16      3799       502      3812       502      3812       517      3799       517      3774       477      3838       543 PARcau 0.424431 0.425747 0.149822
    25   0       4027       2486  7.778   7.778  46.0 45.000     4024     2482     4033     2491      9      9      4027      2480      4033      2486      4027      2491      4022      2486      3999      2457      4058      2516 PARcau 0.054715 0.840941 0.104344
    25   1       3808        504 12.000  15.000 146.5 90.000     3802      497     3815      513     13     16      3802       497      3814       497      3814       512      3802       512      3777       472      3840       538 PARcau 0.059292 0.601698 0.339010
    26   0       4029       2486  7.000   7.000  43.0 90.000     4026     2483     4034     2491      8      8      4026      2483      4033      2483      4033      2490      4026      2490      4001      2458      4059      2516 PARcau 0.143550 0.846363 0.010087
    26   1       3810        499 11.314  15.556 138.0 45.000     3804      493     3818      508     14     15      3801       501      3812       490      3820       498      3809       509      3779       468      3843       533 PARcau 0.236551 0.465946 0.297503
    27   0       4029       2487  7.000   8.000  43.0 90.000     4026     2484     4035     2492      9      8      4026      2484      4034      2484      4034      2491      4026      2491      4001      2459      4060      2517 PARcau 0.304573 0.653377 0.042051
    27   1       3812        496 12.000  15.000 137.0 90.000     3806      489     3819      505     13     16      3806       489      3818       489      3818       504      3806       504      3781       464      3844       530 PARcau 0.258963 0.277569 0.463468
    28   0       4028       2489  7.000   8.000  40.0 90.000     4025     2486     4033     2495      8      9      4025      2486      4032      2486      4032      2494      4025      2494      4000      2461      4058      2520 PARcau 0.109688 0.724616 0.165695
    28   1       3812        492 12.728  14.866 141.5 45.000     3806      485     3819      502     13     17      3802       493      3813       483      3822       492      3811       502      3781       460      3844       527 PARcau 0.648695 0.092402 0.258904
    29   1       3810        489 12.000  15.000 145.0 90.000     3804      482     3817      498     13     16      3804       482      3816       482      3816       497      3804       497      3779       457      3842       523 PARcau 0.392541 0.015546 0.591913
    29   0       4026       2493  7.000   8.000  42.5 90.000     4023     2489     4031     2498      8      9      4023      2489      4030      2489      4030      2497      4023      2497      3998      2464      4056      2523 PARcau 0.801479 0.093349 0.105173
    29   2        542       2584  5.000   8.000  26.5 90.000      540     2581      546     2590      6      9       540      2581       545      2581       545      2589       540      2589       515      2556       571      2615 PARcau 0.001477 0.000521 0.998002
    30   2        542       2585  5.000   9.000  25.0 90.000      540     2581      546     2591      6     10       540      2581       545      2581       545      2590       540      2590       515      2556       571      2616 PARcau 0.004607 0.000150 0.995244
    30   0       4024       2496  7.000   7.000  39.5 90.000     4021     2493     4029     2501      8      8      4021      2493      4028      2493      4028      2500      4021      2500      3996      2468      4054      2526 PARcau 0.082579 0.895252 0.022169
    30   1       3806        485 12.728  14.866 145.5 45.000     3799      479     3814      494     15     15      3806       475      3816       486      3807       495      3797       484      3774       454      3839       519 PARcau 0.610479 0.002522 0.386998
    31   2        541       2585  5.000   9.000  28.5 90.000      539     2581      545     2591      6     10       539      2581       544      2581       544      2590       539      2590       514      2556       570      2616 PARcau 0.001915 0.000153 0.997932
    31   0       4021       2499  7.071   8.485  47.0 45.000     4018     2496     4027     2505      9      9      4016      2500      4022      2494      4027      2499      4021      2505      3993      2471      4052      2530 PARcau 0.910340 0.074938 0.014721
    31   1       3801        482 13.000  15.000 150.0 90.000     3794      476     3810      490     16     14      3794       476      3809       476      3809       489      3794       489      3769       451      3835       515 PARcau 0.915086 0.029378 0.055536
    32   2        540       2585  4.000   9.000  24.5 90.000      539     2581      544     2591      5     10       539      2581       543      2581       543      2590       539      2590       514      2556       569      2616 PARcau 0.000453 0.000114 0.999432
    32   0       4020       2503  7.071   8.485  46.0 45.000     4017     2499     4025     2509      8     10      4015      2504      4021      2498      4026      2503      4020      2509      3992      2474      4050      2534 PARcau 0.531533 0.431707 0.036760
    32   1       3796        481 13.000  15.000 152.5 90.000     3789      475     3805      489     16     14      3789       475      3804       475      3804       488      3789       488      3764       450      3830       514 PARcau 0.418352 0.138821 0.442827
    33   2        540       2585  4.610   8.139  25.0  8.130      538     2582      544     2591      6      9       538      2581       543      2582       541      2590       537      2589       513      2557       569      2616 PARcau 0.000318 0.000492 0.999190
    33   0       4020       2506  7.778   7.778  46.0 45.000     4017     2502     4025     2512      8     10      4020      2501      4025      2506      4020      2512      4014      2506      3992      2477      4050      2537 PARcau 0.179257 0.800062 0.020681
    33   1       3791        480 13.000  14.000 143.5 90.000     3785      474     3800      488     15     14      3785       474      3799       474      3799       487      3785       487      3760       449      3825       513 PARcau 0.219997 0.122182 0.657821
    34   2        540       2585  5.099   8.246  24.5 11.310      538     2582      544     2591      6      9       538      2581       543      2582       541      2590       536      2589       513      2557       569      2616 PARcau 0.000066 0.000035 0.999899
    34   0       4020       2509  7.778   7.778  46.0 45.000     4017     2505     4025     2515      8     10      4021      2504      4026      2509      4021      2515      4015      2509      3992      2480      4050      2540 PARcau 0.914985 0.068394 0.016620
    34   1       3787        479 13.000  13.000 127.5  0.000     3781      473     3795      487     14     14      3781       473      3794       473      3794       486      3781       486      3756       448      3820       512 PARcau 0.415602 0.047221 0.537177
    35   2        539       2585  5.000   8.000  28.5 90.000      537     2582      543     2591      6      9       537      2582       542      2582       542      2590       537      2590       512      2557       568      2616 PARcau 0.000009 0.000010 0.999981
    35   1       3785        479 12.000  13.000 126.0 90.000     3779      474     3793      487     14     13      3779       474      3792       474      3792       486      3779       486      3754       449      3818       512 PARcau 0.149381 0.078477 0.772142
    35   0       4022       2511  8.000   8.000  51.0 90.000     4019     2508     4028     2517      9      9      4019      2508      4027      2508      4027      2516      4019      2516      3994      2483      4053      2542 PARcau 0.994893 0.002469 0.002638
    36   2        539       2586  5.000   8.000  28.5 90.000      537     2582      543     2591      6      9       537      2582       542      2582       542      2590       537      2590       512      2557       568      2616 PARcau 0.000256 0.000025 0.999719
    36   1       3785        479 11.000  13.000 112.0 90.000     3780      473     3792      487     12     14      3780       473      3791       473      3791       486      3780       486      3755       448      3817       512 PARcau 0.353945 0.176841 0.469214
    36   0       4026       2513  7.000   8.000  48.0 90.000     4022     2510     4031     2518      9      8      4022      2510      4030      2510      4030      2517      4022      2517      3997      2485      4056      2543 PARcau 0.940899 0.026401 0.032699
    37   2        539       2586  6.000   9.000  30.5 90.000      536     2583      543     2593      7     10       536      2583       542      2583       542      2592       536      2592       511      2558       568      2618 PARcau 0.000100 0.000059 0.999841
    37   1       3785        478 12.000  13.000 117.0 90.000     3780      472     3793      486     13     14      3780       472      3792       472      3792       485      3780       485      3755       447      3818       511 PARcau 0.120119 0.462509 0.417371
    37   0       4030       2514  7.000   8.000  46.5 90.000     4026     2511     4035     2519      9      8      4026      2511      4034      2511      4034      2518      4026      2518      4001      2486      4060      2544 PARcau 0.381065 0.404549 0.214386
    38   2        538       2586  6.083   9.220  26.0  8.130      536     2583      543     2593      7     10       536      2582       542      2583       540      2592       534      2591       511      2558       568      2618 PARcau 0.000011 0.000127 0.999863
    38   1       3786        477 11.000  14.000 121.0 90.000     3781      470     3793      485     12     15      3781       470      3792       470      3792       484      3781       484      3756       445      3818       510 PARcau 0.642006 0.049008 0.308986
    38   0       4033       2515  6.000   8.000  43.0 90.000     4030     2512     4039     2519      9      7      4030      2512      4038      2512      4038      2518      4030      2518      4005      2487      4064      2544 PARcau 0.372354 0.415105 0.212541
    39   2        538       2586  4.610   9.124  22.5 82.875      536     2583      542     2593      6     10       535      2583       539      2582       541      2591       536      2592       511      2558       567      2618 PARcau 0.000087 0.000428 0.999485
    39   1       3787        473 11.000  14.000 126.0 90.000     3782      466     3794      481     12     15      3782       466      3793       466      3793       480      3782       480      3757       441      3819       506 PARcau 0.156453 0.112713 0.730834
    39   0       4038       2515  6.000   8.000  43.0 90.000     4034     2512     4043     2519      9      7      4034      2512      4042      2512      4042      2518      4034      2518      4009      2487      4068      2544 PARcau 0.290489 0.368786 0.340726
    40   2        538       2586  4.743   8.860  22.0 71.565      535     2583      541     2593      6     10       535      2584       539      2582       542      2591       537      2592       510      2558       566      2618 PARcau 0.001723 0.000371 0.997906
    40   0       4041       2515  7.000   7.000  40.5  0.000     4038     2512     4046     2520      8      8      4038      2512      4045      2512      4045      2519      4038      2519      4013      2487      4071      2545 PARcau 0.350422 0.582220 0.067358
    40   1       3788        468 11.000  14.000 125.5 90.000     3783      462     3795      477     12     15      3783       462      3794       462      3794       476      3783       476      3758       437      3820       502 PARcau 0.494781 0.005703 0.499516
    41   2        538       2586  4.123   9.487  22.0 71.565      535     2583      541     2593      6     10       534      2583       538      2582       541      2591       537      2592       510      2558       566      2618 PARcau 0.000143 0.000587 0.999270
    41   0       4043       2516  7.000   7.000  43.0 90.000     4040     2513     4048     2521      8      8      4040      2513      4047      2513      4047      2520      4040      2520      4015      2488      4073      2546 PARcau 0.136972 0.729243 0.133785
    41   1       3788        464 11.000  15.000 125.5 90.000     3782      456     3794      472     12     16      3782       456      3793       456      3793       471      3782       471      3757       431      3819       497 PARcau 0.008689 0.675855 0.315456
    42   0       4045       2518  7.000   7.000  39.5 90.000     4042     2515     4050     2523      8      8      4042      2515      4049      2515      4049      2522      4042      2522      4017      2490      4075      2548 PARcau 0.153889 0.744274 0.101837
    42   2        537       2586  4.717  13.463  23.5 59.036      534     2583      541     2596      7     13       537      2581       544      2592       540      2595       533      2583       509      2558       566      2621 PARcau 0.000086 0.000121 0.999793
    42   1       3787        459 10.000  14.000  96.5 90.000     3782      452     3793      467     11     15      3782       452      3792       452      3792       466      3782       466      3757       427      3818       492 PARcau 0.011126 0.083284 0.905590
    43   2        537       2586  3.606  13.038  16.0 59.036      534     2583      541     2596      7     13       536      2581       543      2592       540      2594       533      2583       509      2558       566      2621 PARcau 0.000320 0.001646 0.998033
    43   0       4045       2520  7.000   7.000  41.5 90.000     4042     2517     4050     2525      8      8      4042      2517      4049      2517      4049      2524      4042      2524      4017      2492      4075      2550 PARcau 0.380833 0.524402 0.094766
    43   1       3783        453  7.810  14.422  73.5 33.690     3777      449     3791      461     14     12      3780       446      3792       454      3787       460      3775       452      3752       424      3816       486 PARcau 0.701248 0.120516 0.178235
    44   0       4044       2523  7.000   8.000  42.0 90.000     4041     2520     4049     2529      8      9      4041      2520      4048      2520      4048      2528      4041      2528      4016      2495      4074      2554 PARcau 0.726531 0.229927 0.043542
    44   1       3776        452 12.000  13.000 111.0 90.000     3771      447     3785      460     14     13      3771       447      3784       447      3784       459      3771       459      3746       422      3810       485 PARcau 0.080457 0.382386 0.537157
    45   2        536       2587  4.272  12.176  17.5 71.565      534     2584      541     2596      7     12       537      2582       541      2594       537      2595       533      2584       509      2559       566      2621 PARcau 0.000481 0.007686 0.991833
    45   0       4042       2526  7.000   8.000  43.0 90.000     4039     2523     4047     2532      8      9      4039      2523      4046      2523      4046      2531      4039      2531      4014      2498      4072      2557 PARcau 0.061016 0.912643 0.026340
    45   1       3772        452 12.000  15.000 142.0 90.000     3765      447     3781      460     16     13      3765       447      3780       447      3780       459      3765       459      3740       422      3806       485 PARcau 0.191745 0.447048 0.361207
    46   0       4040       2530  7.000   8.000  41.5  0.000     4037     2526     4045     2535      8      9      4037      2526      4044      2526      4044      2534      4037      2534      4012      2501      4070      2560 PARcau 0.314130 0.384702 0.301168
    46   1       3766        454 13.000  14.000 144.5 90.000     3760      448     3775      462     15     14      3760       448      3774       448      3774       461      3760       461      3735       423      3800       487 PARcau 0.663747 0.303784 0.032469
    47   0       4038       2533  7.000   8.000  45.5 90.000     4035     2530     4043     2539      8      9      4035      2530      4042      2530      4042      2538      4035      2538      4010      2505      4068      2564 PARcau 0.456783 0.421695 0.121522
    47   1       3762        458 12.021  16.263 149.0 45.000     3755      451     3770      466     15     15      3752       459      3764       448      3772       456      3761       468      3730       426      3795       491 PARcau 0.281065 0.590332 0.128603
    48   0       4037       2537  7.000   8.000  47.5 90.000     4034     2533     4042     2542      8      9      4034      2533      4041      2533      4041      2541      4034      2541      4009      2508      4067      2567 PARcau 0.472133 0.520942 0.006925
    48   1       3758        462 13.000  14.000 140.0 90.000     3752      456     3766      471     14     15      3752       456      3765       456      3765       470      3752       470      3727       431      3791       496 PARcau 0.465062 0.419961 0.114977
    49   0       4035       2539  6.000   7.000  36.0 90.000     4033     2536     4040     2544      7      8      4033      2536      4039      2536      4039      2543      4033      2543      4008      2511      4065      2569 PARcau 0.374062 0.340373 0.285565
    49   1       3757        468 11.000  15.000 139.5 90.000     3752      461     3764      477     12     16      3752       461      3763       461      3763       476      3752       476      3727       436      3789       502 PARcau 0.435171 0.191094 0.373735
    50   0       4035       2540  7.000   7.000  39.0 90.000     4032     2537     4040     2545      8      8      4032      2537      4039      2537      4039      2544      4032      2544      4007      2512      4065      2570 PARcau 0.335427 0.615005 0.049568
    50   1       3758        473 12.000  15.000 140.0 90.000     3753      466     3766      482     13     16      3753       466      3765       466      3765       481      3753       481      3728       441      3791       507 PARcau 0.677738 0.096583 0.225678
    51   0       4036       2541  6.000   6.000  31.5 90.000     4033     2538     4040     2545      7      7      4033      2538      4039      2538      4039      2544      4033      2544      4008      2513      4065      2570 PARcau 0.316786 0.627184 0.056030
    51   1       3761        478 13.000  14.000 144.5 90.000     3755      471     3769      486     14     15      3755       471      3768       471      3768       485      3755       485      3730       446      3794       511 PARcau 0.819449 0.118640 0.061911
    52   0       4038       2540  7.000   7.000  36.5 90.000     4035     2537     4043     2545      8      8      4035      2537      4042      2537      4042      2544      4035      2544      4010      2512      4068      2570 PARcau 0.059880 0.904931 0.035189
    52   1       3765        481 13.000  13.000 143.0 90.000     3759      475     3773      489     14     14      3759       475      3772       475      3772       488      3759       488      3734       450      3798       514 PARcau 0.689626 0.099384 0.210990
    53   0       4041       2539  6.000   7.000  39.5 90.000     4038     2536     4046     2543      8      7      4038      2536      4045      2536      4045      2542      4038      2542      4013      2511      4071      2568 PARcau 0.172745 0.741736 0.085519
    53   1       3770        482 13.000  13.000 143.0 90.000     3764      476     3778      490     14     14      3764       476      3777       476      3777       489      3764       489      3739       451      3803       515 PARcau 0.770617 0.129388 0.099996
    54   0       4046       2537  6.364   7.778  41.0 45.000     4042     2534     4051     2542      9      8      4041      2538      4046      2532      4051      2537      4045      2542      4017      2509      4076      2567 PARcau 0.125776 0.530440 0.343784
    54   1       3775        481 13.000  13.000 129.0 90.000     3769      475     3783      489     14     14      3769       475      3782       475      3782       488      3769       488      3744       450      3808       514 PARcau 0.128520 0.243137 0.628343
    55   0       4049       2536  7.000   8.000  45.0 90.000     4046     2533     4055     2541      9      8      4046      2533      4054      2533      4054      2540      4046      2540      4021      2508      4080      2566 PARcau 0.058707 0.537194 0.404099
    55   1       3779        479 11.314  14.866 129.5 45.000     3773      473     3788      486     15     13      3770       480      3781       470      3789       478      3778       488      3748       448      3813       511 PARcau 0.033201 0.193328 0.773471
    56   0       4054       2535  7.071   8.485  45.0 45.000     4050     2532     4060     2540     10      8      4049      2536      4055      2530      4060      2535      4054      2541      4025      2507      4085      2565 PARcau 0.314373 0.571581 0.114046
    56   1       3782        475 12.000  14.000 125.0 90.000     3776      469     3789      484     13     15      3776       469      3788       469      3788       483      3776       483      3751       444      3814       509 PARcau 0.152808 0.187676 0.659517
    57   0       4057       2535  7.632   7.826  44.0 26.565     4054     2532     4063     2541      9      9      4056      2530      4063      2534      4059      2540      4052      2537      4029      2507      4088      2566 PARcau 0.173489 0.785147 0.041364
    57   1       3782        471 11.000  15.000 126.5  0.000     3777      463     3789      479     12     16      3777       463      3788       463      3788       478      3777       478      3752       438      3814       504 PARcau 0.045908 0.790597 0.163495
    58   0       4060       2536  7.000   7.000  40.0 90.000     4057     2533     4065     2541      8      8      4057      2533      4064      2533      4064      2540      4057      2540      4032      2508      4090      2566 PARcau 0.978830 0.001803 0.019368
    58   1       3780        466 12.000  13.000 122.0 90.000     3775      460     3788      474     13     14      3775       460      3787       460      3787       473      3775       473      3750       435      3813       499 PARcau 0.011530 0.774081 0.214390
    59   0       4061       2538  7.000   8.000  48.5 90.000     4058     2535     4066     2544      8      9      4058      2535      4065      2535      4065      2543      4058      2543      4033      2510      4091      2569 PARcau 0.128710 0.743341 0.127948
    59   1       3776        463 12.728  12.728 128.5 45.000     3771      457     3785      471     14     14      3776       454      3785       463      3776       472      3767       463      3746       432      3810       496 PARcau 0.033144 0.924794 0.042061
    60   0       4061       2542  7.000   8.000  46.0 90.000     4058     2538     4066     2547      8      9      4058      2538      4065      2538      4065      2546      4058      2546      4033      2513      4091      2572 PARcau 0.599027 0.358282 0.042691
    60   1       3771        461 12.000  15.000 136.5 90.000     3764      455     3780      468     16     13      3764       455      3779       455      3779       467      3764       467      3739       430      3805       493 PARcau 0.036024 0.948934 0.015042
    61   0       4060       2545  6.000   8.000  39.5 90.000     4057     2542     4064     2551      7      9      4057      2542      4063      2542      4063      2550      4057      2550      4032      2517      4089      2576 PARcau 0.682234 0.232152 0.085614
    61   1       3765        461 12.000  14.000 135.5 90.000     3759      456     3774      469     15     13      3759       456      3773       456      3773       468      3759       468      3734       431      3799       494 PARcau 0.181157 0.659239 0.159603
    62   0       4058       2549  7.000   9.000  49.5 90.000     4055     2545     4063     2555      8     10      4055      2545      4062      2545      4062      2554      4055      2554      4030      2520      4088      2580 PARcau 0.708081 0.252892 0.039027
    62   1       3760        463 13.000  14.000 139.5 90.000     3753      457     3768      471     15     14      3753       457      3767       457      3767       470      3753       470      3728       432      3793       496 PARcau 0.675011 0.188606 0.136383
    63   0       4056       2553  7.000   8.000  44.0 90.000     4053     2550     4061     2559      8      9      4053      2550      4060      2550      4060      2558      4053      2558      4028      2525      4086      2584 PARcau 0.161271 0.775941 0.062787
    63   1       3756        467 11.236  15.532 139.0 33.690     3749      460     3764      475     15     15      3755       457      3765       463      3756       476      3747       470      3724       435      3789       500 PARcau 0.229461 0.228404 0.542135
    64   0       4055       2557  7.000   8.000  45.0 90.000     4052     2553     4060     2562      8      9      4052      2553      4059      2553      4059      2561      4052      2561      4027      2528      4085      2587 PARcau 0.330201 0.558909 0.110890
    64   1       3753        471 11.630  15.882 137.5 26.565     3747      464     3761      480     14     16      3752       462      3762       467      3755       481      3744       476      3722       439      3786       505 PARcau 0.468580 0.070060 0.461360
    65   0       4055       2560  7.000   8.000  46.0 90.000     4052     2556     4060     2565      8      9      4052      2556      4059      2556      4059      2564      4052      2564      4027      2531      4085      2590 PARcau 0.634150 0.152750 0.213100
    65   1       3752        477 11.000  14.000 131.5 90.000     3747      470     3759      485     12     15      3747       470      3758       470      3758       484      3747       484      3722       445      3784       510 PARcau 0.473075 0.003596 0.523329
    66   0       4056       2562  7.071   7.071  44.5 45.000     4053     2558     4061     2567      8      9      4056      2557      4061      2562      4056      2567      4051      2562      4028      2533      4086      2592 PARcau 0.501678 0.371417 0.126905
    66   1       3752        481 12.000  14.000 131.5 90.000     3747      474     3760      489     13     15      3747       474      3759       474      3759       488      3747       488      3722       449      3785       514 PARcau 0.806265 0.032382 0.161352
    67   0       4058       2564  7.000   8.000  41.0 90.000     4054     2561     4063     2569      9      8      4054      2561      4062      2561      4062      2568      4054      2568      4029      2536      4088      2594 PARcau 0.557438 0.311107 0.131454
    67   1       3754        483 11.000  13.000 118.5 90.000     3749      477     3761      491     12     14      3749       477      3760       477      3760       490      3749       490      3724       452      3786       516 PARcau 0.849903 0.071808 0.078289
    68   1       3755        483 11.511  12.903 115.5 33.690     3750      477     3763      491     13     14      3754       475      3763       481      3756       492      3746       485      3725       452      3788       516 PARcau 0.634313 0.215088 0.150600
    68   0       4060       2566  8.000   8.000  50.5 90.000     4057     2562     4066     2571      9      9      4057      2562      4065      2562      4065      2570      4057      2570      4032      2537      4091      2596 PARcau 0.818643 0.155837 0.025520
    69   1       3757        481 11.314  13.454 109.0 45.000     3751      475     3764      489     13     14      3748       482      3758       473      3766       481      3756       490      3726       450      3789       514 PARcau 0.970165 0.007357 0.022478
    69   0       4063       2568  8.062   8.944  50.0 63.435     4060     2564     4069     2574      9     10      4058      2566      4065      2562      4069      2570      4062      2574      4035      2539      4094      2599 PARcau 0.337952 0.607751 0.054297
    70   1       3758        478 11.000  14.000 117.5 90.000     3753      471     3765      486     12     15      3753       471      3764       471      3764       485      3753       485      3728       446      3790       511 PARcau 0.792012 0.063456 0.144531
    70   0       4066       2570  7.071   8.485  44.5 45.000     4063     2567     4071     2576      8      9      4066      2565      4072      2571      4067      2576      4061      2570      4038      2542      4096      2601 PARcau 0.164755 0.477949 0.357296
    71   0       4069       2573  7.000   7.000  41.5 90.000     4066     2570     4074     2578      8      8      4066      2570      4073      2570      4073      2577      4066      2577      4041      2545      4099      2603 PARcau 0.639958 0.301499 0.058543
    71   1       3757        473 11.281  13.829 121.5 75.964     3752      466     3764      482     12     16      3750       467      3761       465      3764       478      3753       481      3727       441      3789       507 PARcau 0.824204 0.042546 0.133250
    72   0       4070       2575  7.000   7.000  40.0 90.000     4067     2572     4075     2580      8      8      4067      2572      4074      2572      4074      2579      4067      2579      4042      2547      4100      2605 PARcau 0.317456 0.672514 0.010031
    72   1       3754        467 12.166  13.153 124.5 80.538     3749      461     3762      476     13     15      3747       462      3759       460      3761       473      3749       475      3724       436      3787       501 PARcau 0.757089 0.090490 0.152421
    73   0       4070       2577  8.000   8.000  47.5 90.000     4067     2573     4076     2582      9      9      4067      2573      4075      2573      4075      2581      4067      2581      4042      2548      4101      2607 PARcau 0.468712 0.497333 0.033955
    73   1       3750        463 14.000  14.000 149.5 90.000     3744      457     3759      472     15     15      3744       457      3758       457      3758       471      3744       471      3719       432      3784       497 PARcau 0.755035 0.004079 0.240885
    74   0       4069       2577  7.000   8.000  40.0 90.000     4066     2574     4074     2583      8      9      4066      2574      4073      2574      4073      2582      4066      2582      4041      2549      4099      2608 PARcau 0.452322 0.474418 0.073261
    74   1       3745        460 13.000  14.000 148.5 90.000     3739      454     3754      468     15     14      3739       454      3753       454      3753       467      3739       467      3714       429      3779       493 PARcau 0.429924 0.247509 0.322568
    75   0       4066       2578  6.801   8.382  40.0 71.565     4063     2575     4072     2583      9      8      4061      2576      4069      2573      4071      2580      4063      2582      4038      2550      4097      2608 PARcau 0.669506 0.147322 0.183172
    75   1       3741        458 13.000  15.000 155.0 90.000     3734      452     3750      466     16     14      3734       452      3749       452      3749       465      3734       465      3709       427      3775       491 PARcau 0.999010 0.000030 0.000960
    76   0       4062       2578  6.708   8.062  39.0 63.435     4058     2575     4068     2583     10      8      4057      2577      4064      2573      4067      2579      4060      2583      4033      2550      4093      2608 PARcau 0.105985 0.853957 0.040057
    76   1       3735        458 13.000  15.000 150.5 90.000     3729      452     3745      466     16     14      3729       452      3744       452      3744       465      3729       465      3704       427      3770       491 PARcau 0.720368 0.160926 0.118706
    77   1       3731        459 12.728  14.866 144.5 45.000     3724      453     3740      467     16     14      3721       460      3732       450      3741       459      3730       469      3699       428      3765       492 PARcau 0.230410 0.707253 0.062337
    77   0       4057       2579  7.000   8.000  45.0 90.000     4054     2576     4063     2584      9      8      4054      2576      4062      2576      4062      2583      4054      2583      4029      2551      4088      2609 PARcau 0.056527 0.887068 0.056404
    78   1       3728        462 12.728  15.556 141.5 45.000     3721      455     3736      470     15     15      3718       463      3729       452      3738       461      3727       472      3696       430      3761       495 PARcau 0.604120 0.267214 0.128667
    78   0       4053       2579  6.000   9.000  43.0 90.000     4049     2577     4059     2584     10      7      4049      2577      4058      2577      4058      2583      4049      2583      4024      2552      4084      2609 PARcau 0.102123 0.738303 0.159574
    79   1       3726        463 11.314  14.142 124.0 45.000     3720      457     3734      471     14     14      3717       464      3727       454      3735       462      3725       472      3695       432      3759       496 PARcau 0.166831 0.798378 0.034791
    79   0       4050       2582  7.071   8.485  49.0 45.000     4046     2578     4055     2587      9      9      4044      2582      4050      2576      4055      2581      4049      2587      4021      2553      4080      2612 PARcau 0.554955 0.401813 0.043232
    80   1       3726        463 11.000  12.000 113.0 90.000     3721      458     3733      471     12     13      3721       458      3732       458      3732       470      3721       470      3696       433      3758       496 PARcau 0.828520 0.123903 0.047577
    80   0       4047       2584  7.071   8.485  48.0 45.000     4044     2580     4052     2590      8     10      4042      2585      4048      2579      4053      2584      4047      2590      4019      2555      4077      2615 PARcau 0.112210 0.865109 0.022681
    81   1       3726        462 11.000  14.000 120.0 90.000     3721      456     3733      471     12     15      3721       456      3732       456      3732       470      3721       470      3696       431      3758       496 PARcau 0.715953 0.046200 0.237847
    81   0       4045       2588  7.000   9.000  49.0 90.000     4042     2584     4050     2594      8     10      4042      2584      4049      2584      4049      2593      4042      2593      4017      2559      4075      2619 PARcau 0.147241 0.828533 0.024226
    82   1       3726        459 11.000  14.000 132.0 90.000     3721      452     3733      467     12     15      3721       452      3732       452      3732       466      3721       466      3696       427      3758       492 PARcau 0.107127 0.194832 0.698040
    82   0       4045       2591  7.000   8.000  49.5 90.000     4042     2588     4050     2597      8      9      4042      2588      4049      2588      4049      2596      4042      2596      4017      2563      4075      2622 PARcau 0.862901 0.119874 0.017225
    83   1       3725        454 12.000  15.000 139.0 90.000     3720      447     3733      463     13     16      3720       447      3732       447      3732       462      3720       462      3695       422      3758       488 PARcau 0.674578 0.101483 0.223939
    83   0       4046       2595  8.000   8.000  50.0 90.000     4042     2591     4051     2600      9      9      4042      2591      4050      2591      4050      2599      4042      2599      4017      2566      4076      2625 PARcau 0.249557 0.736534 0.013910
    84   0       4046       2597  7.000   8.000  48.0 90.000     4043     2594     4051     2603      8      9      4043      2594      4050      2594      4050      2602      4043      2602      4018      2569      4076      2628 PARcau 0.896268 0.079127 0.024605
    84   1       3723        450 13.000  15.000 146.0 90.000     3717      443     3731      459     14     16      3717       443      3730       443      3730       458      3717       458      3692       418      3756       484 PARcau 0.946832 0.003487 0.049681
    85   0       4047       2599  7.000   8.000  46.0 90.000     4044     2595     4052     2604      8      9      4044      2595      4051      2595      4051      2603      4044      2603      4019      2570      4077      2629 PARcau 0.194132 0.766182 0.039686
    85   1       3719        447 14.080  14.705 155.5 18.435     3712      441     3728      456     16     15      3714       438      3728       443      3724       456      3710       452      3687       416      3753       481 PARcau 0.128726 0.807060 0.064215
    86   0       4048       2599  7.000   8.000  43.5  0.000     4045     2595     4053     2604      8      9      4045      2595      4052      2595      4052      2603      4045      2603      4020      2570      4078      2629 PARcau 0.929854 0.049503 0.020642
    86   1       3714        446 13.000  15.000 156.0 90.000     3707      440     3723      454     16     14      3707       440      3722       440      3722       453      3707       453      3682       415      3748       479 PARcau 0.763547 0.066262 0.170190
    87   0       4048       2598  7.000   8.000  43.5  0.000     4045     2594     4053     2603      8      9      4045      2594      4052      2594      4052      2602      4045      2602      4020      2569      4078      2628 PARcau 0.624019 0.359186 0.016795
    87   1       3708        446 13.000  16.000 156.5 90.000     3701      440     3718      454     17     14      3701       440      3717       440      3717       453      3701       453      3676       415      3743       479 PARcau 0.900470 0.000894 0.098636
    88   0       4047       2596  7.000   8.000  41.5 90.000     4044     2593     4052     2602      8      9      4044      2593      4051      2593      4051      2601      4044      2601      4019      2568      4077      2627 PARcau 0.236613 0.659615 0.103772
    88   1       3703        448 13.000  15.000 151.0 90.000     3696      442     3712      456     16     14      3696       442      3711       442      3711       455      3696       455      3671       417      3737       481 PARcau 0.916955 0.036575 0.046470
    89   0       4045       2594  7.159   8.732  42.5 75.964     4041     2591     4050     2600      9      9      4040      2591      4047      2589      4049      2598      4042      2599      4016      2566      4075      2625 PARcau 0.778913 0.158475 0.062612
    89   1       3699        451 11.630  15.882 148.0 26.565     3693      445     3708      460     15     15      3698       442      3708       447      3701       461      3690       456      3668       420      3733       485 PARcau 0.007346 0.946829 0.045826
    90   0       4041       2591  7.000   8.000  42.0 90.000     4038     2588     4047     2596      9      8      4038      2588      4046      2588      4046      2595      4038      2595      4013      2563      4072      2621 PARcau 0.103333 0.876336 0.020332
    90   1       3697        456 11.705  15.811 142.0 18.435     3691      449     3705      465     14     16      3694       446      3705       450      3700       465      3689       461      3666       424      3730       490 PARcau 0.616178 0.285210 0.098612
    91   0       4037       2590  7.000  10.000  52.5 90.000     4033     2587     4044     2595     11      8      4033      2587      4043      2587      4043      2594      4033      2594      4008      2562      4069      2620 PARcau 0.375688 0.328171 0.296141
    91   1       3697        460 12.000  15.000 139.0 90.000     3691      453     3704      469     13     16      3691       453      3703       453      3703       468      3691       468      3666       428      3729       494 PARcau 0.294523 0.544935 0.160542
    92   0       4034       2589  7.000   8.000  49.5 90.000     4030     2586     4039     2594      9      8      4030      2586      4038      2586      4038      2593      4030      2593      4005      2561      4064      2619 PARcau 0.505387 0.420114 0.074499
    92   1       3698        462 12.000  14.000 125.5 90.000     3693      456     3706      471     13     15      3693       456      3705       456      3705       470      3693       470      3668       431      3731       496 PARcau 0.692667 0.289634 0.017700
    93   0       4029       2589  8.000   8.000  54.5 90.000     4026     2586     4035     2595      9      9      4026      2586      4034      2586      4034      2594      4026      2594      4001      2561      4060      2620 PARcau 0.291127 0.581857 0.127016
    93   1       3701        464 13.000  13.000 133.0 90.000     3695      458     3709      472     14     14      3695       458      3708       458      3708       471      3695       471      3670       433      3734       497 PARcau 0.039017 0.801605 0.159378
    94   0       4026       2591  8.000   8.000  54.5 90.000     4022     2588     4031     2597      9      9      4022      2588      4030      2588      4030      2596      4022      2596      3997      2563      4056      2622 PARcau 0.115080 0.870319 0.014601
    94   1       3705        463 13.000  13.000 133.5 90.000     3699      457     3713      471     14     14      3699       457      3712       457      3712       470      3699       470      3674       432      3738       496 PARcau 0.035576 0.932210 0.032215
    95   0       4023       2594  7.071   8.485  52.5 45.000     4019     2590     4029     2599     10      9      4018      2594      4024      2588      4029      2593      4023      2599      3994      2565      4054      2624 PARcau 0.125600 0.837938 0.036462
    95   1       3708        460 11.314  14.866 130.0 45.000     3702      454     3717      468     15     14      3699       461      3710       451      3718       459      3707       469      3677       429      3742       493 PARcau 0.008756 0.966546 0.024699
    96   0       4021       2597  7.778   9.192  53.0 45.000     4017     2593     4026     2603      9     10      4015      2598      4022      2592      4027      2597      4021      2604      3992      2568      4051      2628 PARcau 0.227476 0.707745 0.064779
    96   1       3712        456 12.000  14.000 131.0 90.000     3706      449     3719      464     13     15      3706       449      3718       449      3718       463      3706       463      3681       424      3744       489 PARcau 0.049801 0.883411 0.066788
    97   0       4019       2600  8.000   8.000  49.5 90.000     4016     2597     4025     2606      9      9      4016      2597      4024      2597      4024      2605      4016      2605      3991      2572      4050      2631 PARcau 0.420651 0.533615 0.045734
    97   1       3714        450 11.180  17.464 139.0 26.565     3708      443     3721      460     13     17      3712       440      3722       445      3715       461      3705       456      3683       418      3746       485 PARcau 0.715013 0.037787 0.247200
    98   0       4018       2603  7.000   8.000  44.5 90.000     4015     2600     4023     2609      8      9      4015      2600      4022      2600      4022      2608      4015      2608      3990      2575      4048      2634 PARcau 0.326925 0.464193 0.208882
    98   1       3714        445 12.000  16.000 145.5  0.000     3709      437     3722      454     13     17      3709       437      3721       437      3721       453      3709       453      3684       412      3747       479 PARcau 0.591120 0.281954 0.126926
    99   0       4018       2605  7.000   9.000  47.5 90.000     4015     2601     4023     2611      8     10      4015      2601      4022      2601      4022      2610      4015      2610      3990      2576      4048      2636 PARcau 0.461713 0.466755 0.071532
    99   1       3713        440 12.000  16.000 156.5 90.000     3708      432     3721      449     13     17      3708       432      3720       432      3720       448      3708       448      3683       407      3746       474 PARcau 0.735389 0.034657 0.229954
   100   0       4018       2605  7.000   8.000  47.5 90.000     4015     2602     4023     2611      8      9      4015      2602      4022      2602      4022      2610      4015      2610      3990      2577      4048      2636 PARcau 0.319251 0.549678 0.131072
   100   1       3711        436 12.728  15.556 148.5 45.000     3704      429     3719      444     15     15      3710       426      3721       437      3712       446      3701       435      3679       404      3744       469 PARcau 0.684276 0.014434 0.301290
   101   0       4019       2604  6.000   8.000  41.0 90.000     4016     2600     4023     2609      7      9      4016      2600      4022      2600      4022      2608      4016      2608      3991      2575      4048      2634 PARcau 0.252525 0.672828 0.074647
   101   1       3708        433 13.435  13.435 140.0 45.000     3702      426     3716      441     14     15      3708       424      3717       433      3708       443      3698       433      3677       401      3741       466 PARcau 0.496842 0.190220 0.312938
   102   0       4019       2601  6.325   9.487  45.5 18.435     4016     2597     4024     2607      8     10      4018      2596      4024      2598      4021      2607      4015      2605      3991      2572      4049      2632 PARcau 0.699117 0.231087 0.069796
   102   1       3705        432 13.416  14.318 133.0 26.565     3699      425     3713      440     14     15      3702       422      3714       428      3708       441      3696       435      3674       400      3738       465 PARcau 0.590457 0.037841 0.371702
   103   1       3704        432 12.000  12.000 123.5 90.000     3698      426     3711      439     13     13      3698       426      3710       426      3710       438      3698       438      3673       401      3736       464 PARcau 0.828615 0.028944 0.142440
   103   0       4020       2597  7.071   9.899  47.5 45.000     4017     2593     4025     2604      8     11      4014      2598      4021      2591      4026      2596      4019      2603      3992      2568      4050      2629 PARcau 0.703262 0.244913 0.051825
   103   2        545       2607  3.640  11.102  18.5 82.875      543     2601      548     2613      5     12       542      2601       546      2600       547      2611       544      2612       518      2576       573      2638 PARcau 0.000067 0.000358 0.999575
   104   1       3706        431 13.000  14.000 143.0 90.000     3700      426     3715      440     15     14      3700       426      3714       426      3714       439      3700       439      3675       401      3740       465 PARcau 0.375267 0.496010 0.128723
   104   0       4020       2592  7.000  10.000  53.5 90.000     4017     2588     4025     2599      8     11      4017      2588      4024      2588      4024      2598      4017      2598      3992      2563      4050      2624 PARcau 0.917794 0.054375 0.027832
   105   2        546       2607  5.099  11.045  33.5 82.875      543     2602      550     2614      7     12       543      2602       548      2601       549      2612       544      2613       518      2577       575      2639 PARcau 0.000023 0.000024 0.999953
   105   0       4020       2588  7.000   9.000  50.0 90.000     4017     2584     4025     2594      8     10      4017      2584      4024      2584      4024      2593      4017      2593      3992      2559      4050      2619 PARcau 0.508013 0.374226 0.117761
   105   1       3713        434 14.000  14.000 158.0 90.000     3707      428     3722      443     15     15      3707       428      3721       428      3721       442      3707       442      3682       403      3747       468 PARcau 0.396056 0.154968 0.448976
   106   0       4019       2583  7.000   8.000  49.0 90.000     4016     2580     4024     2589      8      9      4016      2580      4023      2580      4023      2588      4016      2588      3991      2555      4049      2614 PARcau 0.996683 0.001336 0.001981
   106   1       3717        437 11.000  14.000 121.0 90.000     3712      431     3724      446     12     15      3712       431      3723       431      3723       445      3712       445      3687       406      3749       471 PARcau 0.014245 0.937439 0.048316
   107   2        546       2608  5.000  11.000  33.5  0.000      544     2602      550     2614      6     12       544      2602       549      2602       549      2613       544      2613       519      2577       575      2639 PARcau 0.000008 0.000004 0.999987
   107   0       4017       2581  8.000   8.000  52.0 90.000     4013     2577     4022     2586      9      9      4013      2577      4021      2577      4021      2585      4013      2585      3988      2552      4047      2611 PARcau 0.638141 0.265339 0.096520
   107   1       3718        439 13.435  13.435 132.5 45.000     3713      433     3727      448     14     15      3718       430      3728       439      3718       449      3709       439      3688       408      3752       473 PARcau 0.067577 0.690899 0.241525
   108   2        546       2608  5.000  10.000  29.0  0.000      544     2603      550     2614      6     11       544      2603       549      2603       549      2613       544      2613       519      2578       575      2639 PARcau 0.000047 0.000188 0.999765
   108   0       4014       2579  8.000   8.000  48.5 90.000     4011     2575     4020     2584      9      9      4011      2575      4019      2575      4019      2583      4011      2583      3986      2550      4045      2609 PARcau 0.283399 0.682471 0.034131
   108   1       3722        443 13.000  15.000 149.0 90.000     3716      436     3730      452     14     16      3716       436      3729       436      3729       451      3716       451      3691       411      3755       477 PARcau 0.235737 0.587289 0.176974
   109   2        546       2608  4.000   9.000  24.0 90.000      545     2604      550     2614      5     10       545      2604       549      2604       549      2613       545      2613       520      2579       575      2639 PARcau 0.000002 0.000006 0.999992
   109   0       4010       2577  8.000   8.000  51.5 90.000     4007     2574     4016     2583      9      9      4007      2574      4015      2574      4015      2582      4007      2582      3982      2549      4041      2608 PARcau 0.953151 0.007597 0.039252
   109   1       3726        447 12.530  15.652 142.5 63.435     3720      440     3734      456     14     16      3717       443      3728       437      3735       451      3724       457      3695       415      3759       481 PARcau 0.331340 0.365535 0.303125
   110   2        546       2608  4.000   8.000  18.0 90.000      545     2605      550     2614      5      9       545      2605       549      2605       549      2613       545      2613       520      2580       575      2639 PARcau 0.000094 0.000097 0.999809
   110   0       4006       2576  7.000   8.000  49.5 90.000     4003     2573     4012     2581      9      8      4003      2573      4011      2573      4011      2580      4003      2580      3978      2548      4037      2606 PARcau 0.367416 0.599859 0.032725
   110   1       3728        450 12.000  13.000 127.5 90.000     3723      444     3736      458     13     14      3723       444      3735       444      3735       457      3723       457      3698       419      3761       483 PARcau 0.141310 0.830074 0.028615
   111   0       4004       2574  8.000   8.000  47.5 90.000     4000     2571     4009     2580      9      9      4000      2571      4008      2571      4008      2579      4000      2579      3975      2546      4034      2605 PARcau 0.065161 0.909334 0.025505
   111   1       3731        451 12.000  13.000 118.0 90.000     3726      446     3739      460     13     14      3726       446      3738       446      3738       459      3726       459      3701       421      3764       485 PARcau 0.109979 0.857348 0.032673
   112   0       4002       2572  7.000   8.000  52.5 90.000     3999     2569     4007     2578      8      9      3999      2569      4006      2569      4006      2577      3999      2577      3974      2544      4032      2603 PARcau 0.808740 0.152715 0.038545
   112   1       3734        450 13.000  13.000 128.0 90.000     3728      444     3742      458     14     14      3728       444      3741       444      3741       457      3728       457      3703       419      3767       483 PARcau 0.500318 0.340253 0.159429
   113   0       4002       2570  8.000   9.000  55.5 90.000     3998     2566     4007     2576      9     10      3998      2566      4006      2566      4006      2575      3998      2575      3973      2541      4032      2601 PARcau 0.091671 0.871396 0.036933
   113   1       3738        447 11.314  16.279 146.5 45.000     3731      441     3746      456     15     15      3728       449      3740       438      3748       446      3736       457      3706       416      3771       481 PARcau 0.266254 0.385650 0.348096
   114   0       4002       2567  7.000   8.000  49.5 90.000     3999     2564     4007     2573      8      9      3999      2564      4006      2564      4006      2572      3999      2572      3974      2539      4032      2598 PARcau 0.161562 0.489985 0.348453
   114   1       3742        444 11.314  16.971 146.0 45.000     3735      437     3750      452     15     15      3732       446      3744       434      3752       442      3740       454      3710       412      3775       477 PARcau 0.187395 0.414784 0.397821
   115   0       4003       2564  7.826   9.394  55.0 26.565     4000     2560     4009     2570      9     10      4002      2558      4009      2562      4005      2570      3998      2567      3975      2535      4034      2595 PARcau 0.339622 0.538252 0.122126
   115   1       3746        441 11.314  15.556 139.0 45.000     3739      434     3754      449     15     15      3737       443      3748       432      3756       440      3745       451      3714       409      3779       474 PARcau 0.020776 0.750792 0.228433
   116   0       4006       2561  7.159  10.062  52.0 26.565     4002     2557     4011     2567      9     10      4005      2555      4011      2558      4007      2567      4000      2564      3977      2532      4036      2592 PARcau 0.888374 0.020670 0.090956
   116   1       3750        439 13.000  13.000 137.5 90.000     3744      433     3758      447     14     14      3744       433      3757       433      3757       446      3744       446      3719       408      3783       472 PARcau 0.687496 0.000127 0.312378
   117   1       3753        439 12.000  13.000 132.0 90.000     3747      434     3761      447     14     13      3747       434      3760       434      3760       446      3747       446      3722       409      3786       472 PARcau 0.909780 0.008495 0.081725
   117   0       4008       2558  8.000   8.000  50.0 90.000     4005     2554     4014     2563      9      9      4005      2554      4013      2554      4013      2562      4005      2562      3980      2529      4039      2588 PARcau 0.988714 0.003229 0.008057
   118   1       3756        442 12.000  13.000 132.0 90.000     3751      436     3764      450     13     14      3751       436      3763       436      3763       449      3751       449      3726       411      3789       475 PARcau 0.731918 0.002254 0.265828
   118   0       4011       2555  7.000   8.000  45.0 90.000     4007     2552     4016     2560      9      8      4007      2552      4015      2552      4015      2559      4007      2559      3982      2527      4041      2585 PARcau 0.326366 0.516740 0.156894
   119   0       4013       2554  7.000   8.000  44.5 90.000     4009     2551     4018     2559      9      8      4009      2551      4017      2551      4017      2558      4009      2558      3984      2526      4043      2584 PARcau 0.097064 0.804808 0.098128
   119   1       3759        446 12.000  15.000 147.5 90.000     3753      439     3766      455     13     16      3753       439      3765       439      3765       454      3753       454      3728       414      3791       480 PARcau 0.662947 0.009960 0.327093
   120   0       4013       2553  6.000   7.000  38.5 90.000     4011     2550     4018     2558      7      8      4011      2550      4017      2550      4017      2557      4011      2557      3986      2525      4043      2583 PARcau 0.288847 0.606614 0.104539
   120   1       3760        452 12.000  16.000 143.0  0.000     3755      444     3768      461     13     17      3755       444      3767       444      3767       460      3755       460      3730       419      3793       486 PARcau 0.567404 0.322892 0.109704
   121   0       4013       2553  6.708   7.616  40.5 26.565     4010     2549     4018     2558      8      9      4012      2548      4018      2551      4015      2558      4009      2555      3985      2524      4043      2583 PARcau 0.238294 0.691735 0.069971
   121   1       3761        458 11.000  16.000 143.5 90.000     3756      451     3768      468     12     17      3756       451      3767       451      3767       467      3756       467      3731       426      3793       493 PARcau 0.069051 0.786705 0.144244
   122   0       4011       2552  7.382   7.382  41.0 26.565     4008     2549     4017     2557      9      8      4010      2547      4017      2551      4013      2557      4007      2554      3983      2524      4042      2582 PARcau 0.405861 0.378722 0.215417
   122   1       3762        465 12.971  14.534 137.5 63.435     3756      457     3769      474     13     17      3752       461      3764       455      3770       468      3759       474      3731       432      3794       499 PARcau 0.670554 0.294332 0.035114
   123   0       4008       2551  7.000   8.000  44.0 90.000     4004     2548     4013     2556      9      8      4004      2548      4012      2548      4012      2555      4004      2555      3979      2523      4038      2581 PARcau 0.072139 0.884816 0.043046
   123   1       3762        469 11.402  14.866 126.5 18.435     3756      462     3769      478     13     16      3759       461      3770       464      3765       478      3754       475      3731       437      3794       503 PARcau 0.251499 0.591184 0.157318
   124   0       4004       2551  7.000   9.000  49.0 90.000     4000     2548     4010     2556     10      8      4000      2548      4009      2548      4009      2555      4000      2555      3975      2523      4035      2581 PARcau 0.753676 0.059914 0.186410
   124   1       3762        473 11.000  13.000 115.5 90.000     3757      467     3769      481     12     14      3757       467      3768       467      3768       480      3757       480      3732       442      3794       506 PARcau 0.980283 0.009924 0.009793
   125   1       3764        475 11.000  13.000 113.0 90.000     3759      469     3771      483     12     14      3759       469      3770       469      3770       482      3759       482      3734       444      3796       508 PARcau 0.444630 0.219530 0.335840
   125   0       3999       2551  7.000   8.000  48.5 90.000     3996     2548     4005     2556      9      8      3996      2548      4004      2548      4004      2555      3996      2555      3971      2523      4030      2581 PARcau 0.846884 0.059856 0.093260
   126   1       3766        475 12.000  13.000 118.5 90.000     3761      469     3774      483     13     14      3761       469      3773       469      3773       482      3761       482      3736       444      3799       508 PARcau 0.455099 0.439175 0.105726
   126   0       3996       2549  7.000   8.000  46.0 90.000     3992     2546     4001     2554      9      8      3992      2546      4000      2546      4000      2553      3992      2553      3967      2521      4026      2579 PARcau 0.609726 0.259377 0.130897
   127   1       3769        474 13.000  13.000 130.0 90.000     3763      468     3777      482     14     14      3763       468      3776       468      3776       481      3763       481      3738       443      3802       507 PARcau 0.501777 0.063809 0.434414
   127   0       3992       2548  8.000   8.000  53.5 90.000     3989     2544     3998     2553      9      9      3989      2544      3997      2544      3997      2552      3989      2552      3964      2519      4023      2578 PARcau 0.247880 0.708523 0.043597
   128   0       3991       2545  7.778   7.778  48.0 45.000     3988     2541     3996     2551      8     10      3991      2540      3996      2545      3991      2551      3985      2545      3963      2516      4021      2576 PARcau 0.775166 0.210423 0.014412
   128   1       3774        473 12.000  14.000 133.5 90.000     3767      467     3782      480     15     13      3767       467      3781       467      3781       479      3767       479      3742       442      3807       505 PARcau 0.116051 0.245888 0.638061
   129   0       3990       2542  7.000   9.000  51.0 90.000     3987     2538     3995     2548      8     10      3987      2538      3994      2538      3994      2547      3987      2547      3962      2513      4020      2573 PARcau 0.438461 0.132592 0.428947
   129   1       3779        472 12.000  15.000 145.5 90.000     3772      467     3788      480     16     13      3772       467      3787       467      3787       479      3772       479      3747       442      3813       505 PARcau 0.395398 0.128588 0.476013
   130   0       3990       2538  7.000   9.000  50.0 90.000     3987     2534     3995     2544      8     10      3987      2534      3994      2534      3994      2543      3987      2543      3962      2509      4020      2569 PARcau 0.717319 0.108354 0.174326
   130   1       3785        474 12.728  15.556 146.5 45.000     3778      468     3794      482     16     14      3784       464      3795       475      3786       484      3775       473      3753       443      3819       507 PARcau 0.096763 0.218309 0.684927
   131   0       3991       2534  7.000   9.000  49.5 90.000     3988     2530     3996     2540      8     10      3988      2530      3995      2530      3995      2539      3988      2539      3963      2505      4021      2565 PARcau 0.590861 0.375032 0.034107
   131   1       3790        477 13.000  14.000 149.5 90.000     3783      471     3798      485     15     14      3783       471      3797       471      3797       484      3783       484      3758       446      3823       510 PARcau 0.755224 0.165855 0.078920
   132   0       3991       2531  7.000   8.000  45.5 90.000     3988     2527     3996     2536      8      9      3988      2527      3995      2527      3995      2535      3988      2535      3963      2502      4021      2561 PARcau 0.225081 0.596705 0.178213
   132   1       3793        481 12.298  15.207 142.0 63.435     3787      474     3801      490     14     16      3784       477      3795       471      3802       485      3791       490      3762       449      3826       515 PARcau 0.425162 0.064132 0.510706
   133   0       3992       2528  6.000   8.000  41.0 90.000     3989     2525     3996     2534      7      9      3989      2525      3995      2525      3995      2533      3989      2533      3964      2500      4021      2559 PARcau 0.291292 0.663873 0.044834
   133   1       3795        486 12.000  15.000 141.5 90.000     3790      479     3803      495     13     16      3790       479      3802       479      3802       494      3790       494      3765       454      3828       520 PARcau 0.400610 0.346054 0.253336
   134   0       3991       2527  7.000   8.000  43.5 90.000     3988     2523     3996     2532      8      9      3988      2523      3995      2523      3995      2531      3988      2531      3963      2498      4021      2557 PARcau 0.342562 0.629083 0.028355
   134   1       3796        490 11.000  14.000 124.5  0.000     3791      483     3803      498     12     15      3791       483      3802       483      3802       497      3791       497      3766       458      3828       523 PARcau 0.396587 0.218013 0.385401
   135   0       3989       2526  7.000   7.000  40.0 90.000     3986     2523     3994     2531      8      8      3986      2523      3993      2523      3993      2530      3986      2530      3961      2498      4019      2556 PARcau 0.378663 0.578855 0.042482
   135   1       3797        493 11.000  13.000 114.5 90.000     3792      487     3804      501     12     14      3792       487      3803       487      3803       500      3792       500      3767       462      3829       526 PARcau 0.359673 0.560046 0.080281
   136   0       3986       2527  7.000   8.000  43.0 90.000     3983     2524     3992     2532      9      8      3983      2524      3991      2524      3991      2531      3983      2531      3958      2499      4017      2557 PARcau 0.926877 0.011300 0.061823
   136   1       3797        495 11.000  13.000 111.0 90.000     3792      489     3804      503     12     14      3792       489      3803       489      3803       502      3792       502      3767       464      3829       528 PARcau 0.402659 0.463691 0.133650
   137   1       3797        495 11.000  13.000 107.5 90.000     3792      489     3804      503     12     14      3792       489      3803       489      3803       502      3792       502      3767       464      3829       528 PARcau 0.166748 0.423855 0.409397
   137   0       3982       2528  7.000   8.000  44.5 90.000     3979     2525     3988     2533      9      8      3979      2525      3987      2525      3987      2532      3979      2532      3954      2500      4013      2558 PARcau 0.676233 0.117505 0.206262
   138   1       3798        493 11.000  13.000 113.5 90.000     3793      487     3805      501     12     14      3793       487      3804       487      3804       500      3793       500      3768       462      3830       526 PARcau 0.154488 0.731233 0.114279
   138   0       3978       2530  7.000   8.000  46.0 90.000     3975     2527     3984     2535      9      8      3975      2527      3983      2527      3983      2534      3975      2534      3950      2502      4009      2560 PARcau 0.638261 0.310719 0.051019
   139   1       3800        490 12.000  13.000 120.0 90.000     3795      484     3808      498     13     14      3795       484      3807       484      3807       497      3795       497      3770       459      3833       523 PARcau 0.178668 0.481515 0.339816
   139   0       3974       2532  7.000   8.000  43.0 90.000     3970     2529     3979     2537      9      8      3970      2529      3978      2529      3978      2536      3970      2536      3945      2504      4004      2562 PARcau 0.633177 0.126596 0.240227
   140   0       3971       2534  7.000   8.000  44.0 90.000     3967     2531     3976     2539      9      8      3967      2531      3975      2531      3975      2538      3967      2538      3942      2506      4001      2564 PARcau 0.309345 0.644181 0.046475
   140   1       3803        487 13.000  14.000 133.5 90.000     3797      481     3811      496     14     15      3797       481      3810       481      3810       495      3797       495      3772       456      3836       521 PARcau 0.399594 0.097429 0.502977
   141   0       3968       2534  7.778   7.778  46.0 45.000     3965     2531     3974     2540      9      9      3969      2529      3974      2534      3969      2540      3963      2534      3940      2506      3999      2565 PARcau 0.607872 0.325863 0.066265
   141   1       3808        485 11.853  14.983 138.5 63.435     3801      478     3816      493     15     15      3799       483      3812       476      3818       487      3804       493      3776       453      3841       518 PARcau 0.225525 0.165437 0.609038
   142   0       3967       2533  7.000   8.000  42.0 90.000     3964     2530     3972     2539      8      9      3964      2530      3971      2530      3971      2538      3964      2538      3939      2505      3997      2564 PARcau 0.295518 0.648316 0.056166
   142   1       3813        484 12.000  15.000 145.0 90.000     3806      478     3822      491     16     13      3806       478      3821       478      3821       490      3806       490      3781       453      3847       516 PARcau 0.267116 0.410958 0.321926
   143   0       3968       2531  7.000   8.000  45.0 90.000     3965     2528     3973     2537      8      9      3965      2528      3972      2528      3972      2536      3965      2536      3940      2503      3998      2562 PARcau 0.070381 0.861928 0.067691
   143   1       3819        485 12.000  15.000 148.0 90.000     3812      479     3828      492     16     13      3812       479      3827       479      3827       491      3812       491      3787       454      3853       517 PARcau 0.530381 0.337402 0.132216
   144   0       3967       2528  7.000   9.000  46.5 90.000     3964     2524     3972     2534      8     10      3964      2524      3971      2524      3971      2533      3964      2533      3939      2499      3997      2559 PARcau 0.930405 0.051103 0.018492
   144   1       3824        487 12.728  14.866 145.5 45.000     3817      481     3833      495     16     14      3823       477      3834       487      3825       496      3814       486      3792       456      3858       520 PARcau 0.196692 0.701587 0.101721
   145   0       3966       2525  7.000   8.000  44.5 90.000     3963     2521     3971     2530      8      9      3963      2521      3970      2521      3970      2529      3963      2529      3938      2496      3996      2555 PARcau 0.498839 0.460214 0.040947
   145   1       3827        491 12.728  14.142 140.0 45.000     3821      484     3835      499     14     15      3827       481      3837       491      3828       500      3818       490      3796       459      3860       524 PARcau 0.783313 0.183536 0.033152
   146   0       3964       2521  7.071   8.485  49.0 45.000     3961     2518     3970     2527      9      9      3964      2516      3970      2522      3965      2527      3959      2521      3936      2493      3995      2552 PARcau 0.996749 0.001216 0.002035
   146   1       3830        494 12.000  14.000 131.0 90.000     3824      488     3837      503     13     15      3824       488      3836       488      3836       502      3824       502      3799       463      3862       528 PARcau 0.542921 0.407575 0.049504
   147   0       3962       2519  7.000   8.000  45.0 90.000     3958     2516     3967     2524      9      8      3958      2516      3966      2516      3966      2523      3958      2523      3933      2491      3992      2549 PARcau 0.897332 0.087231 0.015436
   147   1       3830        497 12.000  13.000 120.5 90.000     3825      491     3838      505     13     14      3825       491      3837       491      3837       504      3825       504      3800       466      3863       530 PARcau 0.217870 0.726035 0.056095
   148   0       3959       2517  7.000   8.000  48.5 90.000     3955     2514     3964     2522      9      8      3955      2514      3963      2514      3963      2521      3955      2521      3930      2489      3989      2547 PARcau 0.889868 0.047150 0.062982
   148   1       3831        499 11.000  13.000 113.5 90.000     3826      493     3838      507     12     14      3826       493      3837       493      3837       506      3826       506      3801       468      3863       532 PARcau 0.590451 0.344359 0.065190
   149   1       3831        498 12.000  12.000 108.5 90.000     3825      493     3838      506     13     13      3825       493      3837       493      3837       505      3825       505      3800       468      3863       531 PARcau 0.353293 0.599503 0.047204
   149   0       3955       2517  8.000   8.000  48.5 90.000     3951     2514     3960     2523      9      9      3951      2514      3959      2514      3959      2522      3951      2522      3926      2489      3985      2548 PARcau 0.902418 0.044730 0.052852
   149   2        535       2599  3.162   8.544  16.5 68.199      533     2595      539     2605      6     10       535      2595       538      2603       535      2604       532      2596       508      2570       564      2630 PARcau 0.001700 0.001144 0.997156