 Frame  ID  CentroidX  CentroidY  Width  Length  Area  Angle  Box_TLX  Box_TLY  Box_BRX  Box_BRY  Box_W  Box_H  rBox_TLX  rBox_TLY  rBox_TRX  rBox_TRY  rBox_BRX  rBox_BRY  rBox_BLX  rBox_BLY  lBox_TLX  lBox_TLY  lBox_BRX  lBox_BRY  Label       DIDnas       NONpro   PARcau
    21   0       1401       2817  6.000   6.000  32.5 90.000     1398     2814     1405     2821      7      7      1398      2814      1404      2814      1404      2820      1398      2820      1373      2789      1430      2846 PARcau 4.524364e-01 1.016349e-01 0.445929
    21   1        981       2810  9.899   9.899  79.0 45.000      976     2805      988     2816     12     11       981      2803       988      2810       981      2817       974      2810       951      2780      1013      2841 PARcau 1.154461e-01 1.198721e-03 0.883355
    21   2        670       1832 10.000  29.206 221.0 51.340      659     1823      684     1843     25     20       656      1837       679      1819       685      1827       662      1845       634      1798       709      1868 PARcau 8.146124e-06 5.522620e-06 0.999986
    22   0       1402       2816  6.000   6.000  32.5 90.000     1399     2813     1406     2820      7      7      1399      2813      1405      2813      1405      2819      1399      2819      1374      2788      1431      2845 PARcau 2.263017e-01 4.267623e-01 0.346936
    22   1        986       2815  9.487  15.811 105.5 18.435      979     2810      995     2821     16     11       980      2808       995      2813       992      2822       977      2817       954      2785      1020      2846 PARcau 2.042229e-02 2.943784e-05 0.979548
    22   2        654       1844  9.434  30.232 217.5 56.310      642     1835      668     1854     26     19       639      1848       664      1831       669      1839       644      1856       617      1810       693      1879 PARcau 6.840868e-11 1.508391e-10 1.000000
    23   0       1404       2817  6.364   6.364  30.0 45.000     1401     2815     1409     2822      8      7      1404      2813      1409      2818      1404      2822      1400      2818      1376      2790      1434      2847 PARcau 5.954574e-01 2.163252e-02 0.382910
    23   1       1001       2812  9.192  16.263 114.0 45.000      994     2806     1009     2820     15     14       992      2815      1004      2804      1010      2810       999      2822       969      2781      1034      2845 PARcau 1.965350e-01 2.368156e-05 0.803441
    23   2        638       1854  9.849  29.069 209.0 63.435      625     1846      652     1863     27     17       622      1856       648      1843       652      1852       626      1865       600      1821       677      1888 PARcau 1.522387e-09 7.382415e-09 1.000000
    24   0       1409       2820  6.000   8.000  38.0 90.000     1405     2817     1414     2824      9      7      1405      2817      1413      2817      1413      2823      1405      2823      1380      2792      1439      2849 PARcau 1.611253e-02 8.214164e-04 0.983066
    24   1       1005       2800  8.139  13.829  87.0 78.690     1001     2794     1011     2808     10     14      1000      2794      1008      2793      1011      2806      1003      2808       976      2769      1036      2833 PARcau 9.936690e-02 1.060661e-02 0.890026
    24   2        620       1863  8.944  29.069 201.0 63.435      608     1855      635     1872     27     17       606      1865       632      1852       636      1860       610      1873       583      1830       660      1897 PARcau 3.819603e-08 1.457644e-07 1.000000
    25   0       1414       2819  6.000   7.000  32.5 90.000     1411     2816     1418     2824      7      8      1411      2816      1417      2816      1417      2823      1411      2823      1386      2791      1443      2849 PARcau 1.772777e-01 8.180673e-03 0.814542
    25   1        994       2792  7.000  15.000  87.5 90.000      987     2789     1003     2797     16      8       987      2789      1002      2789      1002      2796       987      2796       962      2764      1028      2822 PARcau 3.401040e-02 6.386269e-04 0.965351
    25   2        604       1872  9.862  28.040 199.5 59.036      593     1864      618     1882     25     18       590      1875       614      1860       619      1869       595      1883       568      1839       643      1907 PARcau 1.321729e-06 4.744401e-08 0.999999
    26   0       1418       2815  6.000   6.000  29.0 90.000     1415     2813     1422     2820      7      7      1415      2813      1421      2813      1421      2819      1415      2819      1390      2788      1447      2845 PARcau 7.118263e-01 1.671259e-02 0.271461
    26   1        980       2795  9.000  11.000  76.5 90.000      975     2791      987     2801     12     10       975      2791       986      2791       986      2800       975      2800       950      2766      1012      2826 PARcau 1.595386e-01 2.855324e-03 0.837606
    26   2        589       1882 10.607  27.577 211.0 45.000      578     1874      602     1893     24     19       576      1889       595      1869       603      1877       583      1896       553      1849       627      1918 PARcau 2.444561e-06 2.164719e-07 0.999997
    27   0       1419       2812  5.657   6.403  25.5 45.000     1417     2809     1424     2816      7      7      1415      2812      1420      2808      1424      2812      1419      2816      1392      2784      1449      2841 PARcau 5.282441e-01 1.443869e-01 0.327369
    27   1        978       2799  8.000  11.000  66.5 90.000      973     2796      985     2805     12      9       973      2796       984      2796       984      2804       973      2804       948      2771      1010      2830 PARcau 1.701914e-01 2.528903e-02 0.804520
    27   2        574       1895  9.899  29.698 216.0 45.000      562     1885      587     1906     25     21       560      1902       581      1881       588      1888       567      1909       537      1860       612      1931 PARcau 1.254569e-05 3.684951e-06 0.999984
    28   1        988       2797  7.906  13.509  77.0 53.130      983     2792      996     2803     13     11       981      2797       992      2789       996      2795       986      2804       958      2767      1021      2828 PARcau 2.666613e-01 5.839126e-03 0.727500
    28   2        559       1907 10.548  28.430 220.5 56.310      547     1898      572     1917     25     19       544      1910       568      1894       573      1903       550      1919       522      1873       597      1942 PARcau 9.332147e-04 4.372106e-04 0.998630
    29   1        994       2783  7.159  12.855  76.0 75.964      990     2777      999     2791      9     14       989      2778       996      2776       999      2789       992      2790       965      2752      1024      2816 PARcau 3.079285e-02 1.989713e-03 0.967217
    29   2        543       1917 10.124  29.538 219.0 56.310      531     1908      557     1927     26     19       528      1921       553      1904       558      1913       534      1929       506      1883       582      1952 PARcau 1.320209e-06 1.165119e-06 0.999997
    30   1        986       2776  7.000  10.000  49.5 90.000      981     2773      992     2781     11      8       981      2773       991      2773       991      2780       981      2780       956      2748      1017      2806 PARcau 5.556085e-05 4.933086e-05 0.999895
    30   2        526       1926 10.296  30.414 226.5 63.435      513     1918      541     1936     28     18       510      1929       537      1915       542      1924       515      1938       488      1893       566      1961 PARcau 1.486640e-08 5.865929e-08 1.000000
    31   0       1429       2819  6.403   7.071  33.5 45.000     1426     2816     1435     2823      9      7      1429      2814      1434      2819      1430      2824      1425      2819      1401      2791      1460      2848 PARcau 1.671879e-02 1.687454e-04 0.983113
    31   1        972       2786  7.000   8.000  43.5 90.000      969     2783      977     2792      8      9       969      2783       976      2783       976      2791       969      2791       944      2758      1002      2817 PARcau 2.308666e-01 1.041109e-02 0.758722
    31   2        510       1936 11.180  30.414 247.0 63.435      497     1927      524     1946     27     19       494      1938       521      1924       526      1934       499      1948       472      1902       549      1971 PARcau 2.564355e-08 4.797632e-08 1.000000
    32   0       1435       2817  5.657   7.071  31.0 45.000     1432     2815     1440     2822      8      7      1430      2818      1435      2813      1439      2817      1434      2822      1407      2790      1465      2847 PARcau 2.496347e-01 9.122098e-04 0.749453
    32   1        976       2799  7.778  14.849  83.0 45.000      970     2793      984     2806     14     13       974      2791       984      2801       979      2807       968      2796       945      2768      1009      2831 PARcau 1.080990e-01 2.635890e-03 0.889265
    32   2        494       1945 10.817  30.232 249.0 56.310      482     1936      509     1956     27     20       479      1949       504      1932       510      1941       485      1958       457      1911       534      1981 PARcau 3.768879e-09 5.136132e-09 1.000000
    33   0       1438       2814  6.000   7.000  33.5 90.000     1436     2811     1443     2819      7      8      1436      2811      1442      2811      1442      2818      1436      2818      1411      2786      1468      2844 PARcau 6.945668e-01 1.472437e-02 0.290709
    33   1        989       2801  8.062  13.416  68.5 63.435      982     2797      997     2807     15     10       981      2801       993      2795       997      2802       985      2808       957      2772      1022      2832 PARcau 2.306425e-01 9.266631e-02 0.676691
    33   2        480       1957 11.011  31.706 272.5 51.340      468     1947      494     1969     26     22       464      1962       489      1943       496      1951       471      1971       443      1922       519      1994 PARcau 2.718706e-07 1.514320e-07 1.000000
    34   1        998       2788  6.000  13.000  53.0 90.000      995     2782     1002     2796      7     14       995      2782      1001      2782      1001      2795       995      2795       970      2757      1027      2821 PARcau 1.660021e-01 2.605897e-03 0.831392
    34   2        465       1968 12.021  31.820 287.0 45.000      452     1958      480     1980     28     22       450      1976       472      1953       481      1962       458      1984       427      1933       505      2005 PARcau 9.073472e-07 9.632352e-09 0.999999
    35   0       1441       2814  5.000   6.000  27.0 90.000     1439     2812     1446     2818      7      6      1439      2812      1445      2812      1445      2817      1439      2817      1414      2787      1471      2843 PARcau 4.753238e-02 5.050410e-03 0.947417
    35   1        995       2772  7.616  13.928  82.0 68.199      990     2766     1001     2780     11     14       989      2767       996      2764      1001      2777       994      2780       965      2741      1026      2805 PARcau 1.551361e-01 8.116857e-04 0.844052
    35   2        450       1979 12.298  33.989 304.0 63.435      436     1969      466     1990     30     21       432      1981       463      1966       468      1977       438      1992       411      1944       491      2015 PARcau 1.270925e-09 4.550133e-10 1.000000
    36   0       1445       2817  6.000   6.000  31.5 90.000     1442     2815     1449     2822      7      7      1442      2815      1448      2815      1448      2821      1442      2821      1417      2790      1474      2847 PARcau 2.409616e-02 4.139410e-04 0.975490
    36   1        985       2766  9.000  16.000 113.0 90.000      977     2762      994     2772     17     10       977      2762       993      2762       993      2771       977      2771       952      2737      1019      2797 PARcau 5.392271e-02 4.954405e-03 0.941123
    36   2        434       1988 12.971  34.659 319.0 63.435      419     1979      451     1999     32     20       416      1991       447      1975       453      1987       422      2002       394      1954       476      2024 PARcau 2.337029e-08 8.277621e-08 1.000000
    37   0       1450       2820  5.000   7.000  30.0 90.000     1447     2818     1455     2824      8      6      1447      2818      1454      2818      1454      2823      1447      2823      1422      2793      1480      2849 PARcau 8.551328e-02 1.410221e-02 0.900385
    37   1        974       2771  6.265   9.179  38.0 63.435      971     2768      980     2776      9      8       969      2770       977      2766       980      2771       972      2776       946      2743      1005      2801 PARcau 8.216757e-04 2.174778e-04 0.998961
    37   2        419       1997 12.903  34.533 334.5 56.310      404     1988      435     2009     31     21       401      2002       429      1982       437      1993       408      2012       379      1963       460      2034 PARcau 6.765921e-06 6.833965e-10 0.999993
    38   0       1455       2820  6.364   6.364  33.0 45.000     1452     2817     1460     2824      8      7      1456      2816      1460      2820      1456      2825      1451      2820      1427      2792      1485      2849 PARcau 6.343616e-01 2.574086e-02 0.339897
    38   1        967       2790  7.000  11.000  60.5 90.000      964     2785      972     2797      8     12       964      2785       971      2785       971      2796       964      2796       939      2760       997      2822 PARcau 4.449672e-02 2.669762e-03 0.952833
    38   2        404       2007 13.892  35.847 372.5 59.036      389     1996      420     2020     31     24       385      2010       416      1992       423      2004       392      2022       364      1971       445      2045 PARcau 1.783638e-04 3.941458e-11 0.999822
    39   0       1460       2816  6.000   7.000  34.5 90.000     1457     2813     1464     2821      7      8      1457      2813      1463      2813      1463      2820      1457      2820      1432      2788      1489      2846 PARcau 3.626370e-01 2.747252e-02 0.609890
    39   1        967       2797  7.826   9.394  54.5 63.435      963     2793      973     2803     10     10       961      2795       968      2791       972      2800       965      2803       938      2768       998      2828 PARcau 2.512182e-01 5.318740e-02 0.695594
    39   2        392       2017 14.916  29.774 337.5 49.399      381     2007      407     2030     26     23       377      2020       400      2001       409      2012       387      2032       356      1982       432      2055 PARcau 4.918173e-08 2.643008e-12 1.000000
    40   1        966       2789  6.000  11.000  46.5  0.000      964     2784      971     2796      7     12       964      2784       970      2784       970      2795       964      2795       939      2759       996      2821 PARcau 7.920701e-03 2.124145e-04 0.991867
    40   0       1462       2812  5.000   7.000  27.0 90.000     1460     2809     1466     2817      6      8      1460      2809      1465      2809      1465      2816      1460      2816      1435      2784      1491      2842 PARcau 5.367402e-01 1.439958e-01 0.319264
    40   2        387       2023 11.000  12.000 106.0 90.000      381     2018      394     2030     13     12       381      2018       393      2018       393      2029       381      2029       356      1993       419      2055 PARcau 9.144394e-05 1.459009e-09 0.999909
    41   1        966       2769  8.000  14.000  83.0 90.000      962     2763      971     2778      9     15       962      2763       970      2763       970      2777       962      2777       937      2738       996      2803 PARcau 4.354769e-03 3.768837e-05 0.995608
    42   1        965       2760 11.000  13.000 110.5 90.000      960     2754      972     2768     12     14       960      2754       971      2754       971      2767       960      2767       935      2729       997      2793 PARcau 5.135118e-03 3.226653e-03 0.991638
    43   1        964       2760 11.314  12.042 107.5 45.000      958     2755      971     2768     13     13       964      2752       972      2760       964      2769       956      2761       933      2730       996      2793 PARcau 3.171171e-02 2.034401e-03 0.966254
    43   0       1469       2813  6.364   6.364  30.0 45.000     1466     2811     1474     2818      8      7      1469      2809      1474      2814      1469      2818      1465      2814      1441      2786      1499      2843 PARcau 4.665951e-01 1.445800e-01 0.388825
    44   0       1474       2815  6.000   8.000  38.0 90.000     1471     2812     1480     2819      9      7      1471      2812      1479      2812      1479      2818      1471      2818      1446      2787      1505      2844 PARcau 4.291008e-01 3.930025e-01 0.177897
    44   1        957       2767  8.544  14.866 100.5 71.565      950     2763      965     2774     15     11       948      2766       962      2761       965      2769       951      2774       925      2738       990      2799 PARcau 1.543894e-01 1.438612e-03 0.844172
    44   3        610       2845  6.000  10.000  45.5 90.000      605     2843      616     2850     11      7       605      2843       615      2843       615      2849       605      2849       580      2818       641      2875 PARcau 4.064071e-02 1.480342e-03 0.957879
    45   3        614       2843  8.000  11.000  69.5 90.000      609     2840      621     2849     12      9       609      2840       620      2840       620      2848       609      2848       584      2815       646      2874 PARcau 8.200827e-01 1.797033e-03 0.178120
    45   0       1480       2813  6.000   7.000  37.0 90.000     1477     2810     1485     2817      8      7      1477      2810      1484      2810      1484      2816      1477      2816      1452      2785      1510      2842 PARcau 2.491242e-01 3.613677e-01 0.389508
    45   1        945       2763 10.770  15.652 126.5 63.435      940     2755      953     2772     13     17       937      2758       947      2754       954      2768       944      2772       915      2730       978      2797 PARcau 1.659662e-03 1.371976e-04 0.998203
    46   3        617       2841  9.000  11.000  83.0 90.000      612     2837      624     2847     12     10       612      2837       623      2837       623      2846       612      2846       587      2812       649      2872 PARcau 7.135052e-01 5.670039e-03 0.280825
    46   0       1483       2808  6.000   7.000  34.5 90.000     1481     2805     1488     2813      7      8      1481      2805      1487      2805      1487      2812      1481      2812      1456      2780      1513      2838 PARcau 1.747300e-01 3.680207e-01 0.457249
    46   1        949       2751  9.925  16.325 123.5 50.194      943     2745      958     2759     15     14       940      2752       952      2742       959      2749       946      2760       918      2720       983      2784 PARcau 6.273558e-02 4.458792e-03 0.932806
    47   3        618       2839  9.899  11.314  83.0 45.000      613     2835      626     2846     13     11       618      2832       626      2840       619      2847       611      2839       588      2810       651      2871 PARcau 6.685267e-01 1.429381e-03 0.330044
    47   1        960       2749 11.000  12.000 101.5 90.000      955     2744      968     2756     13     12       955      2744       967      2744       967      2755       955      2755       930      2719       993      2781 PARcau 8.965492e-01 7.226648e-03 0.096224
    48   3        618       2838  9.000  10.000  72.5 90.000      613     2834      624     2844     11     10       613      2834       623      2834       623      2843       613      2843       588      2809       649      2869 PARcau 7.310186e-01 4.858547e-02 0.220396
    48   1        960       2758 10.700  15.700 118.0 53.130      953     2752      968     2765     15     13       950      2758       963      2749       969      2757       957      2767       928      2727       993      2790 PARcau 1.253222e-01 4.592811e-04 0.874218
    49   3        615       2838  8.944   8.944  64.0 63.435      610     2834      621     2844     11     10       609      2836       617      2832       621      2840       613      2844       585      2809       646      2869 PARcau 7.744905e-01 3.622070e-03 0.221887
    49   1        947       2760 10.308  17.951 134.0 14.036      939     2755      957     2767     18     12       939      2753       957      2757       954      2767       937      2763       914      2730       982      2792 PARcau 6.970928e-02 1.759387e-03 0.928531
    50   3        611       2838  9.000  10.000  65.0 90.000      607     2834      618     2844     11     10       607      2834       617      2834       617      2843       607      2843       582      2809       643      2869 PARcau 1.626401e-01 1.222592e-02 0.825134
    50   0       1491       2806  6.364   6.364  27.0 45.000     1487     2804     1495     2811      8      7      1491      2802      1495      2806      1491      2811      1486      2806      1462      2779      1520      2836 PARcau 2.619077e-01 4.806203e-02 0.690030
    50   1        938       2750 10.000  15.000 120.0 90.000      934     2743      945     2759     11     16       934      2743       944      2743       944      2758       934      2758       909      2718       970      2784 PARcau 4.308152e-01 7.758771e-03 0.561426
    51   3        609       2836  8.000  11.000  64.0 90.000      604     2833      616     2842     12      9       604      2833       615      2833       615      2841       604      2841       579      2808       641      2867 PARcau 5.600154e-01 1.116992e-03 0.438868
    51   0       1496       2806  6.000   6.000  29.0 90.000     1493     2803     1500     2810      7      7      1493      2803      1499      2803      1499      2809      1493      2809      1468      2778      1525      2835 PARcau 7.247849e-01 1.568210e-01 0.118394
    51   1        944       2742  9.000  11.000  86.0 90.000      939     2738      951     2748     12     10       939      2738       950      2738       950      2747       939      2747       914      2713       976      2773 PARcau 2.442850e-01 5.802679e-01 0.175447
    52   1        944       2745 10.000  11.000  90.5 90.000      940     2740      951     2752     11     12       940      2740       950      2740       950      2751       940      2751       915      2715       976      2777 PARcau 4.681436e-01 3.656023e-01 0.166254
    52   3        608       2834  8.000   9.000  55.5 90.000      604     2830      614     2839     10      9       604      2830       613      2830       613      2838       604      2838       579      2805       639      2864 PARcau 6.332103e-02 7.826633e-03 0.928852
    52   0       1499       2803  5.000   6.000  26.5 90.000     1497     2800     1503     2807      6      7      1497      2800      1502      2800      1502      2806      1497      2806      1472      2775      1528      2832 PARcau 6.916091e-01 2.433775e-01 0.065013
    53   3        609       2831  8.000   9.000  52.0  0.000      605     2827      615     2836     10      9       605      2827       614      2827       614      2835       605      2835       580      2802       640      2861 PARcau 5.674834e-01 1.240578e-02 0.420111
    53   0       1500       2799  6.000   6.000  27.5 90.000     1497     2797     1504     2804      7      7      1497      2797      1503      2797      1503      2803      1497      2803      1472      2772      1529      2829 PARcau 1.008105e-01 8.068079e-01 0.092382
    53   1        952       2751  9.179  17.923 115.5 29.745      944     2745      962     2758     18     13       946      2742       961      2751       957      2759       941      2750       919      2720       987      2783 PARcau 5.905669e-03 7.592128e-04 0.993335
    54   3        612       2827  7.000   9.000  51.0 90.000      608     2824      618     2832     10      8       608      2824       617      2824       617      2831       608      2831       583      2799       643      2857 PARcau 6.810920e-01 7.528504e-03 0.311379
    54   1        961       2756  9.849  11.180  78.0 26.565      956     2751      968     2763     12     12       958      2749       968      2754       964      2763       954      2758       931      2726       993      2788 PARcau 1.034323e-01 6.089320e-02 0.835675
    55   3        615       2825  8.485   8.485  56.0 45.000      611     2821      621     2830     10      9       614      2819       620      2825       614      2831       608      2825       586      2796       646      2855 PARcau 6.128352e-01 1.960483e-03 0.385204
    55   1        952       2755  9.000  17.000 108.5 90.000      944     2751      962     2761     18     10       944      2751       961      2751       961      2760       944      2760       919      2726       987      2786 PARcau 9.712966e-03 1.844695e-04 0.990103
    56   3        616       2822  7.000   9.000  47.5 90.000      612     2819      622     2827     10      8       612      2819       621      2819       621      2826       612      2826       587      2794       647      2852 PARcau 6.578441e-01 3.577479e-03 0.338578
    56   1        940       2751 10.000  12.000  86.0 90.000      935     2746      948     2757     13     11       935      2746       947      2746       947      2756       935      2756       910      2721       973      2782 PARcau 7.829720e-02 5.277282e-02 0.868930
    57   3        616       2821  7.000   8.000  47.5 90.000      613     2818      622     2826      9      8       613      2818       621      2818       621      2825       613      2825       588      2793       647      2851 PARcau 8.173107e-01 1.704276e-02 0.165647
    57   1        942       2752  8.944  16.553 104.0 26.565      936     2747      952     2759     16     12       937      2745       952      2752       948      2760       933      2753       911      2722       977      2784 PARcau 6.979176e-02 6.325627e-05 0.930145
    57   0       1510       2805  4.472   6.708  25.5 63.435     1507     2803     1514     2810      7      7      1506      2805      1512      2802      1514      2806      1508      2809      1482      2778      1539      2835 PARcau 7.041421e-01 6.260685e-02 0.233251
    58   3        615       2821  6.364   7.778  34.5 45.000      611     2818      620     2826      9      8       610      2822       616      2817       620      2821       615      2827       586      2793       645      2851 PARcau 1.548706e-01 1.900104e-01 0.655119
    58   0       1515       2802  5.657   7.071  28.5 45.000     1512     2800     1519     2807      7      7      1510      2803      1515      2798      1519      2802      1514      2807      1487      2775      1544      2832 PARcau 2.976117e-01 4.540095e-01 0.248379
    58   1        954       2760  9.618  14.983  95.5 63.435      948     2754      962     2768     14     14       947      2756       955      2751       962      2765       953      2769       923      2729       987      2793 PARcau 6.195601e-02 4.048351e-03 0.933996
    59   0       1516       2798  5.000   6.000  28.0 90.000     1514     2795     1520     2802      6      7      1514      2795      1519      2795      1519      2801      1514      2801      1489      2770      1545      2827 PARcau 9.332562e-01 2.946592e-02 0.037278
    59   1        955       2768  9.487  10.440  62.0 18.435      950     2764      961     2774     11     10       951      2762       961      2765       958      2774       948      2771       925      2739       986      2799 PARcau 4.350820e-01 5.227088e-02 0.512647
    60   0       1514       2794  6.000   6.000  29.0 90.000     1512     2791     1519     2798      7      7      1512      2791      1518      2791      1518      2797      1512      2797      1487      2766      1544      2823 PARcau 6.738114e-01 2.932967e-01 0.032892
    60   1        945       2765  8.322  17.066 101.0 30.964      938     2760      954     2772     16     12       940      2757       954      2766       950      2773       935      2764       913      2735       979      2797 PARcau 1.601500e-03 2.443355e-04 0.998154
    61   3        607       2821  7.000   7.000  33.0 90.000      604     2818      612     2826      8      8       604      2818       611      2818       611      2825       604      2825       579      2793       637      2851 PARcau 4.221265e-01 7.242505e-02 0.505448
    61   1        934       2754  9.192  17.678 123.0 45.000      928     2748      943     2763     15     15       931      2745       944      2758       937      2764       925      2752       903      2723       968      2788 PARcau 5.020503e-02 1.194731e-03 0.948600
    62   0       1515       2794  6.364   6.364  31.0 45.000     1512     2792     1520     2799      8      7      1515      2790      1520      2795      1515      2799      1511      2795      1487      2767      1545      2824 PARcau 5.748242e-01 2.950172e-01 0.130159
    62   3        607       2820  6.364   6.364  30.0 45.000      604     2817      612     2824      8      7       607      2815       612      2820       607      2824       603      2820       579      2792       637      2849 PARcau 3.490900e-01 3.212726e-01 0.329637
    62   1        928       2748 10.000  11.000  86.0 90.000      923     2743      935     2754     12     11       923      2743       934      2743       934      2753       923      2753       898      2718       960      2779 PARcau 3.783016e-01 1.355079e-01 0.486190
    63   1        928       2753 10.000  15.000 119.0 90.000      924     2746      935     2762     11     16       924      2746       934      2746       934      2761       924      2761       899      2721       960      2787 PARcau 1.457465e-01 1.722671e-03 0.852531
    64   0       1525       2791  6.000   6.000  30.5 90.000     1522     2789     1529     2796      7      7      1522      2789      1528      2789      1528      2795      1522      2795      1497      2764      1554      2821 PARcau 1.172237e-01 6.641799e-01 0.218596
    64   1        928       2766  8.559  14.221  90.0  9.462      924     2759      934     2774     10     15       925      2758       934      2759       931      2773       923      2772       899      2734       959      2799 PARcau 3.186584e-03 1.154158e-04 0.996698
    65   0       1525       2787  6.000   7.000  35.5 90.000     1523     2784     1530     2792      7      8      1523      2784      1529      2784      1529      2791      1523      2791      1498      2759      1555      2817 PARcau 7.315316e-01 3.838162e-03 0.264630
    65   3        617       2812  6.000   7.000  33.5 90.000      614     2810      622     2817      8      7       614      2810       621      2810       621      2816       614      2816       589      2785       647      2842 PARcau 8.387812e-01 1.004351e-01 0.060784
    65   1        920       2776  6.000   8.000  36.5 90.000      916     2774      925     2781      9      7       916      2774       924      2774       924      2780       916      2780       891      2749       950      2806 PARcau 1.286719e-04 7.790974e-06 0.999864
    66   0       1524       2784  7.000   7.000  43.0 90.000     1521     2781     1529     2789      8      8      1521      2781      1528      2781      1528      2788      1521      2788      1496      2756      1554      2814 PARcau 8.515869e-01 3.394732e-02 0.114466
    66   3        620       2811  6.000   6.000  27.0  0.000      617     2808      624     2815      7      7       617      2808       623      2808       623      2814       617      2814       592      2783       649      2840 PARcau 5.049268e-02 4.818687e-02 0.901321
    66   1        909       2770  7.071  12.728  68.5 45.000      904     2765      915     2777     11     12       907      2763       916      2772       911      2777       902      2768       879      2740       940      2802 PARcau 6.563836e-04 1.813429e-04 0.999162
    67   3        619       2809  6.000   6.000  28.0  0.000      617     2806      624     2813      7      7       617      2806       623      2806       623      2812       617      2812       592      2781       649      2838 PARcau 4.699850e-01 3.840782e-01 0.145937
    67   0       1522       2784  7.000   7.000  38.5 90.000     1519     2781     1527     2789      8      8      1519      2781      1526      2781      1526      2788      1519      2788      1494      2756      1552      2814 PARcau 9.235064e-01 3.678622e-03 0.072815
    67   1        900       2760  9.899  15.556 121.0 45.000      894     2754      908     2768     14     14       898      2751       909      2762       902      2769       891      2758       869      2729       933      2793 PARcau 5.420700e-02 4.083405e-04 0.945385
    68   3        618       2808  6.000   7.000  26.5  0.000      615     2805      623     2812      8      7       615      2805       622      2805       622      2811       615      2811       590      2780       648      2837 PARcau 2.627324e-01 1.043068e-01 0.632961
    68   0       1522       2787  6.403   7.071  34.5 45.000     1519     2784     1526     2793      7      9      1522      2783      1527      2788      1522      2792      1517      2787      1494      2759      1551      2818 PARcau 4.186145e-01 1.522038e-01 0.429182
    68   1        894       2759 11.000  13.000 112.0 90.000      889     2753      901     2767     12     14       889      2753       900      2753       900      2766       889      2766       864      2728       926      2792 PARcau 9.594710e-02 5.417017e-04 0.903511
    69   3        615       2807  5.000   7.000  26.5 90.000      612     2805      620     2811      8      6       612      2805       619      2805       619      2810       612      2810       587      2780       645      2836 PARcau 8.238220e-02 8.820612e-02 0.829412
    69   1        895       2770  6.964  13.285  71.0 71.565      891     2764      900     2778      9     14       890      2765       896      2762       901      2775       894      2777       866      2739       925      2803 PARcau 1.180700e-02 2.814690e-04 0.987912
    70   0       1531       2794  5.000   7.000  28.0 90.000     1528     2792     1536     2798      8      6      1528      2792      1535      2792      1535      2797      1528      2797      1503      2767      1561      2823 PARcau 6.979843e-01 2.095741e-01 0.092442
    70   1        897       2786  6.000  10.000  51.0 90.000      894     2782      901     2793      7     11       894      2782       900      2782       900      2792       894      2792       869      2757       926      2818 PARcau 5.733373e-02 6.092150e-04 0.942057
    71   0       1536       2792  6.265   6.946  33.5 26.565     1533     2789     1541     2797      8      8      1535      2788      1541      2791      1537      2797      1532      2794      1508      2764      1566      2822 PARcau 2.666863e-02 8.540321e-01 0.119299
    71   1        888       2790  7.159  12.855  70.5 14.036      883     2786      896     2795     13      9       883      2785       895      2788       894      2795       881      2792       858      2761       921      2820 PARcau 1.413438e-02 1.337615e-03 0.984528
    72   0       1539       2790  6.000   6.000  31.5 90.000     1536     2788     1543     2795      7      7      1536      2788      1542      2788      1542      2794      1536      2794      1511      2763      1568      2820 PARcau 8.903940e-01 6.995611e-02 0.039650
    72   1        877       2782  6.403  11.314  54.5 45.000      873     2778      883     2788     10     10       876      2776       884      2784       879      2788       871      2780       848      2753       908      2813 PARcau 1.629583e-01 8.598698e-05 0.836956
    73   0       1539       2792  6.000   6.000  27.0 90.000     1537     2789     1544     2796      7      7      1537      2789      1543      2789      1543      2795      1537      2795      1512      2764      1569      2821 PARcau 6.343686e-01 3.096095e-01 0.056022
    74   0       1541       2796  6.000   7.000  29.5 90.000     1538     2793     1545     2801      7      8      1538      2793      1544      2793      1544      2800      1538      2800      1513      2768      1570      2826 PARcau 9.498839e-02 8.515630e-01 0.053449
    74   1        872       2782  6.000  11.000  50.0  0.000      870     2777      877     2789      7     12       870      2777       876      2777       876      2788       870      2788       845      2752       902      2814 PARcau 2.586935e-02 1.142120e-03 0.972989
    75   0       1545       2801  6.000   6.000  31.0 90.000     1542     2798     1549     2805      7      7      1542      2798      1548      2798      1548      2804      1542      2804      1517      2773      1574      2830 PARcau 2.493761e-01 5.836188e-01 0.167005
    75   1        869       2796  7.810  11.314  69.5 45.000      865     2791      875     2802     10     11       862      2797       870      2789       875      2795       867      2803       840      2766       900      2827 PARcau 2.082845e-01 4.445750e-03 0.787270
    76   0       1550       2802  6.000   6.000  31.0 90.000     1547     2800     1554     2807      7      7      1547      2800      1553      2800      1553      2806      1547      2806      1522      2775      1579      2832 PARcau 3.136372e-01 5.537803e-01 0.132582
    76   1        862       2796  7.382  10.512  61.5 63.435      858     2791      868     2802     10     11       857      2793       863      2789       868      2799       861      2802       833      2766       893      2827 PARcau 8.280206e-02 1.455869e-02 0.902639
    77   0       1551       2802  5.000   6.000  26.5 90.000     1548     2800     1555     2806      7      6      1548      2800      1554      2800      1554      2805      1548      2805      1523      2775      1580      2831 PARcau 7.944455e-01 1.340550e-01 0.071500
    77   1        856       2784  6.265  12.298  54.0 63.435      853     2779      861     2791      8     12       856      2777       861      2788       856      2791       850      2780       828      2754       886      2816 PARcau 6.631819e-05 1.015559e-05 0.999923
    78   1        853       2771  8.000   9.000  55.5 90.000      850     2767      859     2777      9     10       850      2767       858      2767       858      2776       850      2776       825      2742       884      2802 PARcau 3.452534e-03 4.401118e-04 0.996107
    79   0       1553       2795  6.000   7.000  31.0 90.000     1550     2793     1557     2801      7      8      1550      2793      1556      2793      1556      2800      1550      2800      1525      2768      1582      2826 PARcau 5.806997e-01 3.123505e-01 0.106950
    79   1        855       2770  8.000   9.000  54.5 90.000      851     2766      860     2776      9     10       851      2766       859      2766       859      2775       851      2775       826      2741       885      2801 PARcau 3.652476e-04 1.208701e-04 0.999514
    80   0       1553       2791  6.708   6.708  35.0 63.435     1550     2788     1558     2796      8      8      1549      2790      1555      2787      1558      2793      1552      2796      1525      2763      1583      2821 PARcau 8.955429e-01 1.089320e-02 0.093564
    80   1        855       2783  5.000  11.000  42.0 90.000      853     2778      859     2790      6     12       853      2778       858      2778       858      2789       853      2789       828      2753       884      2815 PARcau 6.236081e-04 1.092930e-04 0.999267
    81   0       1554       2790  6.000   7.000  32.5 90.000     1551     2787     1558     2795      7      8      1551      2787      1557      2787      1557      2794      1551      2794      1526      2762      1583      2820 PARcau 2.477296e-02 6.076694e-01 0.367558
    81   3        620       2793  6.364   6.364  30.0 45.000      617     2791      625     2798      8      7       620      2789       625      2794       620      2798       616      2794       592      2766       650      2823 PARcau 1.737325e-01 2.438417e-01 0.582426
    81   1        849       2798  7.071  11.314  64.0 45.000      845     2793      855     2804     10     11       843      2799       851      2791       856      2796       848      2804       820      2768       880      2829 PARcau 2.012976e-03 1.071217e-04 0.997880
    82   0       1556       2791  6.364   6.364  31.0 45.000     1553     2789     1561     2796      8      7      1556      2787      1561      2792      1556      2796      1552      2792      1528      2764      1586      2821 PARcau 8.196512e-01 1.719533e-02 0.163153
    82   1        840       2801  8.544  12.649  81.0 18.435      835     2797      848     2807     13     10       836      2795       848      2799       845      2807       833      2803       810      2772       873      2832 PARcau 2.225607e-01 4.891765e-02 0.728522
    83   0       1561       2794  6.364   6.364  31.0 45.000     1558     2792     1566     2799      8      7      1561      2790      1566      2795      1561      2799      1557      2795      1533      2767      1591      2824 PARcau 1.530263e-01 4.751830e-01 0.371791
    83   1        831       2791  5.590  12.971  56.5 63.435      828     2786      837     2798      9     12       831      2784       837      2795       832      2798       826      2786       803      2761       862      2823 PARcau 9.658238e-04 2.049687e-04 0.998829
    84   0       1567       2795  6.000   6.000  30.5 90.000     1564     2792     1571     2799      7      7      1564      2792      1570      2792      1570      2798      1564      2798      1539      2767      1596      2824 PARcau 4.590870e-01 3.670416e-01 0.173872
    84   1        824       2780  8.000   8.000  49.5 90.000      820     2776      829     2785      9      9       820      2776       828      2776       828      2784       820      2784       795      2751       854      2810 PARcau 1.280002e-02 1.698755e-03 0.985501
    85   0       1570       2791  7.000   7.000  38.5 90.000     1567     2788     1575     2796      8      8      1567      2788      1574      2788      1574      2795      1567      2795      1542      2763      1600      2821 PARcau 8.525851e-01 5.196670e-02 0.095448
    85   1        816       2783  5.657   9.899  43.0 45.000      813     2779      821     2789      8     10       811      2785       818      2778       822      2782       815      2789       788      2754       846      2814 PARcau 1.540150e-02 2.846341e-03 0.981752
    86   0       1570       2785  6.000   8.000  39.5 90.000     1567     2782     1574     2791      7      9      1567      2782      1573      2782      1573      2790      1567      2790      1542      2757      1599      2816 PARcau 6.085320e-01 6.266355e-02 0.328804
    86   1        809       2794  8.485   9.899  61.5 45.000      805     2790      815     2800     10     10       803      2795       810      2788       816      2794       809      2801       780      2765       840      2825 PARcau 3.886447e-02 1.503461e-02 0.946101
    87   0       1570       2781  7.000   8.000  46.5 90.000     1567     2777     1575     2786      8      9      1567      2777      1574      2777      1574      2785      1567      2785      1542      2752      1600      2811 PARcau 6.765001e-01 2.592398e-03 0.320907
    87   1        804       2792  7.000  10.000  57.0 90.000      801     2787      809     2798      8     11       801      2787       808      2787       808      2797       801      2797       776      2762       834      2823 PARcau 1.386246e-01 4.778556e-03 0.856597
    88   0       1573       2780  7.000   8.000  41.0  0.000     1570     2777     1579     2785      9      8      1570      2777      1578      2777      1578      2784      1570      2784      1545      2752      1604      2810 PARcau 9.612683e-01 3.451653e-03 0.035280
    88   1        798       2780  6.403   9.899  47.5 45.000      794     2776      803     2785      9      9       797      2774       804      2781       800      2786       793      2779       769      2751       828      2810 PARcau 1.301817e-01 3.497446e-02 0.834844
    89   0       1580       2780  7.000   8.000  47.0 90.000     1576     2777     1585     2785      9      8      1576      2777      1584      2777      1584      2784      1576      2784      1551      2752      1610      2810 PARcau 8.712252e-01 3.666820e-02 0.092107
    89   1        791       2783  6.325  10.440  44.5 18.435      788     2779      796     2789      8     10       790      2777       796      2779       793      2789       787      2787       763      2754       821      2814 PARcau 1.072004e-02 7.773880e-03 0.981506
    90   0       1585       2777  7.000   8.000  44.5 90.000     1582     2774     1590     2783      8      9      1582      2774      1589      2774      1589      2782      1582      2782      1557      2749      1615      2808 PARcau 7.491509e-01 3.491415e-02 0.215935
    90   1        791       2798  8.000  10.000  61.0 90.000      788     2793      797     2804      9     11       788      2793       796      2793       796      2803       788      2803       763      2768       822      2829 PARcau 4.177503e-02 1.882544e-02 0.939400
    90   3        632       2782  5.657   7.071  30.0 45.000      629     2780      637     2787      8      7       632      2778       637      2783       633      2787       628      2782       604      2755       662      2812 PARcau 6.126063e-02 1.855269e-01 0.753213
    91   3        630       2782  5.000   7.000  27.5 90.000      627     2780      635     2786      8      6       627      2780       634      2780       634      2785       627      2785       602      2755       660      2811 PARcau 4.504767e-02 8.613261e-02 0.868820
    91   0       1587       2771  7.000   9.000  53.5 90.000     1584     2767     1592     2777      8     10      1584      2767      1591      2767      1591      2776      1584      2776      1559      2742      1617      2802 PARcau 7.062427e-01 2.379292e-02 0.269964
    91   1        794       2802  8.000   9.000  60.0 90.000      791     2798      800     2808      9     10       791      2798       799      2798       799      2807       791      2807       766      2773       825      2833 PARcau 8.909787e-01 5.482231e-02 0.054199
    92   1        791       2794  5.657  11.314  51.0 45.000      787     2790      797     2800     10     10       789      2788       797      2796       793      2800       785      2792       762      2765       822      2825 PARcau 6.461295e-06 2.634843e-06 0.999991
    92   0       1586       2766  8.000   8.000  46.5 90.000     1583     2762     1592     2771      9      9      1583      2762      1591      2762      1591      2770      1583      2770      1558      2737      1617      2796 PARcau 5.469632e-01 3.333291e-01 0.119708
    93   0       1586       2763  7.000   8.000  46.0 90.000     1583     2759     1591     2768      8      9      1583      2759      1590      2759      1590      2767      1583      2767      1558      2734      1616      2793 PARcau 5.612767e-01 2.418083e-01 0.196915
    93   1        779       2785  7.000  11.000  61.5 90.000      774     2782      786     2790     12      8       774      2782       785      2782       785      2789       774      2789       749      2757       811      2815 PARcau 1.217993e-01 1.026236e-01 0.775577
    94   0       1588       2762  7.778   7.778  45.5 45.000     1584     2759     1594     2768     10      9      1588      2757      1594      2763      1588      2768      1583      2763      1559      2734      1619      2793 PARcau 1.234097e-01 8.492570e-01 0.027333
    94   1        771       2793  6.000  11.000  50.5 90.000      768     2788      775     2800      7     12       768      2788       774      2788       774      2799       768      2799       743      2763       800      2825 PARcau 4.218566e-02 6.856542e-04 0.957129
    95   0       1594       2763  7.000   8.000  45.0 90.000     1590     2760     1599     2768      9      8      1590      2760      1598      2760      1598      2767      1590      2767      1565      2735      1624      2793 PARcau 4.036509e-01 3.273431e-01 0.269006
    95   1        775       2807  7.810  12.728  76.5 45.000      770     2802      782     2813     12     11       773      2800       782      2809       776      2814       767      2805       745      2777       807      2838 PARcau 3.860885e-01 1.388125e-03 0.612523
    96   0       1600       2761  7.071   8.485  45.0 45.000     1597     2757     1606     2766      9      9      1595      2761      1601      2755      1606      2760      1600      2766      1572      2732      1631      2791 PARcau 1.637083e-01 3.320816e-01 0.504210
    96   1        786       2808  8.500  13.200  79.0 63.435      780     2804      793     2814     13     10       778      2807       790      2801       794      2809       782      2814       755      2779       818      2839 PARcau 2.084764e-03 1.528987e-04 0.997762
    97   0       1603       2755  6.000   8.000  42.0 90.000     1601     2752     1608     2761      7      9      1601      2752      1607      2752      1607      2760      1601      2760      1576      2727      1633      2786 PARcau 7.656127e-01 3.176752e-02 0.202620
    97   1        792       2798  6.000  10.000  49.5 90.000      790     2793      797     2804      7     11       790      2793       796      2793       796      2803       790      2803       765      2768       822      2829 PARcau 2.169949e-03 1.219911e-03 0.996610
    98   0       1603       2750  7.000   8.000  46.5 90.000     1600     2746     1608     2755      8      9      1600      2746      1607      2746      1607      2754      1600      2754      1575      2721      1633      2780 PARcau 9.467075e-01 3.080956e-02 0.022483
    98   1        785       2783  5.408  10.062  36.0 26.565      781     2780      791     2788     10      8       782      2779       791      2783       788      2788       779      2783       756      2755       816      2813 PARcau 3.299537e-03 4.243792e-04 0.996276
    99   0       1600       2747  7.000   7.000  43.0 90.000     1597     2744     1605     2752      8      8      1597      2744      1604      2744      1604      2751      1597      2751      1572      2719      1630      2777 PARcau 3.812414e-01 5.409310e-01 0.077828
    99   1        770       2783  5.657   9.899  41.0 45.000      766     2780      777     2788     11      8       765      2784       772      2777       776      2781       769      2788       741      2755       802      2813 PARcau 2.898023e-02 3.876696e-02 0.932253
   100   0       1599       2748  7.000   7.000  39.5 90.000     1596     2745     1604     2753      8      8      1596      2745      1603      2745      1603      2752      1596      2752      1571      2720      1629      2778 PARcau 1.038389e-01 8.537763e-01 0.042385
   100   1        763       2797  6.000  11.000  52.0  0.000      760     2792      767     2804      7     12       760      2792       766      2792       766      2803       760      2803       735      2767       792      2829 PARcau 1.856025e-01 2.421546e-02 0.790182
   101   0       1603       2750  6.000   8.000  40.5 90.000     1600     2747     1609     2754      9      7      1600      2747      1608      2747      1608      2753      1600      2753      1575      2722      1634      2779 PARcau 1.432525e-01 8.474883e-01 0.009259
   101   1        768       2810  8.485  12.728  81.5 45.000      763     2805      776     2816     13     11       766      2803       775      2812       769      2818       760      2809       738      2780       801      2841 PARcau 4.399502e-01 1.278621e-03 0.558771
   101   4        364       2773  7.000  10.000  58.5 90.000      361     2768      369     2779      8     11       361      2768       368      2768       368      2778       361      2778       336      2743       394      2804 PARcau 7.105250e-06 1.119664e-10 0.999993
   102   0       1610       2748  7.000   8.000  43.5 90.000     1606     2745     1615     2753      9      8      1606      2745      1614      2745      1614      2752      1606      2752      1581      2720      1640      2778 PARcau 1.444322e-01 3.974996e-01 0.458068
   102   1        778       2810 10.000  10.000  73.5 90.000      773     2805      784     2816     11     11       773      2805       783      2805       783      2815       773      2815       748      2780       809      2841 PARcau 5.989899e-01 4.327739e-03 0.396682
   102   4        367       2781 13.865  28.849 312.0 63.435      358     2768      376     2797     18     29       367      2766       379      2792       367      2798       354      2772       333      2743       401      2822 PARcau 6.996721e-04 1.447056e-08 0.999300
   103   0       1614       2742  7.000   9.000  48.5 90.000     1611     2738     1619     2748      8     10      1611      2738      1618      2738      1618      2747      1611      2747      1586      2713      1644      2773 PARcau 9.574056e-01 9.465628e-03 0.033129
   103   1        779       2797  6.325  12.649  57.0 71.565      776     2792      784     2805      8     13       774      2792       780      2790       784      2802       778      2804       751      2767       809      2830 PARcau 2.067463e-02 3.761495e-01 0.603176
   103   4        371       2795 14.983  37.343 414.5 63.435      362     2779      382     2814     20     35       370      2775       387      2809       373      2815       357      2782       337      2754       407      2839 PARcau 7.360793e-03 2.610470e-09 0.992639
   104   0       1613       2735  6.000   8.000  39.5 90.000     1610     2732     1617     2741      7      9      1610      2732      1616      2732      1616      2740      1610      2740      1585      2707      1642      2766 PARcau 2.550338e-01 4.574432e-01 0.287523
   104   1        767       2787  7.000  13.000  62.0 90.000      761     2784      775     2792     14      8       761      2784       774      2784       774      2791       761      2791       736      2759       800      2817 PARcau 1.877518e-02 4.848488e-02 0.932740
   104   4        377       2810 15.042  34.077 379.5 68.199      368     2795      389     2827     21     32       364      2797       378      2792       391      2823       377      2829       343      2770       414      2852 PARcau 1.640936e-03 6.881709e-08 0.998359
   105   0       1610       2732  7.000   8.000  44.0 90.000     1606     2729     1615     2737      9      8      1606      2729      1614      2729      1614      2736      1606      2736      1581      2704      1640      2762 PARcau 8.708739e-01 3.736442e-02 0.091762
   105   1        753       2791  6.403  11.314  58.5 45.000      749     2787      759     2798     10     11       747      2793       755      2785       759      2790       751      2798       724      2762       784      2823 PARcau 3.550502e-02 2.682630e-03 0.961812
   105   4        386       2827 12.748  36.449 351.5 63.435      376     2811      398     2845     22     34       383      2808       400      2841       388      2846       372      2814       351      2786       423      2870 PARcau 7.200818e-03 3.698601e-07 0.992799
   105   3        655       2796  5.657   6.403  25.5 45.000      652     2794      659     2801      7      7       654      2792       658      2797       654      2801       650      2796       627      2769       684      2826 PARcau 6.786831e-02 2.699777e-01 0.662154
   106   0       1610       2732  7.000   8.000  43.0 90.000     1607     2729     1616     2737      9      8      1607      2729      1615      2729      1615      2736      1607      2736      1582      2704      1641      2762 PARcau 1.026258e-01 8.342961e-01 0.063078
   106   1        749       2807  8.000  12.000  71.5 90.000      746     2801      755     2814      9     13       746      2801       754      2801       754      2813       746      2813       721      2776       780      2839 PARcau 1.694463e-02 5.655328e-03 0.977400
   106   4        392       2838 14.142  18.385 193.5 45.000      384     2829      402     2847     18     18       390      2827       403      2840       393      2850       380      2837       359      2804       427      2872 PARcau 1.695893e-04 1.624809e-07 0.999830
   107   0       1616       2730  6.000   8.000  39.5 90.000     1612     2728     1621     2735      9      7      1612      2728      1620      2728      1620      2734      1612      2734      1587      2703      1646      2760 PARcau 5.268021e-01 3.348814e-01 0.138316
   107   1        757       2818 11.000  12.000 100.5 90.000      751     2813      764     2825     13     12       751      2813       763      2813       763      2824       751      2824       726      2788       789      2850 PARcau 6.830432e-01 1.635869e-02 0.300598
   108   0       1622       2727  7.071   8.485  48.0 45.000     1618     2723     1627     2732      9      9      1616      2727      1622      2721      1627      2726      1621      2732      1593      2698      1652      2757 PARcau 1.651242e-01 4.492742e-01 0.385601
   108   1        763       2816 10.000  12.000  95.0 90.000      758     2810      769     2823     11     13       758      2810       768      2810       768      2822       758      2822       733      2785       794      2848 PARcau 7.374004e-01 4.762181e-02 0.214978
   109   0       1624       2721  7.000   8.000  46.0 90.000     1621     2717     1629     2726      8      9      1621      2717      1628      2717      1628      2725      1621      2725      1596      2692      1654      2751 PARcau 9.712282e-01 2.279310e-02 0.005979
   109   1        758       2804  7.071  14.142  75.0 45.000      753     2799      765     2811     12     12       756      2797       766      2807       761      2812       751      2802       728      2774       790      2836 PARcau 8.274725e-03 5.091482e-04 0.991216
   110   0       1623       2714  7.000   8.000  43.0 90.000     1620     2711     1628     2720      8      9      1620      2711      1627      2711      1627      2719      1620      2719      1595      2686      1653      2745 PARcau 6.795537e-01 1.770750e-01 0.143371
   110   1        744       2797  7.000  14.000  73.5 90.000      738     2794      753     2802     15      8       738      2794       752      2794       752      2801       738      2801       713      2769       778      2827 PARcau 7.272105e-02 8.489299e-03 0.918790
   111   0       1621       2710  7.000   8.000  42.0 90.000     1618     2707     1626     2716      8      9      1618      2707      1625      2707      1625      2715      1618      2715      1593      2682      1651      2741 PARcau 3.897919e-01 5.589500e-01 0.051258
   111   1        732       2805  7.500  14.009  82.5 36.870      727     2799      738     2812     11     13       725      2808       733      2796       739      2801       731      2812       702      2774       763      2837 PARcau 2.971287e-01 1.113696e-01 0.591502
   112   0       1623       2708  7.000   7.000  39.5 90.000     1620     2705     1628     2713      8      8      1620      2705      1627      2705      1627      2712      1620      2712      1595      2680      1653      2738 PARcau 1.810450e-01 7.716139e-01 0.047341
   112   1        731       2817 10.296  13.416 102.0 63.435      726     2812      738     2825     12     13       723      2814       732      2809       738      2821       729      2826       701      2787       763      2850 PARcau 5.831779e-01 1.438473e-02 0.402437
   113   0       1629       2705  7.071   7.810  43.5 45.000     1625     2702     1634     2710      9      8      1629      2700      1634      2705      1629      2711      1624      2706      1600      2677      1659      2735 PARcau 2.246204e-01 6.202056e-01 0.155174
   113   1        735       2818 10.000  12.000  99.5 90.000      731     2812      742     2825     11     13       731      2812       741      2812       741      2824       731      2824       706      2787       767      2850 PARcau 2.003686e-01 1.705700e-02 0.782574
   114   0       1633       2700  7.000   8.000  46.0 90.000     1630     2697     1638     2706      8      9      1630      2697      1637      2697      1637      2705      1630      2705      1605      2672      1663      2731 PARcau 9.605810e-01 3.137048e-02 0.008048
   114   1        734       2805  8.500  14.534  81.5 63.435      730     2800      740     2814     10     14       727      2801       734      2797       741      2810       733      2814       705      2775       765      2839 PARcau 1.707212e-02 1.493605e-03 0.981434
   115   0       1633       2694  7.159   7.826  40.5 26.565     1630     2691     1638     2700      8      9      1632      2689      1638      2692      1635      2699      1628      2696      1605      2666      1663      2725 PARcau 9.725853e-01 2.052627e-02 0.006889
   115   1        724       2794  8.485  12.728  84.0 45.000      719     2790      732     2801     13     11       723      2787       732      2796       726      2802       717      2793       694      2765       757      2826 PARcau 2.842654e-01 3.258697e-03 0.712476
   116   0       1630       2689  7.000   7.000  41.5 90.000     1627     2686     1635     2694      8      8      1627      2686      1634      2686      1634      2693      1627      2693      1602      2661      1660      2719 PARcau 9.849771e-01 1.358691e-03 0.013664
   116   1        717       2795  9.899  12.042  90.5 45.000      712     2790      724     2802     12     12       709      2796       718      2788       725      2795       716      2803       687      2765       749      2827 PARcau 8.469055e-01 1.117932e-04 0.152983
   117   0       1627       2687  7.071   8.485  42.5 45.000     1624     2684     1633     2692      9      8      1627      2682      1633      2688      1628      2693      1622      2687      1599      2659      1658      2717 PARcau 5.561804e-01 3.361221e-01 0.107698
   118   0       1629       2688  6.000   7.000  37.5 90.000     1626     2685     1634     2692      8      7      1626      2685      1633      2685      1633      2691      1626      2691      1601      2660      1659      2717 PARcau 1.197128e-01 6.649926e-01 0.215295
   118   1        706       2818 10.630  11.314  87.5 45.000      700     2813      713     2824     13     11       706      2810       714      2818       706      2825       698      2817       675      2788       738      2849 PARcau 8.525855e-02 2.257774e-04 0.914516
   119   0       1635       2687  7.000   8.000  44.0 90.000     1631     2684     1640     2692      9      8      1631      2684      1639      2684      1639      2691      1631      2691      1606      2659      1665      2717 PARcau 6.816726e-01 1.982679e-01 0.120059
   119   1        699       2812  8.544  12.649  83.5 71.565      695     2806      706     2819     11     13       693      2807       701      2804       705      2816       697      2819       670      2781       731      2844 PARcau 3.252271e-01 1.836456e-03 0.672936
   120   0       1641       2683  7.000   7.000  40.0 90.000     1638     2680     1646     2688      8      8      1638      2680      1645      2680      1645      2687      1638      2687      1613      2655      1671      2713 PARcau 6.639942e-01 2.290403e-01 0.106965
   120   1        698       2797  8.000  12.000  77.0 90.000      694     2791      703     2804      9     13       694      2791       702      2791       702      2803       694      2803       669      2766       728      2829 PARcau 6.066113e-02 1.167397e-04 0.939222
   121   0       1644       2677  7.000   8.000  45.0 90.000     1641     2673     1649     2682      8      9      1641      2673      1648      2673      1648      2681      1641      2681      1616      2648      1674      2707 PARcau 7.144431e-01 2.693430e-01 0.016214
   121   1        699       2787  9.000   9.000  66.5 90.000      695     2783      705     2793     10     10       695      2783       704      2783       704      2792       695      2792       670      2758       730      2818 PARcau 8.431677e-01 4.274555e-02 0.114087
   122   1        699       2789  8.062  11.180  74.5 26.565      695     2784      705     2796     10     12       698      2782       705      2786       700      2796       693      2792       670      2759       730      2821 PARcau 7.284930e-01 1.014429e-02 0.261363
   122   0       1644       2672  7.000   8.000  45.0 90.000     1640     2669     1649     2677      9      8      1640      2669      1648      2669      1648      2676      1640      2676      1615      2644      1674      2702 PARcau 1.090232e-01 8.690911e-01 0.021886
   123   0       1644       2672  7.000   7.000  39.5 90.000     1641     2669     1649     2677      8      8      1641      2669      1648      2669      1648      2676      1641      2676      1616      2644      1674      2702 PARcau 2.656977e-02 9.609122e-01 0.012518
   123   1        689       2798 12.000  15.000 112.5 90.000      682     2792      698     2805     16     13       682      2792       697      2792       697      2804       682      2804       657      2767       723      2830 PARcau 3.679254e-01 6.167363e-03 0.625907
   124   0       1648       2673  7.000   8.000  42.5 90.000     1644     2670     1653     2678      9      8      1644      2670      1652      2670      1652      2677      1644      2677      1619      2645      1678      2703 PARcau 3.378335e-01 6.183166e-01 0.043850
   124   1        680       2798 12.000  13.000 107.5 90.000      674     2792      687     2806     13     14       674      2792       686      2792       686      2805       674      2805       649      2767       712      2831 PARcau 1.836734e-01 3.854455e-03 0.812472
   125   0       1654       2671  7.000   7.000  41.5 90.000     1651     2668     1659     2676      8      8      1651      2668      1658      2668      1658      2675      1651      2675      1626      2643      1684      2701 PARcau 5.144680e-01 3.867867e-01 0.098745
   125   1        676       2790  9.220  18.682 104.5 74.055      672     2781      684     2801     12     20       669      2782       678      2780       683      2798       674      2800       647      2756       709      2826 PARcau 1.433360e-03 4.770914e-06 0.998562
   126   0       1658       2666  7.000   8.000  45.5 90.000     1655     2663     1663     2672      8      9      1655      2663      1662      2663      1662      2671      1655      2671      1630      2638      1688      2697 PARcau 9.834753e-01 9.585708e-03 0.006939
   126   1        685       2775  7.433  15.338  86.5 71.565      679     2771      694     2781     15     10       677      2774       691      2769       694      2776       679      2781       654      2746       719      2806 PARcau 3.753045e-01 9.157918e-02 0.533116
   127   0       1659       2660  7.000   8.000  46.0 90.000     1656     2657     1664     2666      8      9      1656      2657      1663      2657      1663      2665      1656      2665      1631      2632      1689      2691 PARcau 5.276410e-01 4.567750e-01 0.015584
   127   1        698       2776  7.211  13.601  75.0 33.690      692     2772      705     2782     13     10       694      2769       705      2777       701      2783       690      2775       667      2747       730      2807 PARcau 2.115307e-04 8.550456e-06 0.999780
   128   0       1658       2657  7.000   8.000  47.0 90.000     1655     2653     1663     2662      8      9      1655      2653      1662      2653      1662      2661      1655      2661      1630      2628      1688      2687 PARcau 8.058245e-01 1.736199e-01 0.020556
   128   1        705       2788  7.000  12.000  63.0 90.000      702     2782      710     2795      8     13       702      2782       709      2782       709      2794       702      2794       677      2757       735      2820 PARcau 4.519201e-01 1.892569e-04 0.547891
   129   0       1659       2656  7.000   8.000  48.0 90.000     1655     2653     1664     2661      9      8      1655      2653      1663      2653      1663      2660      1655      2660      1630      2628      1689      2686 PARcau 1.030983e-01 8.782856e-01 0.018616
   129   1        703       2800  9.192   9.192  65.0 45.000      699     2795      709     2806     10     11       703      2794       710      2800       703      2807       697      2800       674      2770       734      2831 PARcau 9.398102e-01 1.010977e-02 0.050080
   130   1        702       2791  8.000  11.000  62.0 90.000      698     2786      707     2798      9     12       698      2786       706      2786       706      2797       698      2797       673      2761       732      2823 PARcau 2.828173e-01 1.583003e-04 0.717024
   130   0       1664       2656  7.000   8.000  42.0 90.000     1660     2653     1669     2661      9      8      1660      2653      1668      2653      1668      2660      1660      2660      1635      2628      1694      2686 PARcau 4.061740e-01 5.200894e-01 0.073737
   131   1        695       2789  7.000  11.000  45.5 90.000      690     2787      702     2795     12      8       690      2787       701      2787       701      2794       690      2794       665      2762       727      2820 PARcau 2.564986e-01 3.297850e-05 0.743468
   131   0       1670       2654  7.000   8.000  46.5 90.000     1666     2651     1675     2659      9      8      1666      2651      1674      2651      1674      2658      1666      2658      1641      2626      1700      2684 PARcau 3.361078e-01 5.458054e-01 0.118087
   132   0       1674       2648  7.000   8.000  42.0 90.000     1671     2645     1679     2654      8      9      1671      2645      1678      2645      1678      2653      1671      2653      1646      2620      1704      2679 PARcau 6.682436e-01 1.716242e-01 0.160132
   132   1        685       2785  8.000  11.000  62.5 90.000      682     2780      691     2792      9     12       682      2780       690      2780       690      2791       682      2791       657      2755       716      2817 PARcau 1.749278e-01 7.109018e-02 0.753982
   133   0       1673       2642  7.000   8.000  46.5 90.000     1670     2638     1678     2647      8      9      1670      2638      1677      2638      1677      2646      1670      2646      1645      2613      1703      2672 PARcau 8.895274e-01 8.221838e-02 0.028254
   133   1        689       2773 10.000  11.000  88.0 90.000      684     2769      696     2780     12     11       684      2769       695      2769       695      2779       684      2779       659      2744       721      2805 PARcau 7.245416e-02 7.821345e-03 0.919724
   134   0       1670       2638  7.000   8.000  47.5 90.000     1667     2634     1675     2643      8      9      1667      2634      1674      2634      1674      2642      1667      2642      1642      2609      1700      2668 PARcau 3.239570e-01 6.498052e-01 0.026238
   134   1        694       2775  9.192  10.607  68.5 45.000      690     2770      700     2782     10     12       693      2768       701      2776       694      2782       687      2775       665      2745       725      2807 PARcau 7.559597e-01 5.188411e-03 0.238852
   135   0       1669       2637  7.000   8.000  47.5 90.000     1666     2633     1674     2642      8      9      1666      2633      1673      2633      1673      2641      1666      2641      1641      2608      1699      2667 PARcau 9.481868e-02 8.443287e-01 0.060853
   135   1        690       2787  7.211   8.062  34.5 56.310      687     2783      696     2792      9      9       685      2786       692      2782       696      2788       689      2792       662      2758       721      2817 PARcau 6.849730e-01 7.813516e-02 0.236892
   136   0       1672       2637  8.000   8.000  49.0 90.000     1669     2634     1678     2643      9      9      1669      2634      1677      2634      1677      2642      1669      2642      1644      2609      1703      2668 PARcau 5.329040e-01 3.217945e-01 0.145301
   136   1        683       2792  7.071   9.220  39.5 45.000      679     2788      688     2798      9     10       681      2787       688      2793       683      2798       676      2792       654      2763       713      2823 PARcau 1.418267e-01 3.548298e-03 0.854625
   137   0       1679       2635  7.000   8.000  40.5 90.000     1675     2633     1684     2641      9      8      1675      2633      1683      2633      1683      2640      1675      2640      1650      2608      1709      2666 PARcau 2.380817e-01 4.772868e-01 0.284631
   137   1        679       2782  7.000  11.000  59.5 90.000      676     2777      684     2789      8     12       676      2777       683      2777       683      2788       676      2788       651      2752       709      2814 PARcau 2.821246e-04 1.450289e-04 0.999573
   138   0       1683       2630  7.000   8.000  46.5 90.000     1680     2627     1688     2636      8      9      1680      2627      1687      2627      1687      2635      1680      2635      1655      2602      1713      2661 PARcau 8.465697e-01 1.047249e-01 0.048706
   138   1        685       2769  9.899  14.142 103.0 45.000      679     2763      692     2777     13     14       676      2771       686      2761       693      2768       683      2778       654      2738       717      2802 PARcau 2.877195e-01 5.202402e-04 0.711760
   139   0       1684       2624  7.000   9.000  52.0 90.000     1681     2620     1689     2630      8     10      1681      2620      1688      2620      1688      2629      1681      2629      1656      2595      1714      2655 PARcau 6.569898e-01 2.567832e-01 0.086227
   139   1        694       2765  9.000  13.000  94.0 90.000      688     2761      702     2771     14     10       688      2761       701      2761       701      2770       688      2770       663      2736       727      2796 PARcau 6.030877e-01 8.158142e-03 0.388754
   140   0       1680       2618  8.000   8.000  50.5 90.000     1677     2615     1686     2624      9      9      1677      2615      1685      2615      1685      2623      1677      2623      1652      2590      1711      2649 PARcau 7.285350e-01 1.272855e-01 0.144179
   140   1        699       2773  8.944  11.180  68.5 26.565      695     2767      704     2781      9     14       697      2766       705      2770       700      2780       692      2776       670      2742       729      2806 PARcau 9.942580e-02 6.760786e-04 0.899898
   141   0       1677       2617  7.071   7.071  42.5 45.000     1673     2613     1682     2622      9      9      1677      2612      1682      2617      1677      2622      1672      2617      1648      2588      1707      2647 PARcau 4.012574e-01 4.474009e-01 0.151342
   142   0       1678       2617  8.000   8.000  50.5  0.000     1674     2613     1683     2622      9      9      1674      2613      1682      2613      1682      2621      1674      2621      1649      2588      1708      2647 PARcau 7.055209e-01 2.111855e-01 0.083294
   143   0       1682       2614  6.708   8.944  48.5 26.565     1678     2611     1688     2620     10      9      1681      2609      1687      2612      1683      2620      1677      2617      1653      2586      1713      2645 PARcau 3.938484e-01 4.031112e-01 0.203040
   143   3        668       2783  7.071  12.042  54.0 45.000      664     2779      674     2791     10     12       666      2777       674      2786       669      2791       661      2782       639      2754       699      2816 PARcau 5.901292e-03 1.491028e-04 0.993950
   144   0       1686       2608  7.000   9.000  49.5 90.000     1683     2604     1691     2614      8     10      1683      2604      1690      2604      1690      2613      1683      2613      1658      2579      1716      2639 PARcau 9.569997e-01 2.709637e-02 0.015904
   144   3        666       2774 10.000  11.000  86.0 90.000      662     2769      673     2781     11     12       662      2769       672      2769       672      2780       662      2780       637      2744       698      2806 PARcau 8.240002e-01 8.217765e-04 0.175178
   145   0       1686       2602  7.071   8.485  48.0 45.000     1682     2598     1691     2607      9      9      1685      2596      1691      2602      1686      2607      1680      2601      1657      2573      1716      2632 PARcau 9.317327e-01 3.697305e-02 0.031294
   145   3        673       2772  9.000  11.000  75.5 90.000      668     2768      680     2778     12     10       668      2768       679      2768       679      2777       668      2777       643      2743       705      2803 PARcau 4.108462e-01 7.585046e-03 0.581569
   145   5       2009       2882  6.000   7.000  31.5 90.000     2006     2880     2014     2887      8      7      2006      2880      2013      2880      2013      2886      2006      2886      1981      2855      2039      2912 PARcau 9.503243e-03 1.356754e-05 0.990483
   146   5       2010       2882  5.000   8.000  32.5 90.000     2007     2880     2016     2886      9      6      2007      2880      2015      2880      2015      2885      2007      2885      1982      2855      2041      2911 PARcau 3.356677e-02 2.210221e-06 0.966431
   146   0       1681       2596  7.000   8.000  46.5 90.000     1678     2593     1687     2601      9      8      1678      2593      1686      2593      1686      2600      1678      2600      1653      2568      1712      2626 PARcau 8.216236e-01 1.491323e-01 0.029244
   146   3        677       2782  6.083  10.198  39.0 11.310      674     2777      682     2788      8     11       675      2776       681      2777       679      2787       673      2786       649      2752       707      2813 PARcau 9.197891e-02 3.286939e-03 0.904734
   147   0       1678       2594  7.000   8.000  46.0 90.000     1674     2591     1683     2599      9      8      1674      2591      1682      2591      1682      2598      1674      2598      1649      2566      1708      2624 PARcau 6.158904e-02 9.321398e-01 0.006271
   147   3        670       2796  5.000   9.434  26.0 30.964      668     2793      676     2802      8      9       666      2798       671      2790       675      2793       670      2801       643      2768       701      2827 PARcau 3.411694e-02 6.442764e-05 0.965819
   148   0       1679       2592  7.000   8.000  45.0 90.000     1676     2589     1684     2598      8      9      1676      2589      1683      2589      1683      2597      1676      2597      1651      2564      1709      2623 PARcau 2.367268e-02 9.688520e-01 0.007475
   148   3        664       2804  8.000  11.000  63.5 90.000      659     2800      671     2809     12      9       659      2800       670      2800       670      2808       659      2808       634      2775       696      2834 PARcau 4.200000e-01 3.233261e-03 0.576767
   149   0       1683       2589  7.778   9.192  52.5 45.000     1679     2585     1689     2595     10     10      1677      2590      1683      2583      1689      2589      1682      2595      1654      2560      1714      2620 PARcau 3.820167e-01 6.021630e-01 0.015820
   149   3        662       2803  8.000   8.000  38.5 90.000      659     2799      668     2808      9      9       659      2799       667      2799       667      2807       659      2807       634      2774       693      2833 PARcau 2.120261e-01 8.949751e-03 0.779024