 Frame  ID  CentroidX  CentroidY  Width  Length  Area  Angle  Box_TLX  Box_TLY  Box_BRX  Box_BRY  Box_W  Box_H  rBox_TLX  rBox_TLY  rBox_TRX  rBox_TRY  rBox_BRX  rBox_BRY  rBox_BLX  rBox_BLY  lBox_TLX  lBox_TLY  lBox_BRX  lBox_BRY  Label   DIDnas   NONpro   PARcau
    21   0       4382       1901 13.000  14.000 136.5 90.000     4376     1895     4391     1909     15     14      4376      1895      4390      1895      4390      1908      4376      1908      4351      1870      4416      1934 PARcau 0.698928 0.100941 0.200131
    21   1       3417       1340 10.607  16.263 133.0 45.000     3411     1333     3426     1348     15     15      3415      1330      3427      1342      3419      1349      3408      1338      3386      1308      3451      1373 PARcau 0.985363 0.002562 0.012075
    21   2        561        729  5.657   9.899  33.0 45.000      558      726      567      734      9      8       555       730       562       723       566       727       559       734       533       701       592       759 PARcau 0.437135 0.032566 0.530299
    22   0       4375       1899 13.000  14.000 139.5 90.000     4369     1893     4384     1907     15     14      4369      1893      4383      1893      4383      1906      4369      1906      4344      1868      4409      1932 PARcau 0.591275 0.318928 0.089797
    22   1       3411       1336 12.000  14.000 133.5 90.000     3405     1331     3420     1344     15     13      3405      1331      3419      1331      3419      1343      3405      1343      3380      1306      3445      1369 PARcau 0.401181 0.479391 0.119428
    23   1       3407       1335 11.000  13.000 124.0 90.000     3401     1330     3415     1342     14     12      3401      1330      3414      1330      3414      1341      3401      1341      3376      1305      3440      1367 PARcau 0.260672 0.283394 0.455933
    23   0       4369       1894 11.314  15.556 143.0 45.000     4363     1888     4378     1903     15     15      4368      1885      4379      1896      4371      1904      4360      1893      4338      1863      4403      1928 PARcau 0.658045 0.209948 0.132008
    24   1       3405       1335 12.000  12.000 106.5 90.000     3399     1330     3412     1343     13     13      3399      1330      3411      1330      3411      1342      3399      1342      3374      1305      3437      1368 PARcau 0.201091 0.769863 0.029045
    24   0       4363       1889 11.314  15.556 146.5 45.000     4357     1883     4372     1898     15     15      4362      1880      4373      1891      4365      1899      4354      1888      4332      1858      4397      1923 PARcau 0.644001 0.207261 0.148738
    25   1       3405       1336 11.314  11.314 101.5 45.000     3400     1330     3413     1343     13     13      3406      1328      3414      1336      3406      1344      3398      1336      3375      1305      3438      1368 PARcau 0.704514 0.273342 0.022144
    25   0       4356       1886 12.000  14.000 142.0 90.000     4350     1881     4365     1894     15     13      4350      1881      4364      1881      4364      1893      4350      1893      4325      1856      4390      1919 PARcau 0.993886 0.000016 0.006098
    26   1       3409       1335 11.000  13.000 104.0 90.000     3403     1330     3417     1342     14     12      3403      1330      3416      1330      3416      1341      3403      1341      3378      1305      3442      1367 PARcau 0.476103 0.468295 0.055602
    26   0       4349       1887 12.000  15.000 147.0 90.000     4342     1881     4358     1894     16     13      4342      1881      4357      1881      4357      1893      4342      1893      4317      1856      4383      1919 PARcau 0.639394 0.173091 0.187515
    27   1       3413       1332 12.000  13.000 119.0 90.000     3407     1326     3420     1340     13     14      3407      1326      3419      1326      3419      1339      3407      1339      3382      1301      3445      1365 PARcau 0.944002 0.036583 0.019415
    27   0       4341       1890 12.298  15.207 144.0 63.435     4334     1884     4350     1898     16     14      4332      1888      4345      1881      4351      1892      4337      1899      4309      1859      4375      1923 PARcau 0.098955 0.334866 0.566179
    28   1       3416       1327 11.000  13.000 122.5 90.000     3411     1321     3423     1335     12     14      3411      1321      3422      1321      3422      1334      3411      1334      3386      1296      3448      1360 PARcau 0.639892 0.187258 0.172850
    28   0       4334       1893 12.000  14.000 137.5 90.000     4328     1888     4343     1901     15     13      4328      1888      4342      1888      4342      1900      4328      1900      4303      1863      4368      1926 PARcau 0.232435 0.680083 0.087483
    29   1       3418       1320 11.000  16.000 143.0 90.000     3413     1313     3425     1330     12     17      3413      1313      3424      1313      3424      1329      3413      1329      3388      1288      3450      1355 PARcau 0.849295 0.052788 0.097917
    29   0       4328       1895 12.728  13.454 130.5 45.000     4322     1889     4337     1903     15     14      4319      1895      4329      1886      4338      1895      4328      1904      4297      1864      4362      1928 PARcau 0.798980 0.108936 0.092085
    30   0       4321       1894 12.000  14.000 139.5 90.000     4315     1888     4330     1901     15     13      4315      1888      4329      1888      4329      1900      4315      1900      4290      1863      4355      1926 PARcau 0.504656 0.387029 0.108316
    30   1       3417       1313 11.000  15.000 136.0 90.000     3412     1306     3424     1322     12     16      3412      1306      3423      1306      3423      1321      3412      1321      3387      1281      3449      1347 PARcau 0.797389 0.025364 0.177247
    31   1       3414       1306 11.180  15.652 136.0 63.435     3409     1299     3422     1315     13     16      3406      1302      3416      1297      3423      1311      3413      1316      3384      1274      3447      1340 PARcau 0.617403 0.216002 0.166595
    31   0       4314       1891 13.000  14.000 144.0 90.000     4308     1885     4323     1899     15     14      4308      1885      4322      1885      4322      1898      4308      1898      4283      1860      4348      1924 PARcau 0.560111 0.151238 0.288651
    32   1       3409       1301 10.630  15.556 135.5 45.000     3403     1294     3418     1309     15     15      3408      1292      3419      1303      3411      1310      3400      1299      3378      1269      3443      1334 PARcau 0.973035 0.013319 0.013647
    32   0       4307       1889 12.000  15.000 144.5 90.000     4300     1883     4316     1896     16     13      4300      1883      4315      1883      4315      1895      4300      1895      4275      1858      4341      1921 PARcau 0.585490 0.015505 0.399004
    33   1       3403       1297 12.000  14.000 131.5 90.000     3397     1291     3412     1304     15     13      3397      1291      3411      1291      3411      1303      3397      1303      3372      1266      3437      1329 PARcau 0.683673 0.183296 0.133031
    33   0       4299       1889 12.000  14.000 140.0 90.000     4293     1884     4308     1897     15     13      4293      1884      4307      1884      4307      1896      4293      1896      4268      1859      4333      1922 PARcau 0.965815 0.005652 0.028533
    34   1       3398       1295 11.000  14.000 124.0 90.000     3391     1290     3406     1302     15     12      3391      1290      3405      1290      3405      1301      3391      1301      3366      1265      3431      1327 PARcau 0.687016 0.098414 0.214569
    34   0       4293       1894 12.021  16.263 151.0 45.000     4286     1887     4301     1903     15     16      4283      1896      4294      1884      4303      1893      4291      1904      4261      1862      4326      1928 PARcau 0.318622 0.485468 0.195911
    35   1       3394       1294 12.000  12.000 112.5 90.000     3388     1289     3401     1302     13     13      3388      1289      3400      1289      3400      1301      3388      1301      3363      1264      3426      1327 PARcau 0.280538 0.661703 0.057760
    35   0       4287       1900 11.236  16.919 142.0 33.690     4281     1893     4295     1909     14     16      4287      1890      4297      1896      4287      1910      4278      1904      4256      1868      4320      1934 PARcau 0.932580 0.040795 0.026625
    36   1       3392       1293 11.314  12.728 107.5 45.000     3386     1288     3399     1301     13     13      3392      1285      3401      1294      3393      1302      3384      1293      3361      1263      3424      1326 PARcau 0.240268 0.629954 0.129778
    36   0       4283       1907 12.000  14.000 129.0 90.000     4277     1900     4290     1915     13     15      4277      1900      4289      1900      4289      1914      4277      1914      4252      1875      4315      1940 PARcau 0.055233 0.901349 0.043418
    37   1       3392       1290 11.000  13.000 116.0 90.000     3387     1284     3399     1298     12     14      3387      1284      3398      1284      3398      1297      3387      1297      3362      1259      3424      1323 PARcau 0.848622 0.123783 0.027595
    37   0       4278       1911 12.298  13.865 127.5 26.565     4272     1905     4286     1919     14     14      4276      1902      4287      1907      4281      1920      4270      1914      4247      1880      4311      1944 PARcau 0.678418 0.211727 0.109855
    38   1       3393       1284 11.000  14.000 124.0 90.000     3388     1278     3400     1293     12     15      3388      1278      3399      1278      3399      1292      3388      1292      3363      1253      3425      1318 PARcau 0.613477 0.365136 0.021388
    38   0       4271       1913 12.000  14.000 141.0 90.000     4265     1908     4280     1921     15     13      4265      1908      4279      1908      4279      1920      4265      1920      4240      1883      4305      1946 PARcau 0.255090 0.582703 0.162207
    39   1       3393       1277 11.000  15.000 133.5 90.000     3388     1270     3400     1286     12     16      3388      1270      3399      1270      3399      1285      3388      1285      3363      1245      3425      1311 PARcau 0.491335 0.396714 0.111951
    39   0       4264       1914 11.000  16.000 138.0 90.000     4256     1909     4273     1921     17     12      4256      1909      4272      1909      4272      1920      4256      1920      4231      1884      4298      1946 PARcau 0.356300 0.145905 0.497796
    40   1       3391       1270 11.000  15.000 128.0 90.000     3386     1263     3398     1279     12     16      3386      1263      3397      1263      3397      1278      3386      1278      3361      1238      3423      1304 PARcau 0.571172 0.166543 0.262285
    40   0       4255       1915 12.000  14.000 134.0 90.000     4249     1910     4264     1923     15     13      4249      1910      4263      1910      4263      1922      4249      1922      4224      1885      4289      1948 PARcau 0.941159 0.000190 0.058652
    41   1       3387       1264 10.607  16.263 134.0 45.000     3381     1258     3395     1273     14     15      3385      1255      3397      1267      3389      1274      3378      1263      3356      1233      3420      1298 PARcau 0.914064 0.034116 0.051821
    41   0       4249       1916 12.000  13.000 136.5 90.000     4243     1911     4257     1924     14     13      4243      1911      4256      1911      4256      1923      4243      1923      4218      1886      4282      1949 PARcau 0.894460 0.020381 0.085159
    42   1       3381       1261 11.314  15.556 135.0 45.000     3374     1255     3390     1268     16     13      3380      1251      3391      1262      3383      1270      3372      1259      3349      1230      3415      1293 PARcau 0.808591 0.054633 0.136776
    42   0       4244       1921 12.000  15.000 142.5 90.000     4239     1914     4252     1930     13     16      4239      1914      4251      1914      4251      1929      4239      1929      4214      1889      4277      1955 PARcau 0.969025 0.022419 0.008556
    43   0       4241       1926 11.180  15.652 141.5 26.565     4235     1919     4248     1936     13     17      4239      1917      4249      1922      4242      1936      4232      1931      4210      1894      4273      1961 PARcau 0.998330 0.000022 0.001648
    43   1       3374       1258 11.000  15.000 133.0 90.000     3367     1253     3383     1265     16     12      3367      1253      3382      1253      3382      1264      3367      1264      3342      1228      3408      1290 PARcau 0.781395 0.059329 0.159275
    44   1       3369       1257 12.000  13.000 118.0 90.000     3363     1251     3377     1264     14     13      3363      1251      3376      1251      3376      1263      3363      1263      3338      1226      3402      1289 PARcau 0.782055 0.180138 0.037807
    44   2        566        736  4.924   8.382  24.0 18.435      563      733      570      741      7      8       565       731       569       733       567       741       562       739       538       708       595       766 PARcau 0.125176 0.015639 0.859185
    44   0       4237       1933 11.630  16.771 145.0 26.565     4231     1926     4245     1942     14     16      4235      1923      4246      1928      4238      1943      4228      1938      4206      1901      4270      1967 PARcau 0.734734 0.105301 0.159965
    45   1       3366       1254 11.000  12.000 110.0 90.000     3361     1248     3373     1261     12     13      3361      1248      3372      1248      3372      1260      3361      1260      3336      1223      3398      1286 PARcau 0.992047 0.005698 0.002255
    45   0       4231       1938 13.000  14.000 142.0 90.000     4224     1932     4239     1946     15     14      4224      1932      4238      1932      4238      1945      4224      1945      4199      1907      4264      1971 PARcau 0.935027 0.044526 0.020447
    46   1       3365       1249 11.000  13.000 120.5 90.000     3360     1243     3372     1257     12     14      3360      1243      3371      1243      3371      1256      3360      1256      3335      1218      3397      1282 PARcau 0.942040 0.047598 0.010363
    46   0       4223       1940 12.000  14.000 143.0 90.000     4217     1935     4232     1948     15     13      4217      1935      4231      1935      4231      1947      4217      1947      4192      1910      4257      1973 PARcau 0.472076 0.353261 0.174663
    47   1       3365       1243 11.000  14.000 131.5 90.000     3360     1236     3372     1251     12     15      3360      1236      3371      1236      3371      1250      3360      1250      3335      1211      3397      1276 PARcau 0.349587 0.354093 0.296320
    47   0       4217       1941 12.000  14.000 132.0 90.000     4211     1936     4226     1949     15     13      4211      1936      4225      1936      4225      1948      4211      1948      4186      1911      4251      1974 PARcau 0.781822 0.170199 0.047979
    48   0       4212       1942 12.000  12.000 120.5 90.000     4207     1937     4220     1950     13     13      4207      1937      4219      1937      4219      1949      4207      1949      4182      1912      4245      1975 PARcau 0.255867 0.618516 0.125616
    48   1       3364       1236 11.000  15.000 133.5 90.000     3359     1229     3371     1245     12     16      3359      1229      3370      1229      3370      1244      3359      1244      3334      1204      3396      1270 PARcau 0.749982 0.175535 0.074482
    49   0       4210       1947 11.000  16.000 132.0 90.000     4205     1940     4217     1957     12     17      4205      1940      4216      1940      4216      1956      4205      1956      4180      1915      4242      1982 PARcau 0.294507 0.643826 0.061666
    49   1       3361       1230 12.083  15.652 133.5 63.435     3355     1224     3369     1239     14     15      3352      1226      3363      1221      3370      1235      3359      1240      3330      1199      3394      1264 PARcau 0.909618 0.054976 0.035406
    50   1       3356       1225 11.314  14.142 129.5 45.000     3349     1220     3364     1233     15     13      3355      1217      3365      1227      3357      1235      3347      1225      3324      1195      3389      1258 PARcau 0.920699 0.031832 0.047469
    50   0       4208       1954 11.000  17.000 147.0 90.000     4203     1946     4215     1964     12     18      4203      1946      4214      1946      4214      1963      4203      1963      4178      1921      4240      1989 PARcau 0.567026 0.347283 0.085691
    51   1       3350       1223 11.314  15.556 137.0 45.000     3343     1217     3359     1230     16     13      3348      1213      3359      1224      3351      1232      3340      1221      3318      1192      3384      1255 PARcau 0.819499 0.017329 0.163172
    51   0       4205       1962 12.000  16.000 143.0 90.000     4199     1954     4212     1971     13     17      4199      1954      4211      1954      4211      1970      4199      1970      4174      1929      4237      1996 PARcau 0.307401 0.358682 0.333916
    52   1       3344       1220 11.000  14.000 128.0 90.000     3337     1215     3352     1227     15     12      3337      1215      3351      1215      3351      1226      3337      1226      3312      1190      3377      1252 PARcau 0.332435 0.311453 0.356112
    52   0       4200       1968 13.000  15.000 147.0  0.000     4194     1961     4208     1977     14     16      4194      1961      4207      1961      4207      1976      4194      1976      4169      1936      4233      2002 PARcau 0.983244 0.005137 0.011618
    52   2        577        741  5.220   8.732  20.5 14.036      575      736      581      746      6     10       576       735       581       737       579       745       574       744       550       711       606       771 PARcau 0.141459 0.453453 0.405088
    53   1       3339       1217 11.314  14.142 127.0 45.000     3333     1211     3347     1225     14     14      3338      1208      3348      1218      3340      1226      3330      1216      3308      1186      3372      1250 PARcau 0.703005 0.262840 0.034155
    53   0       4194       1972 11.314  15.556 144.5 45.000     4188     1966     4203     1981     15     15      4185      1974      4196      1963      4204      1971      4193      1982      4163      1941      4228      2006 PARcau 0.127901 0.762973 0.109126
    54   1       3337       1212 11.000  14.000 125.5 90.000     3332     1206     3344     1221     12     15      3332      1206      3343      1206      3343      1220      3332      1220      3307      1181      3369      1246 PARcau 0.484291 0.456180 0.059529
    54   0       4187       1976 13.000  14.000 146.0 90.000     4180     1970     4195     1984     15     14      4180      1970      4194      1970      4194      1983      4180      1983      4155      1945      4220      2009 PARcau 0.875080 0.092108 0.032812
    55   2        569        739  4.243   9.220  20.5 45.000      567      735      574      743      7      8       565       740       572       734       575       737       568       743       542       710       599       768 PARcau 0.423189 0.309908 0.266903
    55   1       3337       1206 11.000  15.000 131.5 90.000     3332     1199     3344     1215     12     16      3332      1199      3343      1199      3343      1214      3332      1214      3307      1174      3369      1240 PARcau 0.876240 0.106030 0.017730
    55   0       4179       1978 11.630  15.435 142.0 63.435     4172     1973     4188     1987     16     14      4170      1976      4184      1970      4189      1980      4175      1987      4147      1948      4213      2012 PARcau 0.156783 0.771076 0.072140
    56   1       3337       1200 11.000  15.000 128.5 90.000     3332     1193     3344     1209     12     16      3332      1193      3343      1193      3343      1208      3332      1208      3307      1168      3369      1234 PARcau 0.855110 0.104797 0.040093
    56   0       4174       1981 12.000  13.000 121.0 90.000     4168     1975     4181     1989     13     14      4168      1975      4180      1975      4180      1988      4168      1988      4143      1950      4206      2014 PARcau 0.172428 0.795688 0.031884
    57   0       4173       1982 12.000  12.000 113.5 90.000     4167     1977     4180     1990     13     13      4167      1977      4179      1977      4179      1989      4167      1989      4142      1952      4205      2015 PARcau 0.952389 0.022146 0.025465
    57   1       3334       1194 13.000  13.000 131.0 90.000     3328     1188     3342     1202     14     14      3328      1188      3341      1188      3341      1201      3328      1201      3303      1163      3367      1227 PARcau 0.936710 0.033194 0.030095
    58   0       4178       1982 12.000  15.000 136.0 90.000     4171     1977     4187     1990     16     13      4171      1977      4186      1977      4186      1989      4171      1989      4146      1952      4212      2015 PARcau 0.845344 0.043695 0.110961
    58   1       3330       1190 12.000  14.000 133.0 90.000     3323     1184     3338     1197     15     13      3323      1184      3337      1184      3337      1196      3323      1196      3298      1159      3363      1222 PARcau 0.962587 0.020773 0.016640
    59   0       4184       1982 11.000  12.000 109.5 90.000     4179     1976     4191     1989     12     13      4179      1976      4190      1976      4190      1988      4179      1988      4154      1951      4216      2014 PARcau 0.265851 0.634420 0.099729
    59   1       3323       1187 11.000  15.000 131.5 90.000     3316     1182     3332     1194     16     12      3316      1182      3331      1182      3331      1193      3316      1193      3291      1157      3357      1219 PARcau 0.351211 0.205136 0.443652
    60   0       4186       1983 11.000  13.000 118.0 90.000     4181     1977     4193     1991     12     14      4181      1977      4192      1977      4192      1990      4181      1990      4156      1952      4218      2016 PARcau 0.704601 0.185215 0.110185
    60   1       3318       1185 11.000  14.000 119.0 90.000     3311     1180     3326     1192     15     12      3311      1180      3325      1180      3325      1191      3311      1191      3286      1155      3351      1217 PARcau 0.266822 0.295159 0.438019
    61   1       3314       1183 11.314  14.142 114.5 45.000     3308     1177     3322     1190     14     13      3313      1174      3323      1184      3315      1192      3305      1182      3283      1152      3347      1215 PARcau 0.804565 0.052449 0.142986
    61   0       4190       1987 13.000  14.000 134.5 90.000     4184     1981     4199     1995     15     14      4184      1981      4198      1981      4198      1994      4184      1994      4159      1956      4224      2020 PARcau 0.634494 0.153756 0.211750
    62   1       3313       1179 11.000  13.000 117.5 90.000     3308     1173     3320     1187     12     14      3308      1173      3319      1173      3319      1186      3308      1186      3283      1148      3345      1212 PARcau 0.383538 0.365188 0.251274
    62   0       4196       1990 12.000  13.000 124.5 90.000     4190     1985     4204     1998     14     13      4190      1985      4203      1985      4203      1997      4190      1997      4165      1960      4229      2023 PARcau 0.837182 0.124402 0.038415
    63   1       3313       1174 11.000  15.000 129.5 90.000     3308     1167     3320     1183     12     16      3308      1167      3319      1167      3319      1182      3308      1182      3283      1142      3345      1208 PARcau 0.775523 0.075992 0.148485
    63   0       4200       1993 12.000  13.000 126.0 90.000     4195     1987     4208     2001     13     14      4195      1987      4207      1987      4207      2000      4195      2000      4170      1962      4233      2026 PARcau 0.770166 0.135976 0.093858
    64   0       4202       1994 10.000  13.000 108.0 90.000     4197     1988     4208     2002     11     14      4197      1988      4207      1988      4207      2001      4197      2001      4172      1963      4233      2027 PARcau 0.421535 0.465316 0.113150
    64   1       3313       1167 11.000  15.000 130.0 90.000     3308     1160     3320     1176     12     16      3308      1160      3319      1160      3319      1175      3308      1175      3283      1135      3345      1201 PARcau 0.816510 0.072162 0.111327
    65   0       4199       1996 12.000  12.000 117.5 90.000     4194     1991     4207     2004     13     13      4194      1991      4206      1991      4206      2003      4194      2003      4169      1966      4232      2029 PARcau 0.655614 0.259200 0.085186
    65   1       3313       1160 11.000  15.000 130.5 90.000     3308     1153     3320     1169     12     16      3308      1153      3319      1153      3319      1168      3308      1168      3283      1128      3345      1194 PARcau 0.848449 0.011637 0.139914
    66   0       4195       2000 10.607  14.849 128.5 45.000     4189     1993     4203     2008     14     15      4186      2001      4197      1991      4204      1998      4194      2009      4164      1968      4228      2033 PARcau 0.564993 0.282234 0.152773
    66   1       3312       1154 12.000  14.000 128.5 90.000     3306     1147     3319     1162     13     15      3306      1147      3318      1147      3318      1161      3306      1161      3281      1122      3344      1187 PARcau 0.411023 0.508666 0.080311
    67   1       3309       1150 12.000  13.000 125.0 90.000     3303     1144     3317     1157     14     13      3303      1144      3316      1144      3316      1156      3303      1156      3278      1119      3342      1182 PARcau 0.577160 0.216074 0.206766
    67   0       4189       2004 12.021  14.849 134.0 45.000     4183     1998     4197     2013     14     15      4180      2006      4190      1995      4199      2004      4188      2014      4158      1973      4222      2038 PARcau 0.468073 0.155666 0.376260
    68   1       3304       1146 10.817  14.422 127.0 33.690     3297     1141     3313     1154     16     13      3301      1138      3313      1146      3307      1155      3295      1147      3272      1116      3338      1179 PARcau 0.702812 0.029678 0.267510
    68   0       4184       2009 13.000  14.000 141.0 90.000     4178     2003     4192     2018     14     15      4178      2003      4191      2003      4191      2017      4178      2017      4153      1978      4217      2043 PARcau 0.588044 0.139690 0.272265
    69   1       3298       1145 11.000  15.000 130.5 90.000     3291     1140     3307     1152     16     12      3291      1140      3306      1140      3306      1151      3291      1151      3266      1115      3332      1177 PARcau 0.153927 0.258802 0.587271
    69   0       4181       2015 11.000  15.000 134.5 90.000     4176     2008     4188     2024     12     16      4176      2008      4187      2008      4187      2023      4176      2023      4151      1983      4213      2049 PARcau 0.357056 0.298719 0.344225
    70   1       3292       1142 11.000  14.000 126.5 90.000     3285     1137     3300     1149     15     12      3285      1137      3299      1137      3299      1148      3285      1148      3260      1112      3325      1174 PARcau 0.147046 0.741557 0.111397
    70   0       4181       2021 11.000  15.000 134.5 90.000     4176     2014     4188     2030     12     16      4176      2014      4187      2014      4187      2029      4176      2029      4151      1989      4213      2055 PARcau 0.947199 0.033479 0.019322
    71   1       3287       1138 12.000  13.000 126.5 90.000     3282     1132     3295     1146     13     14      3282      1132      3294      1132      3294      1145      3282      1145      3257      1107      3320      1171 PARcau 0.313270 0.506470 0.180260
    71   0       4184       2027 12.000  14.000 134.5 90.000     4178     2020     4191     2035     13     15      4178      2020      4190      2020      4190      2034      4178      2034      4153      1995      4216      2060 PARcau 0.598065 0.322965 0.078970
    72   1       3285       1133 11.000  15.000 131.5 90.000     3280     1126     3292     1142     12     16      3280      1126      3291      1126      3291      1141      3280      1141      3255      1101      3317      1167 PARcau 0.362824 0.396881 0.240295
    72   0       4188       2032 11.314  15.556 152.5 45.000     4182     2025     4197     2041     15     16      4187      2023      4198      2034      4190      2042      4179      2031      4157      2000      4222      2066 PARcau 0.950396 0.010689 0.038915
    73   1       3285       1126 11.000  15.000 135.0 90.000     3280     1119     3292     1135     12     16      3280      1119      3291      1119      3291      1134      3280      1134      3255      1094      3317      1160 PARcau 0.662402 0.073656 0.263942
    73   0       4194       2037 11.314  15.556 147.5 45.000     4188     2030     4203     2046     15     16      4193      2028      4204      2039      4196      2047      4185      2036      4163      2005      4228      2071 PARcau 0.420830 0.474882 0.104288
    74   1       3285       1120 11.000  14.000 129.5 90.000     3280     1113     3292     1128     12     15      3280      1113      3291      1113      3291      1127      3280      1127      3255      1088      3317      1153 PARcau 0.913197 0.010052 0.076752
    74   0       4199       2042 11.314  15.556 132.0 45.000     4194     2035     4207     2051     13     16      4198      2033      4209      2044      4201      2052      4190      2041      4169      2010      4232      2076 PARcau 0.140611 0.557053 0.302336
    75   1       3284       1115 12.000  13.000 124.5 90.000     3279     1109     3292     1123     13     14      3279      1109      3291      1109      3291      1122      3279      1122      3254      1084      3317      1148 PARcau 0.642611 0.147351 0.210038
    75   0       4202       2046 11.000  13.000 120.5 90.000     4197     2040     4209     2054     12     14      4197      2040      4208      2040      4208      2053      4197      2053      4172      2015      4234      2079 PARcau 0.065539 0.877259 0.057202
    76   2        576        741  5.000   9.000  25.0 90.000      573      737      579      747      6     10       573       737       578       737       578       746       573       746       548       712       604       772 PARcau 0.142022 0.071430 0.786548
    76   1       3281       1111 11.314  14.142 130.5 45.000     3274     1105     3289     1119     15     14      3280      1102      3290      1112      3282      1120      3272      1110      3249      1080      3314      1144 PARcau 0.840156 0.047576 0.112268
    76   0       4201       2050 11.000  13.000 119.5 90.000     4196     2044     4208     2058     12     14      4196      2044      4207      2044      4207      2057      4196      2057      4171      2019      4233      2083 PARcau 0.661913 0.301553 0.036534
    77   0       4198       2055 12.000  14.000 134.5 90.000     4192     2048     4205     2063     13     15      4192      2048      4204      2048      4204      2062      4192      2062      4167      2023      4230      2088 PARcau 0.127671 0.663444 0.208886
    77   1       3275       1108 11.000  16.000 135.5 90.000     3267     1103     3284     1115     17     12      3267      1103      3283      1103      3283      1114      3267      1114      3242      1078      3309      1140 PARcau 0.202345 0.253791 0.543864
    78   0       4193       2060 11.180  15.652 132.5 26.565     4187     2053     4201     2068     14     15      4191      2050      4201      2055      4194      2069      4184      2064      4162      2028      4226      2093 PARcau 0.228535 0.732632 0.038834
    78   1       3269       1105 11.000  14.000 126.0 90.000     3262     1100     3277     1112     15     12      3262      1100      3276      1100      3276      1111      3262      1111      3237      1075      3302      1137 PARcau 0.651052 0.034313 0.314635
    78   2        586        741  4.472   8.544  16.0 71.565      584      738      590      747      6      9       583       738       587       736       590       744       586       746       559       713       615       772 PARcau 0.304428 0.000995 0.694576
    79   2        586        741  4.743   7.906  18.5 71.565      584      738      590      746      6      8       583       738       588       736       590       744       586       745       559       713       615       771 PARcau 0.665200 0.017710 0.317090
    79   1       3264       1102 12.000  13.000 126.5 90.000     3258     1096     3272     1109     14     13      3258      1096      3271      1096      3271      1108      3258      1108      3233      1071      3297      1134 PARcau 0.730302 0.217002 0.052696
    79   0       4187       2065 11.314  16.279 145.5 45.000     4181     2058     4195     2074     14     16      4178      2067      4189      2055      4197      2063      4186      2075      4156      2033      4220      2099 PARcau 0.732304 0.101618 0.166078
    80   2        587        741  4.924   8.382  19.0 71.565      584      738      591      747      7      9       583       738       588       736       590       744       586       746       559       713       616       772 PARcau 0.160498 0.083677 0.755826
    80   1       3261       1097 12.000  13.000 124.5 90.000     3256     1091     3269     1105     13     14      3256      1091      3268      1091      3268      1104      3256      1104      3231      1066      3294      1130 PARcau 0.460032 0.237465 0.302503
    80   0       4181       2071 12.000  15.000 137.0 90.000     4176     2064     4189     2080     13     16      4176      2064      4188      2064      4188      2079      4176      2079      4151      2039      4214      2105 PARcau 0.984643 0.003202 0.012155
    81   2        587        741  3.640   7.433  16.5 71.565      585      738      591      746      6      8       584       738       588       737       590       744       587       745       560       713       616       771 PARcau 0.936701 0.001279 0.062019
    81   1       3260       1091 11.000  15.000 131.5 90.000     3255     1084     3267     1100     12     16      3255      1084      3266      1084      3266      1099      3255      1099      3230      1059      3292      1125 PARcau 0.781124 0.053700 0.165176
    81   0       4178       2077 12.000  15.000 138.5 90.000     4173     2070     4186     2086     13     16      4173      2070      4185      2070      4185      2085      4173      2085      4148      2045      4211      2111 PARcau 0.240621 0.710160 0.049219
    82   1       3259       1085 11.000  15.000 130.0 90.000     3254     1078     3266     1094     12     16      3254      1078      3265      1078      3265      1093      3254      1093      3229      1053      3291      1119 PARcau 0.727129 0.174611 0.098260
    82   0       4176       2083 11.000  15.000 141.0 90.000     4171     2076     4183     2092     12     16      4171      2076      4182      2076      4182      2091      4171      2091      4146      2051      4208      2117 PARcau 0.435205 0.447691 0.117104
    83   1       3258       1079 12.000  14.000 129.5 90.000     3252     1073     3265     1088     13     15      3252      1073      3264      1073      3264      1087      3252      1087      3227      1048      3290      1113 PARcau 0.830330 0.031379 0.138291
    83   0       4175       2091 11.000  16.000 143.5 90.000     4170     2083     4182     2100     12     17      4170      2083      4181      2083      4181      2099      4170      2099      4145      2058      4207      2125 PARcau 0.232450 0.509723 0.257827
    84   1       3255       1075 12.000  12.000 120.0 90.000     3250     1070     3263     1083     13     13      3250      1070      3262      1070      3262      1082      3250      1082      3225      1045      3288      1108 PARcau 0.984986 0.002408 0.012606
    84   0       4172       2097 12.298  16.101 145.0 26.565     4166     2090     4180     2106     14     16      4170      2087      4181      2092      4174      2107      4163      2101      4141      2065      4205      2131 PARcau 0.787034 0.087079 0.125887
    85   1       3252       1073 11.000  12.000 110.0 90.000     3246     1068     3259     1080     13     12      3246      1068      3258      1068      3258      1079      3246      1079      3221      1043      3284      1105 PARcau 0.557914 0.373577 0.068509
    85   0       4167       2102 13.000  13.000 139.0 90.000     4161     2096     4175     2110     14     14      4161      2096      4174      2096      4174      2109      4161      2109      4136      2071      4200      2135 PARcau 0.804664 0.074322 0.121015
    86   1       3247       1074 12.000  14.000 126.5 90.000     3240     1068     3255     1081     15     13      3240      1068      3254      1068      3254      1080      3240      1080      3215      1043      3280      1106 PARcau 0.955859 0.014973 0.029168
    86   0       4160       2106 11.314  14.866 131.5 45.000     4154     2100     4169     2113     15     13      4151      2107      4162      2097      4170      2105      4159      2115      4129      2075      4194      2138 PARcau 0.139178 0.747022 0.113800
    87   1       3240       1075 11.000  15.000 135.0 90.000     3233     1070     3249     1082     16     12      3233      1070      3248      1070      3248      1081      3233      1081      3208      1045      3274      1107 PARcau 0.767906 0.013539 0.218554
    87   0       4155       2109 13.000  13.000 130.5 90.000     4149     2103     4163     2117     14     14      4149      2103      4162      2103      4162      2116      4149      2116      4124      2078      4188      2142 PARcau 0.202816 0.722795 0.074390
    88   1       3234       1075 11.000  16.000 134.5 90.000     3226     1070     3243     1082     17     12      3226      1070      3242      1070      3242      1081      3226      1081      3201      1045      3268      1107 PARcau 0.887443 0.044800 0.067757
    88   0       4151       2113 12.000  14.000 134.5 90.000     4146     2107     4159     2122     13     15      4146      2107      4158      2107      4158      2121      4146      2121      4121      2082      4184      2147 PARcau 0.750190 0.132772 0.117038
    89   2        589        739  3.905   8.201  17.5 56.310      586      737      593      744      7      7       588       734       593       741       590       743       585       737       561       712       618       769 PARcau 0.739193 0.088898 0.171909
    89   0       4150       2119 11.000  15.000 138.5 90.000     4145     2112     4157     2128     12     16      4145      2112      4156      2112      4156      2127      4145      2127      4120      2087      4182      2153 PARcau 0.843956 0.050905 0.105138
    89   1       3227       1074 12.021  14.849 136.0 45.000     3220     1068     3236     1081     16     13      3226      1064      3237      1075      3228      1083      3218      1073      3195      1043      3261      1106 PARcau 0.226257 0.319092 0.454651
    90   2        589        739  4.301   7.906  16.0 56.310      586      736      593      744      7      8       589       734       593       741       590       743       585       737       561       711       618       769 PARcau 0.796427 0.051535 0.152038
    90   1       3222       1070 13.000  13.000 133.0 90.000     3216     1064     3230     1078     14     14      3216      1064      3229      1064      3229      1077      3216      1077      3191      1039      3255      1103 PARcau 0.654765 0.098344 0.246891
    90   0       4149       2126 11.281  16.771 144.5 11.310     4143     2118     4156     2135     13     17      4145      2116      4156      2119      4153      2135      4142      2133      4118      2093      4181      2160 PARcau 0.120880 0.240116 0.639004
    91   2        589        738  4.243   8.485  16.5 45.000      586      736      593      744      7      8       588       734       594       740       591       743       585       737       561       711       618       769 PARcau 0.634222 0.000472 0.365306
    91   1       3218       1065 13.000  14.000 139.5 90.000     3212     1058     3226     1073     14     15      3212      1058      3225      1058      3225      1072      3212      1072      3187      1033      3251      1098 PARcau 0.867402 0.030609 0.101989
    91   0       4146       2132 11.853  14.983 133.5 26.565     4140     2125     4154     2140     14     15      4144      2122      4155      2128      4148      2141      4138      2136      4115      2100      4179      2165 PARcau 0.330342 0.596737 0.072921
    92   2        589        738  4.243   8.485  17.0 45.000      587      735      594      744      7      9       588       734       594       740       591       743       585       737       562       710       619       769 PARcau 0.882148 0.000129 0.117722
    92   1       3216       1059 11.000  13.000 121.0 90.000     3211     1053     3223     1067     12     14      3211      1053      3222      1053      3222      1066      3211      1066      3186      1028      3248      1092 PARcau 0.790695 0.117843 0.091462
    92   0       4142       2136 12.000  13.000 131.0 90.000     4136     2130     4149     2144     13     14      4136      2130      4148      2130      4148      2143      4136      2143      4111      2105      4174      2169 PARcau 0.408648 0.413428 0.177925
    93   2        590        738  3.606   9.434  16.0 56.310      587      735      594      744      7      9       589       733       594       741       591       743       586       735       562       710       619       769 PARcau 0.676116 0.004206 0.319677
    93   1       3214       1055 12.000  12.000 115.5 90.000     3209     1049     3222     1062     13     13      3209      1049      3221      1049      3221      1061      3209      1061      3184      1024      3247      1087 PARcau 0.364888 0.327378 0.307733
    93   0       4135       2138 12.000  14.000 136.0 90.000     4129     2133     4144     2146     15     13      4129      2133      4143      2133      4143      2145      4129      2145      4104      2108      4169      2171 PARcau 0.390121 0.390362 0.219517
    94   2        589        737  4.031   7.500  15.5 51.340      586      735      594      742      8      7       589       733       593       739       590       741       585       735       561       710       619       767 PARcau 0.295877 0.001850 0.702274
    94   1       3212       1053 12.093  12.298 113.5 63.435     3205     1048     3220     1060     15     12      3204      1051      3214      1045      3220      1056      3209      1062      3180      1023      3245      1085 PARcau 0.169759 0.756546 0.073695
    94   0       4128       2138 11.000  15.000 140.5 90.000     4121     2133     4137     2145     16     12      4121      2133      4136      2133      4136      2144      4121      2144      4096      2108      4162      2170 PARcau 0.043930 0.902062 0.054008
    95   2        589        737  3.905   8.201  17.0 51.340      586      734      594      742      8      8       588       732       593       739       590       741       585       735       561       709       619       767 PARcau 0.654778 0.000538 0.344684
    95   1       3207       1053 11.000  14.000 120.0  0.000     3201     1048     3216     1060     15     12      3201      1048      3215      1048      3215      1059      3201      1059      3176      1023      3241      1085 PARcau 0.671116 0.186926 0.141958
    95   0       4121       2138 12.000  15.000 144.5  0.000     4114     2132     4130     2145     16     13      4114      2132      4129      2132      4129      2144      4114      2144      4089      2107      4155      2170 PARcau 0.724825 0.021589 0.253586
    96   2        590        737  3.606   8.485  15.5 45.000      586      734      594      742      8      8       588       733       594       739       591       741       585       735       561       709       619       767 PARcau 0.759186 0.070112 0.170702
    96   1       3201       1055 10.000  15.000 126.0 90.000     3194     1050     3210     1061     16     11      3194      1050      3209      1050      3209      1060      3194      1060      3169      1025      3235      1086 PARcau 0.377611 0.223147 0.399242
    96   0       4113       2139 12.728  14.866 141.5 45.000     4106     2133     4122     2147     16     14      4104      2140      4114      2129      4123      2138      4113      2149      4081      2108      4147      2172 PARcau 0.788050 0.080147 0.131803
    97   2        590        737  3.606   9.220  16.5 38.660      586      734      595      741      9      7       587       732       594       738       592       741       585       735       561       709       620       766 PARcau 0.829929 0.003398 0.166673
    97   1       3194       1055 11.000  16.000 139.0 90.000     3187     1050     3204     1062     17     12      3187      1050      3203      1050      3203      1061      3187      1061      3162      1025      3229      1087 PARcau 0.322823 0.576135 0.101042
    97   0       4107       2142 13.000  13.000 136.5 90.000     4101     2136     4115     2150     14     14      4101      2136      4114      2136      4114      2149      4101      2149      4076      2111      4140      2175 PARcau 0.349374 0.440443 0.210182
    98   2        590        736  3.606  10.000  16.5 35.538      586      734      595      742      9      8       587       732       595       738       593       741       585       735       561       709       620       767 PARcau 0.806826 0.000386 0.192788
    98   0       4104       2145 12.000  13.000 124.5 90.000     4099     2139     4112     2153     13     14      4099      2139      4111      2139      4111      2152      4099      2152      4074      2114      4137      2178 PARcau 0.198623 0.697429 0.103948
    98   1       3188       1052 12.000  14.000 133.0 90.000     3182     1047     3197     1060     15     13      3182      1047      3196      1047      3196      1059      3182      1059      3157      1022      3222      1085 PARcau 0.868259 0.065436 0.066305
    99   0       4106       2144 11.314  15.556 133.5 45.000     4100     2138     4114     2153     14     15      4097      2146      4108      2135      4116      2143      4105      2154      4075      2113      4139      2178 PARcau 0.881493 0.032077 0.086430
    99   1       3184       1047 11.314  15.556 136.0 45.000     3178     1041     3192     1056     14     15      3182      1038      3193      1049      3185      1057      3174      1046      3153      1016      3217      1081 PARcau 0.669213 0.006824 0.323962
   100   1       3181       1041 12.000  14.000 135.0 90.000     3176     1034     3189     1049     13     15      3176      1034      3188      1034      3188      1048      3176      1048      3151      1009      3214      1074 PARcau 0.729283 0.035024 0.235693
   100   0       4114       2139 11.180  15.652 141.0 63.435     4107     2133     4123     2147     16     14      4105      2138      4119      2131      4124      2141      4110      2148      4082      2108      4148      2172 PARcau 0.549316 0.070500 0.380184
   101   2        591        736  4.031   8.902  22.0 35.538      586      734      595      741      9      7       588       731       595       736       593       740       586       734       561       709       620       766 PARcau 0.341756 0.000288 0.657956
   101   1       3180       1036 12.000  14.000 133.0 90.000     3174     1029     3187     1044     13     15      3174      1029      3186      1029      3186      1043      3174      1043      3149      1004      3212      1069 PARcau 0.326739 0.063531 0.609730
   101   0       4118       2137 11.000  13.000 116.0 90.000     4113     2131     4125     2145     12     14      4113      2131      4124      2131      4124      2144      4113      2144      4088      2106      4150      2170 PARcau 0.942917 0.029363 0.027720
   102   2        591        736  4.243   7.071  18.5 45.000      588      734      595      741      7      7       591       732       596       737       593       740       588       735       563       709       620       766 PARcau 0.849624 0.004606 0.145771
   102   0       4119       2141 11.180  13.892 118.0 63.435     4114     2134     4127     2149     13     15      4111      2137      4121      2132      4128      2144      4118      2149      4089      2109      4152      2174 PARcau 0.779740 0.057066 0.163194
   102   1       3179       1031 11.000  12.000 109.0 90.000     3173     1026     3186     1038     13     12      3173      1026      3185      1026      3185      1037      3173      1037      3148      1001      3211      1063 PARcau 0.742097 0.172830 0.085073
   103   1       3179       1029 11.314  11.314 106.5 45.000     3173     1023     3186     1036     13     13      3179      1021      3187      1029      3179      1037      3171      1029      3148       998      3211      1061 PARcau 0.485473 0.425683 0.088843
   103   0       4124       2143 12.000  13.000 122.0 90.000     4118     2138     4132     2151     14     13      4118      2138      4131      2138      4131      2150      4118      2150      4093      2113      4157      2176 PARcau 0.688824 0.187798 0.123378
   104   1       3178       1029 11.000  12.000 102.5 90.000     3172     1024     3185     1036     13     12      3172      1024      3184      1024      3184      1035      3172      1035      3147       999      3210      1061 PARcau 0.463126 0.018317 0.518558
   104   0       4128       2143 12.000  12.000 115.0 90.000     4123     2138     4136     2151     13     13      4123      2138      4135      2138      4135      2150      4123      2150      4098      2113      4161      2176 PARcau 0.503587 0.254536 0.241876
   105   1       3175       1031 11.000  13.000 115.0 90.000     3169     1026     3183     1038     14     12      3169      1026      3182      1026      3182      1037      3169      1037      3144      1001      3208      1063 PARcau 0.599804 0.019693 0.380503
   105   0       4132       2141 11.000  13.000 108.5 90.000     4127     2135     4139     2149     12     14      4127      2135      4138      2135      4138      2148      4127      2148      4102      2110      4164      2174 PARcau 0.851847 0.096997 0.051155
   106   0       4132       2138 11.000  13.000 108.0 90.000     4127     2132     4139     2146     12     14      4127      2132      4138      2132      4138      2145      4127      2145      4102      2107      4164      2171 PARcau 0.890672 0.031176 0.078152
   106   1       3171       1035 11.000  14.000 116.0 90.000     3164     1030     3179     1042     15     12      3164      1030      3178      1030      3178      1041      3164      1041      3139      1005      3204      1067 PARcau 0.840205 0.024363 0.135432
   107   2        590        733  4.472   9.849  18.5 20.556      585      732      595      738     10      6       586       729       595       733       593       737       584       733       560       707       620       763 PARcau 0.514453 0.027462 0.458085
   107   0       4129       2134 11.000  12.000 105.0 90.000     4124     2129     4137     2141     13     12      4124      2129      4136      2129      4136      2140      4124      2140      4099      2104      4162      2166 PARcau 0.673748 0.162354 0.163898
   107   1       3165       1038 11.000  14.000 123.5 90.000     3159     1033     3174     1045     15     12      3159      1033      3173      1033      3173      1044      3159      1044      3134      1008      3199      1070 PARcau 0.118782 0.026945 0.854273
   108   0       4124       2133 12.000  13.000 114.0  0.000     4118     2127     4132     2140     14     13      4118      2127      4131      2127      4131      2139      4118      2139      4093      2102      4157      2165 PARcau 0.919700 0.014511 0.065789
   108   1       3160       1038 11.281  16.008 129.5 14.036     3153     1033     3169     1046     16     13      3153      1031      3169      1035      3166      1046      3151      1042      3128      1008      3194      1071 PARcau 0.621599 0.200482 0.177919
   109   1       3154       1035 11.314  14.866 131.5 45.000     3147     1030     3163     1043     16     13      3153      1026      3163      1037      3155      1045      3145      1034      3122      1005      3188      1068 PARcau 0.459551 0.174818 0.365631
   109   0       4117       2135 11.314  14.866 129.0 45.000     4111     2129     4126     2143     15     14      4108      2136      4119      2126      4127      2134      4116      2144      4086      2104      4151      2168 PARcau 0.375913 0.289881 0.334206
   110   1       3151       1032 12.000  13.000 123.0 90.000     3145     1026     3159     1039     14     13      3145      1026      3158      1026      3158      1038      3145      1038      3120      1001      3184      1064 PARcau 0.359769 0.369435 0.270796
   110   0       4112       2140 11.314  15.556 121.0 45.000     4106     2133     4120     2148     14     15      4103      2141      4114      2130      4122      2138      4111      2149      4081      2108      4145      2173 PARcau 0.827251 0.009089 0.163660
   111   1       3149       1028 12.000  13.000 121.0 90.000     3143     1023     3157     1036     14     13      3143      1023      3156      1023      3156      1035      3143      1035      3118       998      3182      1061 PARcau 0.842661 0.076300 0.081039
   111   0       4110       2147 10.000  15.000 122.0 90.000     4105     2140     4116     2156     11     16      4105      2140      4115      2140      4115      2155      4105      2155      4080      2115      4141      2181 PARcau 0.755028 0.138488 0.106484
   112   1       3150       1026 11.000  12.000 106.5 90.000     3145     1021     3158     1033     13     12      3145      1021      3157      1021      3157      1032      3145      1032      3120       996      3183      1058 PARcau 0.419671 0.348247 0.232082
   112   0       4111       2155 11.000  15.000 128.5  0.000     4106     2148     4118     2164     12     16      4106      2148      4117      2148      4117      2163      4106      2163      4081      2123      4143      2189 PARcau 0.191233 0.433876 0.374891
   113   1       3152       1025 12.021  12.021 108.5 45.000     3146     1020     3160     1033     14     13      3152      1017      3161      1026      3152      1034      3144      1026      3121       995      3185      1058 PARcau 0.930527 0.016311 0.053162
   113   0       4115       2161 11.314  15.556 135.0 45.000     4109     2155     4123     2170     14     15      4113      2152      4124      2163      4116      2171      4105      2160      4084      2130      4148      2195 PARcau 0.992333 0.004820 0.002847
   114   1       3154       1028 11.000  12.000 107.5 90.000     3149     1023     3162     1035     13     12      3149      1023      3161      1023      3161      1034      3149      1034      3124       998      3187      1060 PARcau 0.916367 0.035308 0.048325
   114   0       4121       2166 12.042  15.556 139.5 45.000     4114     2160     4130     2174     16     14      4120      2156      4131      2167      4123      2176      4112      2165      4089      2135      4155      2199 PARcau 0.540812 0.190540 0.268648
   115   1       3155       1033 11.000  13.000 114.5 90.000     3150     1027     3162     1041     12     14      3150      1027      3161      1027      3161      1040      3150      1040      3125      1002      3187      1066 PARcau 0.880283 0.019169 0.100548
   115   0       4128       2168 12.728  14.142 137.0 45.000     4121     2163     4137     2176     16     13      4128      2159      4138      2169      4129      2178      4119      2168      4096      2138      4162      2201 PARcau 0.537171 0.306302 0.156526
   116   1       3154       1039 11.000  14.000 119.5 90.000     3149     1032     3161     1047     12     15      3149      1032      3160      1032      3160      1046      3149      1046      3124      1007      3186      1072 PARcau 0.171843 0.019051 0.809106
   116   0       4135       2167 12.000  13.000 128.5 90.000     4129     2162     4143     2175     14     13      4129      2162      4142      2162      4142      2174      4129      2174      4104      2137      4168      2200 PARcau 0.767088 0.034064 0.198849
   117   0       4140       2165 12.000  13.000 121.0 90.000     4133     2159     4147     2172     14     13      4133      2159      4146      2159      4146      2171      4133      2171      4108      2134      4172      2197 PARcau 0.918384 0.017908 0.063709
   117   1       3151       1045 12.000  13.000 122.0 90.000     3145     1039     3158     1053     13     14      3145      1039      3157      1039      3157      1052      3145      1052      3120      1014      3183      1078 PARcau 0.897895 0.010029 0.092076
   118   2        591        730  3.000   7.000  16.0 90.000      588      729      596      733      8      4       588       729       595       729       595       732       588       732       563       704       621       758 PARcau 0.119875 0.009854 0.870271
   118   0       4143       2163 12.000  12.000 116.0 90.000     4137     2157     4150     2170     13     13      4137      2157      4149      2157      4149      2169      4137      2169      4112      2132      4175      2195 PARcau 0.351491 0.546564 0.101945
   118   1       3146       1049 12.000  14.000 133.5 90.000     3139     1044     3154     1057     15     13      3139      1044      3153      1044      3153      1056      3139      1056      3114      1019      3179      1082 PARcau 0.266634 0.363338 0.370028
   119   2        591        730  3.000   8.000  16.5 90.000      587      729      596      733      9      4       587       729       595       729       595       732       587       732       562       704       621       758 PARcau 0.268600 0.016132 0.715269
   119   0       4146       2164 11.000  12.000 110.0 90.000     4141     2158     4153     2171     12     13      4141      2158      4152      2158      4152      2170      4141      2170      4116      2133      4178      2196 PARcau 0.440937 0.525919 0.033144
   119   1       3139       1050 10.000  14.000 119.5 90.000     3133     1046     3148     1057     15     11      3133      1046      3147      1046      3147      1056      3133      1056      3108      1021      3173      1082 PARcau 0.054605 0.059950 0.885445
   120   1       3134       1050 10.000  14.000 122.0 90.000     3127     1046     3142     1057     15     11      3127      1046      3141      1046      3141      1056      3127      1056      3102      1021      3167      1082 PARcau 0.169990 0.101206 0.728804
   120   0       4149       2167 12.000  13.000 123.0 90.000     4144     2161     4157     2175     13     14      4144      2161      4156      2161      4156      2174      4144      2174      4119      2136      4182      2200 PARcau 0.881973 0.030127 0.087899
   121   1       3128       1049 10.000  14.000 115.0 90.000     3122     1044     3137     1055     15     11      3122      1044      3136      1044      3136      1054      3122      1054      3097      1019      3162      1080 PARcau 0.063742 0.167498 0.768760
   121   0       4155       2172 13.000  13.000 133.0 90.000     4149     2166     4163     2180     14     14      4149      2166      4162      2166      4162      2179      4149      2179      4124      2141      4188      2205 PARcau 0.121178 0.741826 0.136996
   122   1       3126       1047 10.000  13.000 104.5 90.000     3119     1043     3133     1054     14     11      3119      1043      3132      1043      3132      1053      3119      1053      3094      1018      3158      1079 PARcau 0.370491 0.196266 0.433243
   122   0       4161       2176 12.000  14.000 134.5 90.000     4155     2170     4170     2183     15     13      4155      2170      4169      2170      4169      2182      4155      2182      4130      2145      4195      2208 PARcau 0.858493 0.068485 0.073022
   123   1       3124       1048 12.000  12.000 108.0 90.000     3119     1043     3132     1056     13     13      3119      1043      3131      1043      3131      1055      3119      1055      3094      1018      3157      1081 PARcau 0.203414 0.110094 0.686492
   123   0       4169       2177 12.000  15.000 138.5 90.000     4162     2172     4178     2185     16     13      4162      2172      4177      2172      4177      2184      4162      2184      4137      2147      4203      2210 PARcau 0.106484 0.738262 0.155254
   124   1       3123       1052 12.728  12.728 124.0 45.000     3118     1046     3131     1061     13     15      3124      1044      3133      1053      3124      1062      3115      1053      3093      1021      3156      1086 PARcau 0.052847 0.026022 0.921131
   124   0       4177       2176 12.728  14.866 143.5 45.000     4170     2170     4186     2184     16     14      4167      2177      4178      2167      4187      2176      4176      2186      4145      2145      4211      2209 PARcau 0.933766 0.016091 0.050142
   125   1       3121       1058 13.000  13.000 126.5 90.000     3115     1052     3129     1066     14     14      3115      1052      3128      1052      3128      1065      3115      1065      3090      1027      3154      1091 PARcau 0.304444 0.027688 0.667868
   125   0       4184       2174 12.021  14.849 136.0 45.000     4177     2168     4193     2181     16     13      4175      2175      4185      2164      4194      2173      4183      2183      4152      2143      4218      2206 PARcau 0.624375 0.230664 0.144961
   126   1       3118       1063 12.021  14.849 133.0 45.000     3112     1057     3127     1071     15     14      3109      1064      3120      1054      3128      1062      3118      1073      3087      1032      3152      1096 PARcau 0.037769 0.048363 0.913868
   126   0       4191       2172 11.000  15.000 131.0 90.000     4184     2167     4200     2179     16     12      4184      2167      4199      2167      4199      2178      4184      2178      4159      2142      4225      2204 PARcau 0.540474 0.304886 0.154640
   127   1       3114       1067 12.000  14.000 136.0 90.000     3108     1061     3123     1074     15     13      3108      1061      3122      1061      3122      1073      3108      1073      3083      1036      3148      1099 PARcau 0.360996 0.364302 0.274703
   127   0       4197       2173 12.042  14.142 134.5 45.000     4191     2167     4206     2181     15     14      4197      2164      4207      2174      4198      2182      4188      2172      4166      2142      4231      2206 PARcau 0.999079 0.000003 0.000918
   128   1       3109       1069 14.142  14.142 139.5 45.000     3101     1063     3118     1076     17     13      3109      1059      3119      1069      3109      1079      3099      1069      3076      1038      3143      1101 PARcau 0.621039 0.015081 0.363881
   128   0       4204       2177 13.000  14.000 138.0 90.000     4198     2170     4212     2185     14     15      4198      2170      4211      2170      4211      2184      4198      2184      4173      2145      4237      2210 PARcau 0.349569 0.364933 0.285498
   129   1       3103       1069 12.369  15.297 132.0 11.310     3096     1064     3112     1077     16     13      3097      1062      3112      1065      3109      1077      3094      1074      3071      1039      3137      1102 PARcau 0.528849 0.047463 0.423688
   129   0       4210       2181 13.000  13.000 132.0 90.000     4204     2175     4218     2189     14     14      4204      2175      4217      2175      4217      2188      4204      2188      4179      2150      4243      2214 PARcau 0.308606 0.607069 0.084325
   130   1       3098       1070 12.176  15.660 133.5 71.565     3091     1065     3107     1078     16     13      3089      1067      3104      1062      3108      1074      3093      1078      3066      1040      3132      1103 PARcau 0.698511 0.027871 0.273617
   130   0       4216       2183 12.042  14.142 134.5 45.000     4210     2177     4225     2191     15     14      4216      2174      4226      2184      4217      2192      4207      2182      4185      2152      4250      2216 PARcau 0.251509 0.570634 0.177857
   131   1       3093       1072 12.000  15.000 136.0 90.000     3086     1067     3102     1080     16     13      3086      1067      3101      1067      3101      1079      3086      1079      3061      1042      3127      1105 PARcau 0.430065 0.216182 0.353753
   131   0       4221       2183 12.748  12.748 128.5 26.565     4215     2177     4229     2191     14     14      4218      2174      4230      2180      4224      2191      4213      2186      4190      2152      4254      2216 PARcau 0.245556 0.564175 0.190269
   132   1       3089       1076 13.000  13.000 128.0 90.000     3083     1070     3097     1084     14     14      3083      1070      3096      1070      3096      1083      3083      1083      3058      1045      3122      1109 PARcau 0.530621 0.071558 0.397822
   132   0       4227       2180 12.021  14.849 135.0 45.000     4220     2174     4235     2188     15     14      4218      2181      4228      2170      4237      2179      4226      2189      4195      2149      4260      2213 PARcau 0.838675 0.098214 0.063111
   133   1       3086       1081 13.000  14.000 146.5 90.000     3080     1075     3094     1090     14     15      3080      1075      3093      1075      3093      1089      3080      1089      3055      1050      3119      1115 PARcau 0.252450 0.018111 0.729440
   133   0       4232       2175 11.314  16.279 143.5 45.000     4226     2168     4240     2184     14     16      4223      2177      4234      2165      4242      2173      4231      2185      4201      2143      4265      2209 PARcau 0.265210 0.006481 0.728310
   134   1       3084       1087 13.000  14.000 142.5 90.000     3078     1080     3092     1095     14     15      3078      1080      3091      1080      3091      1094      3078      1094      3053      1055      3117      1120 PARcau 0.362932 0.018101 0.618967
   134   0       4238       2169 13.000  14.000 138.5 90.000     4232     2163     4246     2178     14     15      4232      2163      4245      2163      4245      2177      4232      2177      4207      2138      4271      2203 PARcau 0.419208 0.283276 0.297516
   135   1       3083       1092 12.000  13.000 133.5 90.000     3077     1086     3090     1100     13     14      3077      1086      3089      1086      3089      1099      3077      1099      3052      1061      3115      1125 PARcau 0.702936 0.060659 0.236405
   135   0       4245       2165 11.853  14.983 136.0 63.435     4238     2159     4253     2173     15     14      4235      2163      4249      2157      4254      2167      4241      2174      4213      2134      4278      2198 PARcau 0.912048 0.043266 0.044686
   136   2        587        726  4.717   9.014  22.0 54.462      584      724      593      732      9      8       582       727       589       722       592       726       584       731       559       699       618       757 PARcau 0.489506 0.000625 0.509869
   136   1       3082       1096 13.000  13.000 128.0 90.000     3076     1090     3090     1104     14     14      3076      1090      3089      1090      3089      1103      3076      1103      3051      1065      3115      1129 PARcau 0.563279 0.054834 0.381887
   136   0       4251       2164 12.000  14.000 133.5 90.000     4244     2158     4259     2171     15     13      4244      2158      4258      2158      4258      2170      4244      2170      4219      2133      4284      2196 PARcau 0.983997 0.012872 0.003131
   137   2        587        726  5.148   8.746  22.5 59.036      584      724      592      731      8      7       581       726       589       721       591       726       584       730       559       699       617       756 PARcau 0.355666 0.001293 0.643041
   137   1       3080       1098 12.000  13.000 122.0 90.000     3074     1092     3088     1105     14     13      3074      1092      3087      1092      3087      1104      3074      1104      3049      1067      3113      1130 PARcau 0.214263 0.117317 0.668419
   137   0       4258       2164 12.000  14.000 140.0  0.000     4251     2158     4266     2171     15     13      4251      2158      4265      2158      4265      2170      4251      2170      4226      2133      4291      2196 PARcau 0.972143 0.006466 0.021390
   138   2        586        726  5.148  10.124  28.5 59.036      583      723      593      731     10      8       581       726       590       720       592       725       584       730       558       698       618       756 PARcau 0.458879 0.001038 0.540083
   138   1       3077       1097 11.000  14.000 118.5 90.000     3070     1092     3085     1104     15     12      3070      1092      3084      1092      3084      1103      3070      1103      3045      1067      3110      1129 PARcau 0.370409 0.208277 0.421315
   138   0       4265       2165 12.000  15.000 144.0 90.000     4258     2159     4274     2172     16     13      4258      2159      4273      2159      4273      2171      4258      2171      4233      2134      4299      2197 PARcau 0.440254 0.340346 0.219400
   139   2        586        725  4.950   9.192  30.0 45.000      583      723      593      731     10      8       582       727       588       720       592       724       585       730       558       698       618       756 PARcau 0.120078 0.000213 0.879709
   139   1       3071       1095 11.000  15.000 129.5 90.000     3064     1090     3080     1102     16     12      3064      1090      3079      1090      3079      1101      3064      1101      3039      1065      3105      1127 PARcau 0.206022 0.016707 0.777271
   139   0       4273       2164 12.000  14.000 144.0 90.000     4266     2158     4281     2171     15     13      4266      2158      4280      2158      4280      2170      4266      2170      4241      2133      4306      2196 PARcau 0.435078 0.203352 0.361570
   140   2        586        725  6.021  10.308  29.0 50.194      583      723      593      731     10      8       580       726       588       719       592       724       584       730       558       698       618       756 PARcau 0.232567 0.000222 0.767211
   140   1       3064       1094 11.000  16.000 131.5 90.000     3056     1089     3073     1101     17     12      3056      1089      3072      1089      3072      1100      3056      1100      3031      1064      3098      1126 PARcau 0.038880 0.016219 0.944900
   140   0       4279       2161 13.000  13.000 136.5 90.000     4273     2155     4287     2169     14     14      4273      2155      4286      2155      4286      2168      4273      2168      4248      2130      4312      2194 PARcau 0.670334 0.138337 0.191329
   141   2        586        725  5.657  10.630  29.0 50.194      583      722      593      730     10      8       580       726       588       719       592       723       584       730       558       697       618       755 PARcau 0.182701 0.000193 0.817105
   141   1       3057       1094 11.000  15.000 131.5 90.000     3050     1089     3066     1101     16     12      3050      1089      3065      1089      3065      1100      3050      1100      3025      1064      3091      1126 PARcau 0.678606 0.039310 0.282084
   141   0       4285       2156 13.000  14.000 142.5 90.000     4279     2149     4293     2164     14     15      4279      2149      4292      2149      4292      2163      4279      2163      4254      2124      4318      2189 PARcau 0.845891 0.062434 0.091675
   142   2        586        725  5.148   9.618  28.5 63.435      583      722      592      730      9      8       581       725       589       720       592       725       583       729       558       697       617       755 PARcau 0.438313 0.001643 0.560044
   142   1       3051       1096 12.000  15.000 142.0 90.000     3044     1091     3060     1104     16     13      3044      1091      3059      1091      3059      1103      3044      1103      3019      1066      3085      1129 PARcau 0.719499 0.103075 0.177426
   142   0       4290       2151 13.000  13.000 136.0 90.000     4284     2145     4298     2159     14     14      4284      2145      4297      2145      4297      2158      4284      2158      4259      2120      4323      2184 PARcau 0.553556 0.290995 0.155449
   143   2        585        725  4.243   9.899  29.5 45.000      582      722      591      730      9      8       580       727       587       720       590       723       583       730       557       697       616       755 PARcau 0.825693 0.000224 0.174083
   143   1       3046       1101 12.021  14.849 141.0 45.000     3039     1095     3054     1109     15     14      3037      1101      3047      1091      3056      1099      3045      1110      3014      1070      3079      1134 PARcau 0.368065 0.434467 0.197469
   143   0       4295       2149 12.000  13.000 129.5 90.000     4289     2143     4303     2156     14     13      4289      2143      4302      2143      4302      2155      4289      2155      4264      2118      4328      2181 PARcau 0.792745 0.037211 0.170044
   144   2        585        725  5.701  10.700  36.5 36.870      581      722      591      731     10      9       579       727       585       719       590       722       583       731       556       697       616       756 PARcau 0.115438 0.000260 0.884301
   144   0       4301       2150 12.000  13.000 125.0 90.000     4295     2144     4309     2157     14     13      4295      2144      4308      2144      4308      2156      4295      2156      4270      2119      4334      2182 PARcau 0.834288 0.091718 0.073994
   144   1       3043       1107 13.000  14.000 144.0 90.000     3036     1101     3051     1115     15     14      3036      1101      3050      1101      3050      1114      3036      1114      3011      1076      3076      1140 PARcau 0.158857 0.270549 0.570594
   145   2        584        725  5.657  11.314  43.5 45.000      581      721      591      731     10     10       578       727       586       719       590       723       582       731       556       696       616       756 PARcau 0.615711 0.000137 0.384152
   145   0       4306       2153 13.000  13.000 132.0 90.000     4300     2147     4314     2161     14     14      4300      2147      4313      2147      4313      2160      4300      2160      4275      2122      4339      2186 PARcau 0.863844 0.056116 0.080040
   145   1       3040       1114 13.000  14.000 142.5 90.000     3034     1107     3048     1122     14     15      3034      1107      3047      1107      3047      1121      3034      1121      3009      1082      3073      1147 PARcau 0.705517 0.015324 0.279159
   146   2        583        725  5.148  12.349  45.0 30.964      580      720      590      732     10     12       578       729       584       719       589       721       582       732       555       695       615       757 PARcau 0.411439 0.001309 0.587252
   146   1       3038       1118 13.416  13.416 134.0 26.565     3031     1113     3046     1127     15     14      3035      1109      3047      1115      3041      1127      3029      1121      3006      1088      3071      1152 PARcau 0.325844 0.022443 0.651713
   146   0       4313       2158 12.083  15.652 134.5 63.435     4306     2151     4321     2166     15     15      4304      2153      4315      2148      4322      2162      4311      2167      4281      2126      4346      2191 PARcau 0.682777 0.205668 0.111555
   147   2        583        724  5.701  11.511  47.5 33.690      580      720      590      731     10     11       577       728       584       718       588       722       582       731       555       695       615       756 PARcau 0.375048 0.017862 0.607089
   147   1       3035       1122 11.769  13.946 126.0 75.964     3028     1116     3043     1129     15     13      3027      1118      3040      1114      3043      1126      3029      1129      3003      1091      3068      1154 PARcau 0.860129 0.072480 0.067391
   147   0       4319       2162 13.000  14.000 140.0 90.000     4312     2156     4327     2170     15     14      4312      2156      4326      2156      4326      2169      4312      2169      4287      2131      4352      2195 PARcau 0.715031 0.142119 0.142850
   148   2        583        724  6.403  10.817  46.0 33.690      580      720      590      731     10     11       577       727       583       718       588       722       582       731       555       695       615       756 PARcau 0.376353 0.001028 0.622620
   148   1       3031       1123 11.000  15.000 136.0 90.000     3024     1118     3040     1130     16     12      3024      1118      3039      1118      3039      1129      3024      1129      2999      1093      3065      1155 PARcau 0.849225 0.024228 0.126546
   148   0       4326       2165 13.000  15.000 151.5 90.000     4319     2159     4335     2173     16     14      4319      2159      4334      2159      4334      2172      4319      2172      4294      2134      4360      2198 PARcau 0.456443 0.199835 0.343722
   149   2        583        724  6.403  10.630  44.0 38.660      580      720      589      731      9     11       576       726       583       718       588       722       581       730       555       695       614       756 PARcau 0.388557 0.001550 0.609893
   149   1       3025       1123 10.000  16.000 132.0 90.000     3017     1119     3034     1130     17     11      3017      1119      3033      1119      3033      1129      3017      1129      2992      1094      3059      1155 PARcau 0.098999 0.026967 0.874034
   149   0       4334       2166 12.000  15.000 141.0 90.000     4327     2160     4343     2173     16     13      4327      2160      4342      2160      4342      2172      4327      2172      4302      2135      4368      2198 PARcau 0.110585 0.091281 0.798133