 Frame  ID  CentroidX  CentroidY  Width  Length  Area  Angle  Box_TLX  Box_TLY  Box_BRX  Box_BRY  Box_W  Box_H  rBox_TLX  rBox_TLY  rBox_TRX  rBox_TRY  rBox_BRX  rBox_BRY  rBox_BLX  rBox_BLY  lBox_TLX  lBox_TLY  lBox_BRX  lBox_BRY  Label       DIDnas       NONpro   PARcau
    26   0       2390       2875  6.000   6.000  27.0 90.000     2388     2873     2395     2880      7      7      2388      2873      2394      2873      2394      2879      2388      2879      2363      2848      2420      2905 PARcau 5.226794e-01 4.895563e-03 0.472425
    27   0       2390       2872  6.000   6.000  31.0 90.000     2387     2869     2394     2876      7      7      2387      2869      2393      2869      2393      2875      2387      2875      2362      2844      2419      2901 PARcau 2.040028e-01 1.328469e-02 0.782713
    28   0       2386       2871  6.364   6.364  34.0 45.000     2383     2868     2391     2875      8      7      2386      2866      2391      2871      2386      2875      2382      2871      2358      2843      2416      2900 PARcau 1.577500e-01 3.294604e-02 0.809304
    29   0       2382       2872  5.657   7.071  32.0 45.000     2379     2869     2387     2877      8      8      2378      2873      2383      2868      2387      2872      2382      2877      2354      2844      2412      2902 PARcau 1.571730e-01 4.493163e-02 0.797895
    30   0       2379       2875  6.364   6.364  31.0 45.000     2377     2872     2384     2880      7      8      2380      2871      2384      2875      2380      2880      2375      2875      2352      2847      2409      2905 PARcau 4.888135e-01 1.804082e-02 0.493146
    30   1        516       2800  6.000   9.000  35.5  0.000      514     2796      521     2806      7     10       514      2796       520      2796       520      2805       514      2805       489      2771       546      2831 PARcau 5.230575e-03 5.814446e-09 0.994769
    31   1        516       2801  5.590   9.394  33.5 26.565      513     2796      521     2806      8     10       516      2795       521      2798       517      2806       512      2804       488      2771       546      2831 PARcau 4.455939e-02 1.947445e-06 0.955439
    34   1        476       2773  7.000  12.000  62.5 90.000      471     2770      484     2778     13      8       471      2770       483      2770       483      2777       471      2777       446      2745       509      2803 PARcau 1.304949e-02 6.536108e-09 0.986950
    35   0       2379       2872  6.000   6.000  26.0 90.000     2377     2870     2384     2877      7      7      2377      2870      2383      2870      2383      2876      2377      2876      2352      2845      2409      2902 PARcau 4.265579e-01 2.378011e-01 0.335641
    35   1        477       2772  7.000  13.000  71.0 90.000      471     2769      485     2777     14      8       471      2769       484      2769       484      2776       471      2776       446      2744       510      2802 PARcau 2.112600e-02 5.370964e-08 0.978874
    36   1        478       2772  7.280  14.318  74.0 75.964      471     2768      486     2777     15      9       470      2770       484      2767       486      2774       472      2777       446      2743       511      2802 PARcau 3.731653e-03 3.219430e-08 0.996268
    36   0       2375       2869  6.364   6.364  27.0 45.000     2373     2867     2381     2874      8      7      2376      2865      2381      2870      2376      2874      2372      2870      2348      2842      2406      2899 PARcau 8.651526e-02 5.173327e-02 0.861751
    37   1        479       2771  7.566  16.378  80.0 78.690      471     2768      488     2777     17      9       470      2769       486      2766       487      2773       471      2777       446      2743       513      2802 PARcau 3.378208e-02 5.321694e-07 0.966217
    37   0       2372       2868  6.000   7.000  35.5 90.000     2369     2866     2377     2873      8      7      2369      2866      2376      2866      2376      2872      2369      2872      2344      2841      2402      2898 PARcau 4.579316e-02 4.769550e-02 0.906511
    38   1        481       2771  8.062  17.117  74.0 83.660      472     2768      490     2777     18      9       471      2768       488      2766       489      2774       472      2776       447      2743       515      2802 PARcau 7.054166e-03 6.135191e-09 0.992946
    38   0       2368       2870  6.000   7.000  33.0 90.000     2366     2867     2373     2875      7      8      2366      2867      2372      2867      2372      2874      2366      2874      2341      2842      2398      2900 PARcau 2.146818e-01 3.253322e-02 0.752785
    39   0       2365       2873  6.000   7.000  34.5 90.000     2363     2870     2370     2878      7      8      2363      2870      2369      2870      2369      2877      2363      2877      2338      2845      2395      2903 PARcau 4.766869e-01 1.354370e-02 0.509769
    40   0       2364       2877  6.000   7.000  35.0 90.000     2361     2874     2369     2881      8      7      2361      2874      2368      2874      2368      2880      2361      2880      2336      2849      2394      2906 PARcau 3.381501e-01 2.848544e-01 0.376996
    41   0       2363       2877  5.000   6.000  25.5 90.000     2361     2875     2367     2882      6      7      2361      2875      2366      2875      2366      2881      2361      2881      2336      2850      2392      2907 PARcau 6.546419e-01 9.633120e-02 0.249027
    42   0       2363       2876  6.000   6.000  31.5 90.000     2361     2874     2368     2881      7      7      2361      2874      2367      2874      2367      2880      2361      2880      2336      2849      2393      2906 PARcau 5.986071e-01 6.737328e-02 0.334020
    43   0       2363       2873  5.590   7.159  29.5 75.964     2360     2870     2367     2878      7      8      2359      2870      2365      2869      2366      2876      2361      2877      2335      2845      2392      2903 PARcau 1.451584e-01 1.422480e-02 0.840617
    44   0       2360       2869  6.000   6.000  27.0 90.000     2358     2866     2365     2873      7      7      2358      2866      2364      2866      2364      2872      2358      2872      2333      2841      2390      2898 PARcau 5.586335e-02 5.669578e-01 0.377179
    45   0       2357       2866  6.000   7.000  34.5 90.000     2354     2864     2362     2871      8      7      2354      2864      2361      2864      2361      2870      2354      2870      2329      2839      2387      2896 PARcau 1.691535e-01 4.743134e-01 0.356533
    45   1        507       2799  7.071   8.485  38.5 45.000      504     2796      513     2805      9      9       501      2800       507      2794       512      2799       506      2805       479      2771       538      2830 PARcau 1.680772e-02 1.636770e-06 0.983191
    46   0       2353       2866  7.000   7.000  37.0 90.000     2350     2863     2358     2871      8      8      2350      2863      2357      2863      2357      2870      2350      2870      2325      2838      2383      2896 PARcau 1.120955e-01 4.880347e-02 0.839101
    46   1        508       2801  8.062   8.062  33.0 26.565      504     2797      513     2806      9      9       507      2795       514      2799       510      2806       503      2802       479      2772       538      2831 PARcau 9.043333e-03 4.902402e-06 0.990952
    47   0       2350       2868  7.000   7.000  40.5 90.000     2347     2865     2355     2873      8      8      2347      2865      2354      2865      2354      2872      2347      2872      2322      2840      2380      2898 PARcau 2.533849e-01 2.850849e-01 0.461530
    47   1        509       2803  8.000   9.000  42.0  0.000      505     2798      514     2808      9     10       505      2798       513      2798       513      2807       505      2807       480      2773       539      2833 PARcau 9.744706e-02 9.929211e-04 0.901560
    48   1        510       2804  8.000   9.000  49.5 90.000      507     2800      516     2810      9     10       507      2800       515      2800       515      2809       507      2809       482      2775       541      2835 PARcau 1.039234e-01 7.514202e-04 0.895325
    48   0       2349       2872  7.000   7.000  38.0 90.000     2346     2869     2354     2877      8      8      2346      2869      2353      2869      2353      2876      2346      2876      2321      2844      2379      2902 PARcau 5.408660e-01 1.469975e-02 0.444434
    49   1        513       2805  5.590   6.265  26.5 63.435      510     2802      518     2809      8      7       509      2803       514      2801       517      2806       512      2809       485      2777       543      2834 PARcau 5.285723e-02 4.933632e-05 0.947093
    49   0       2350       2876  5.657   7.071  30.0 45.000     2347     2873     2355     2881      8      8      2350      2872      2355      2877      2351      2881      2346      2876      2322      2848      2380      2906 PARcau 7.404480e-01 2.427600e-02 0.235276
    50   0       2353       2878  6.708   6.708  35.0 26.565     2350     2875     2358     2883      8      8      2352      2874      2358      2877      2355      2883      2349      2880      2325      2850      2383      2908 PARcau 3.799578e-01 1.390655e-02 0.606136
    50   1        521       2804  6.103   6.801  31.0 33.690      518     2802      526     2809      8      7       520      2800       526      2804       522      2809       517      2805       493      2777       551      2834 PARcau 1.542120e-03 2.198327e-05 0.998436
    51   0       2357       2878  6.000   7.000  32.0 90.000     2354     2876     2362     2883      8      7      2354      2876      2361      2876      2361      2882      2354      2882      2329      2851      2387      2908 PARcau 7.129063e-02 5.471039e-03 0.923238
    51   1        525       2805 10.000  10.000  81.0 90.000      520     2801      531     2812     11     11       520      2801       530      2801       530      2811       520      2811       495      2776       556      2837 PARcau 1.638565e-01 3.799656e-03 0.832344
    52   1        525       2806  9.192  13.435  97.0 45.000      520     2801      533     2813     13     12       524      2798       533      2807       527      2814       517      2804       495      2776       558      2838 PARcau 1.105032e-01 4.847607e-03 0.884649
    53   1        525       2806 10.000  11.000  86.0 90.000      520     2802      532     2813     12     11       520      2802       531      2802       531      2812       520      2812       495      2777       557      2838 PARcau 4.252392e-04 3.358981e-05 0.999541
    54   1        525       2807 10.000  10.000  74.0 90.000      520     2802      531     2813     11     11       520      2802       530      2802       530      2812       520      2812       495      2777       556      2838 PARcau 3.383611e-03 6.175085e-05 0.996555
    55   1        525       2807  7.810  12.728  68.5 45.000      520     2802      531     2813     11     11       523      2799       532      2808       527      2814       518      2805       495      2777       556      2838 PARcau 1.637308e-03 5.093565e-05 0.998312
    56   1        525       2806  7.906  11.068  52.0 18.435      520     2802      530     2813     10     11       520      2801       531      2805       528      2812       518      2809       495      2777       555      2838 PARcau 3.287040e-04 6.586889e-07 0.999671
    56   0       2353       2868  4.924   7.826  27.0 63.435     2350     2865     2358     2872      8      7      2349      2867      2356      2864      2358      2868      2351      2872      2325      2840      2383      2897 PARcau 4.032057e-02 5.259300e-03 0.954420
    57   1        525       2807  8.000   9.000  40.0 90.000      520     2803      530     2812     10      9       520      2803       529      2803       529      2811       520      2811       495      2778       555      2837 PARcau 1.979435e-04 2.652930e-06 0.999799
    57   0       2351       2872  5.000   7.000  25.5 90.000     2349     2869     2355     2877      6      8      2349      2869      2354      2869      2354      2876      2349      2876      2324      2844      2380      2902 PARcau 2.068050e-01 5.865284e-03 0.787330
    63   1        503       2763  6.000   8.000  36.5 90.000      500     2761      509     2768      9      7       500      2761       508      2761       508      2767       500      2767       475      2736       534      2793 PARcau 1.329565e-01 2.146710e-03 0.864897
    64   1        504       2763  8.000   9.000  53.5 90.000      500     2759      510     2768     10      9       500      2759       509      2759       509      2767       500      2767       475      2734       535      2793 PARcau 1.695318e-01 1.796152e-03 0.828672
    65   1        505       2762  7.071  11.314  62.5 45.000      500     2758      511     2768     11     10       498      2764       506      2756       511      2761       503      2769       475      2733       536      2793 PARcau 2.876744e-02 4.347106e-05 0.971189
    65   0       2374       2871  5.385   6.708  27.0 63.435     2372     2869     2379     2876      7      7      2370      2869      2375      2867      2378      2873      2373      2875      2347      2844      2404      2901 PARcau 3.509330e-01 5.972965e-03 0.643094
    66   1        505       2762  9.000   9.000  57.5 90.000      501     2758      511     2768     10     10       501      2758       510      2758       510      2767       501      2767       476      2733       536      2793 PARcau 2.224327e-01 1.969935e-04 0.777370
    67   1        505       2762  8.000   8.000  44.5 90.000      501     2758      510     2767      9      9       501      2758       509      2758       509      2766       501      2766       476      2733       535      2792 PARcau 2.002785e-01 7.528102e-05 0.799646
    69   0       2387       2872  6.000   6.000  25.5 90.000     2385     2870     2392     2877      7      7      2385      2870      2391      2870      2391      2876      2385      2876      2360      2845      2417      2902 PARcau 8.506495e-02 1.448009e-02 0.900455
    71   1        493       2760  7.071  11.314  56.0 45.000      489     2757      499     2767     10     10       492      2754       500      2762       495      2767       487      2759       464      2732       524      2792 PARcau 4.336475e-03 1.708572e-05 0.995646
    72   1        491       2760  9.000  12.000  73.5 90.000      486     2756      499     2766     13     10       486      2756       498      2756       498      2765       486      2765       461      2731       524      2791 PARcau 4.387678e-02 1.089813e-05 0.956112
    72   0       2394       2865  5.000   6.000  25.5 90.000     2392     2863     2399     2869      7      6      2392      2863      2398      2863      2398      2868      2392      2868      2367      2838      2424      2894 PARcau 2.821561e-01 2.177555e-01 0.500088
    73   1        491       2760  7.071  14.142  71.5 45.000      486     2755      499     2766     13     11       489      2753       499      2763       494      2768       484      2758       461      2730       524      2791 PARcau 5.322470e-03 1.947604e-04 0.994483
    73   0       2397       2866  6.000   6.000  26.5 90.000     2395     2864     2402     2871      7      7      2395      2864      2401      2864      2401      2870      2395      2870      2370      2839      2427      2896 PARcau 3.461362e-01 5.384834e-01 0.115380
    74   1        490       2760  7.810  15.000  77.0 36.870      485     2755      498     2766     13     11       487      2752       499      2761       494      2767       482      2758       460      2730       523      2791 PARcau 9.313024e-03 1.419362e-04 0.990545
    74   0       2400       2869  6.042   7.382  32.5 63.435     2397     2866     2405     2874      8      8      2396      2867      2401      2864      2405      2871      2399      2873      2372      2841      2430      2899 PARcau 2.233400e-01 3.951072e-01 0.381553
    75   1        490       2760  7.810  15.620  75.0 38.660      485     2755      498     2766     13     11       487      2752       499      2762       494      2768       482      2758       460      2730       523      2791 PARcau 9.749267e-03 1.259013e-06 0.990249
    75   0       2403       2872  5.657   5.657  29.5 45.000     2400     2869     2407     2876      7      7      2403      2868      2407      2872      2403      2876      2399      2872      2375      2844      2432      2901 PARcau 3.577588e-01 3.920362e-01 0.250205
    76   1        490       2759  7.616  13.416  64.0 26.565      485     2754      497     2766     12     12       486      2753       498      2759       495      2766       483      2760       460      2729       522      2791 PARcau 2.371577e-02 1.202620e-05 0.976272
    76   0       2405       2873  6.000   7.000  33.5 90.000     2402     2871     2410     2878      8      7      2402      2871      2409      2871      2409      2877      2402      2877      2377      2846      2435      2903 PARcau 5.185631e-01 2.147064e-01 0.266731
    77   1        489       2759  6.708  12.530  50.5 26.565      485     2754      496     2766     11     12       486      2753       497      2759       494      2765       483      2759       460      2729       521      2791 PARcau 1.254948e-01 6.767202e-05 0.874438
    77   0       2407       2873  6.000   6.000  29.0  0.000     2404     2870     2411     2877      7      7      2404      2870      2410      2870      2410      2876      2404      2876      2379      2845      2436      2902 PARcau 3.973543e-01 1.581457e-02 0.586831
    81   0       2417       2864  6.000   6.000  28.0 90.000     2415     2862     2422     2869      7      7      2415      2862      2421      2862      2421      2868      2415      2868      2390      2837      2447      2894 PARcau 4.062546e-01 1.912051e-01 0.402540
    82   0       2419       2867  6.000   6.000  28.0 90.000     2417     2864     2424     2871      7      7      2417      2864      2423      2864      2423      2870      2417      2870      2392      2839      2449      2896 PARcau 1.666365e-01 4.044316e-01 0.428932
    83   0       2421       2870  6.364   6.364  33.0 45.000     2418     2868     2426     2875      8      7      2421      2866      2426      2871      2421      2875      2417      2871      2393      2843      2451      2900 PARcau 1.092053e-01 7.991239e-03 0.882803
    84   0       2422       2873  5.657   7.071  27.5 45.000     2420     2871     2427     2878      7      7      2422      2869      2427      2874      2423      2878      2418      2873      2395      2846      2452      2903 PARcau 5.266873e-01 6.465076e-02 0.408662
    85   0       2424       2875  6.364   6.364  30.0 45.000     2421     2872     2428     2880      7      8      2424      2871      2428      2875      2424      2880      2419      2875      2396      2847      2453      2905 PARcau 5.481620e-01 1.070529e-02 0.441133
    86   0       2425       2874  6.364   6.364  31.0 45.000     2423     2871     2430     2879      7      8      2426      2870      2430      2874      2426      2879      2421      2874      2398      2846      2455      2904 PARcau 5.762407e-01 4.027434e-02 0.383485
    87   0       2428       2872  4.243   7.071  27.5 45.000     2425     2869     2432     2876      7      7      2424      2873      2429      2868      2432      2871      2427      2876      2400      2844      2457      2901 PARcau 2.582788e-01 1.782235e-01 0.563498
    88   0       2431       2868  6.364   6.364  29.0 45.000     2428     2866     2436     2873      8      7      2431      2864      2436      2869      2431      2873      2427      2869      2403      2841      2461      2898 PARcau 7.012913e-02 3.374175e-01 0.592453
    89   0       2434       2867  5.000   6.000  26.0 90.000     2432     2864     2438     2871      6      7      2432      2864      2437      2864      2437      2870      2432      2870      2407      2839      2463      2896 PARcau 6.649007e-01 1.778544e-01 0.157245
    92   0       2438       2873  6.000   7.000  31.5 90.000     2435     2870     2442     2878      7      8      2435      2870      2441      2870      2441      2877      2435      2877      2410      2845      2467      2903 PARcau 8.891416e-01 2.312686e-02 0.087732
    93   0       2435       2876  6.000   7.000  32.5  0.000     2433     2873     2440     2881      7      8      2433      2873      2439      2873      2439      2880      2433      2880      2408      2848      2465      2906 PARcau 2.044903e-01 3.474514e-02 0.760765
    94   0       2432       2878  6.708   7.616  34.5 63.435     2429     2875     2437     2883      8      8      2427      2877      2434      2874      2437      2880      2430      2883      2404      2850      2462      2908 PARcau 7.251262e-02 2.737414e-02 0.900113
    95   0       2429       2877  5.657   5.657  27.5 45.000     2426     2874     2433     2882      7      8      2429      2873      2433      2877      2429      2881      2425      2877      2401      2849      2458      2907 PARcau 4.648156e-01 5.932197e-02 0.475862
   102   0       2441       2878  6.325   6.708  27.5 63.435     2438     2875     2446     2883      8      8      2437      2876      2443      2874      2446      2880      2440      2882      2413      2850      2471      2908 PARcau 6.624961e-01 7.898217e-03 0.329606
   107   1        482       2748  5.000  18.000  50.5 90.000      480     2741      486     2760      6     19       480      2741       485      2741       485      2759       480      2759       455      2716       511      2785 PARcau 5.818468e-03 3.256795e-06 0.994178
   108   1        482       2743  6.000   9.000  34.0 90.000      480     2740      487     2750      7     10       480      2740       486      2740       486      2749       480      2749       455      2715       512      2775 PARcau 7.507146e-02 1.561358e-04 0.924772
   112   1        483       2741  6.000  11.000  30.0 90.000      480     2737      487     2749      7     12       480      2737       486      2737       486      2748       480      2748       455      2712       512      2774 PARcau 1.161068e-01 4.029655e-05 0.883853
   117   1        485       2732  5.657  10.630  35.5 45.000      482     2729      490     2739      8     10       479      2735       487      2728       491      2732       483      2739       457      2704       515      2764 PARcau 6.787533e-01 1.727695e-03 0.319519
   118   1        486       2732  6.964   9.192  42.5 68.199      483     2728      492     2738      9     10       480      2730       489      2727       491      2733       483      2737       458      2703       517      2763 PARcau 1.106522e-01 5.781696e-04 0.888770
   119   1        487       2731  6.708   8.944  45.0 26.565      483     2727      492     2736      9      9       486      2725       492      2728       488      2736       482      2733       458      2702       517      2761 PARcau 1.844607e-01 8.381139e-04 0.814701
   120   1        488       2730  7.071  11.314  49.5 45.000      483     2725      494     2737     11     12       481      2732       489      2724       494      2729       486      2737       458      2700       519      2762 PARcau 4.791917e-02 8.024214e-04 0.951278
   121   1        489       2728  6.801  13.314  62.5 33.690      483     2723      495     2735     12     12       482      2732       490      2721       495      2725       488      2736       458      2698       520      2760 PARcau 6.750466e-02 3.859786e-04 0.932109
   121   0       2450       2880  6.000   6.000  32.0 90.000     2447     2877     2454     2884      7      7      2447      2877      2453      2877      2453      2883      2447      2883      2422      2852      2479      2909 PARcau 4.517618e-01 9.487863e-03 0.538750
   122   1        490       2727  6.801  16.101  61.5 36.870      483     2722      497     2734     14     12       482      2732       491      2719       497      2723       487      2736       458      2697       522      2759 PARcau 2.283362e-02 3.157881e-03 0.974008
   123   1        491       2726  6.403  15.620  64.0 38.660      485     2721      498     2734     13     13       483      2730       493      2718       498      2722       488      2734       460      2696       523      2759 PARcau 4.295461e-03 1.113351e-03 0.994591
   124   1        492       2725  6.364  13.435  50.0 45.000      487     2721      499     2732     12     11       485      2728       494      2718       499      2723       489      2732       462      2696       524      2757 PARcau 2.784108e-03 5.595544e-05 0.997160
   125   1        493       2724  6.403  11.402  37.0 51.340      490     2720      499     2731      9     11       486      2725       495      2718       499      2723       490      2730       465      2695       524      2756 PARcau 4.243522e-02 3.117049e-05 0.957534
   127   1        517       2780  8.000  11.000  44.0 90.000      511     2776      523     2785     12      9       511      2776       522      2776       522      2784       511      2784       486      2751       548      2810 PARcau 1.390232e-03 4.010647e-09 0.998610
   128   1        518       2781  6.708   9.849  47.0 26.565      513     2777      524     2786     11      9       515      2776       524      2780       521      2786       512      2782       488      2752       549      2811 PARcau 1.008317e-03 3.196583e-08 0.998992
   129   1        518       2781  7.211  10.817  49.5 33.690      513     2777      524     2787     11     10       515      2775       524      2781       520      2787       511      2781       488      2752       549      2812 PARcau 9.694503e-04 6.571427e-08 0.999030
   130   1        518       2780  6.185   9.962  36.5 14.036      513     2777      523     2785     10      8       513      2776       523      2779       521      2785       512      2782       488      2752       548      2810 PARcau 1.261830e-02 2.612122e-06 0.987379
   132   1        518       2775  7.000  10.000  40.5 90.000      514     2773      525     2781     11      8       514      2773       524      2773       524      2780       514      2780       489      2748       550      2806 PARcau 2.281262e-04 2.709368e-09 0.999772
   132   2        501       2715  7.000   8.000  36.0 90.000      497     2712      506     2720      9      8       497      2712       505      2712       505      2719       497      2719       472      2687       531      2745 PARcau 1.413072e-03 8.090405e-06 0.998579
   133   2        502       2714  7.071  11.314  54.0 45.000      496     2710      508     2719     12      9       496      2716       504      2708       509      2713       501      2721       471      2685       533      2744 PARcau 3.299464e-04 3.216033e-05 0.999638
   133   1        519       2773  6.576  12.258  56.5 78.690      513     2770      526     2778     13      8       512      2771       524      2768       525      2775       513      2777       488      2745       551      2803 PARcau 9.748107e-07 2.984764e-10 0.999999
   141   2        506       2703  6.000   9.000  37.5 90.000      502     2700      512     2707     10      7       502      2700       511      2700       511      2706       502      2706       477      2675       537      2732 PARcau 3.282360e-03 6.584494e-05 0.996652
   141   1        525       2764  7.211  13.601  65.5 36.870      519     2760      532     2771     13     11       518      2768       526      2757       532      2761       524      2772       494      2735       557      2796 PARcau 1.962474e-01 6.705726e-05 0.803685
   143   2        506       2703  6.000   8.000  25.5 90.000      502     2700      511     2707      9      7       502      2700       510      2700       510      2706       502      2706       477      2675       536      2732 PARcau 2.761854e-03 3.216812e-04 0.996916
   145   2        508       2714  6.000   8.000  32.5 90.000      506     2710      513     2719      7      9       506      2710       512      2710       512      2718       506      2718       481      2685       538      2744 PARcau 3.759449e-02 1.782280e-03 0.960623
   146   2        511       2713  6.364   9.192  37.5 45.000      507     2710      516     2719      9      9       509      2708       516      2714       511      2719       505      2712       482      2685       541      2744 PARcau 1.587281e-02 1.117361e-03 0.983010
   147   2        511       2712  5.657   7.071  30.5 45.000      508     2709      516     2717      8      8       511      2707       516      2712       512      2716       507      2711       483      2684       541      2742 PARcau 6.161380e-03 9.214146e-04 0.992917