 Frame  ID  CentroidX  CentroidY  Width  Length  Area  Angle  Box_TLX  Box_TLY  Box_BRX  Box_BRY  Box_W  Box_H  rBox_TLX  rBox_TLY  rBox_TRX  rBox_TRY  rBox_BRX  rBox_BRY  rBox_BLX  rBox_BLY  lBox_TLX  lBox_TLY  lBox_BRX  lBox_BRY  Label   DIDnas       NONpro   PARcau
    21   0       3410       2798  7.000   8.000  45.0 90.000     3407     2794     3415     2803      8      9      3407      2794      3414      2794      3414      2802      3407      2802      3382      2769      3440      2828 PARcau 0.214176 1.045844e-02 0.775365
    21   1       2110       2423  6.403   7.071  36.5 45.000     2107     2420     2115     2428      8      8      2110      2419      2115      2424      2110      2428      2105      2423      2082      2395      2140      2453 PARcau 0.168304 8.004820e-01 0.031214
    21   2       3234        301  6.000   7.000  34.5 90.000     3231      298     3238      306      7      8      3231       298      3237       298      3237       305      3231       305      3206       273      3263       331 PARcau 0.635724 2.458628e-01 0.118413
    22   1       2111       2425  6.000   7.000  35.5 90.000     2108     2422     2115     2430      7      8      2108      2422      2114      2422      2114      2429      2108      2429      2083      2397      2140      2455 PARcau 0.384787 5.349731e-01 0.080240
    22   2       3231        298  6.364   6.364  33.0 45.000     3229      295     3236      303      7      8      3232       293      3236       298      3232       302      3227       298      3204       270      3261       328 PARcau 0.720315 1.436820e-01 0.136003
    22   0       3406       2796  7.000  10.000  56.5 90.000     3401     2793     3412     2801     11      8      3401      2793      3411      2793      3411      2800      3401      2800      3376      2768      3437      2826 PARcau 0.020614 2.676343e-04 0.979118
    23   1       2108       2424  6.000   6.000  31.5 90.000     2106     2421     2113     2428      7      7      2106      2421      2112      2421      2112      2427      2106      2427      2081      2396      2138      2453 PARcau 0.346812 6.095826e-01 0.043606
    23   2       3231        293  7.000   7.000  37.0 90.000     3228      290     3236      298      8      8      3228       290      3235       290      3235       297      3228       297      3203       265      3261       323 PARcau 0.878296 4.629727e-02 0.075407
    23   0       3396       2796  7.000  11.000  58.5 90.000     3391     2793     3403     2801     12      8      3391      2793      3402      2793      3402      2800      3391      2800      3366      2768      3428      2826 PARcau 0.075251 8.560743e-04 0.923893
    24   2       3230        289  6.000   7.000  32.5 90.000     3228      286     3235      294      7      8      3228       286      3234       286      3234       293      3228       293      3203       261      3260       319 PARcau 0.859655 7.032017e-02 0.070025
    24   1       2102       2422  7.071   8.485  43.5 45.000     2099     2419     2108     2427      9      8      2102      2417      2108      2423      2103      2428      2097      2422      2074      2394      2133      2452 PARcau 0.740409 1.945927e-01 0.064999
    24   0       3387       2796  8.485   9.899  59.5 45.000     3383     2792     3394     2801     11      9      3387      2789      3394      2796      3388      2802      3381      2795      3358      2767      3419      2826 PARcau 0.035992 6.694460e-04 0.963339
    25   2       3230        286  7.071   7.071  35.5 45.000     3227      283     3235      291      8      8      3230       281      3235       286      3230       291      3225       286      3202       258      3260       316 PARcau 0.422582 4.585186e-01 0.118900
    25   1       2096       2423  6.000   7.000  33.5 90.000     2093     2421     2101     2428      8      7      2093      2421      2100      2421      2100      2427      2093      2427      2068      2396      2126      2453 PARcau 0.619719 2.106707e-01 0.169610
    25   0       3383       2791  8.000  10.000  64.5 90.000     3380     2786     3389     2797      9     11      3380      2786      3388      2786      3388      2796      3380      2796      3355      2761      3414      2822 PARcau 0.115959 3.550334e-04 0.883686
    26   2       3226        285  5.657   7.071  33.5 45.000     3223      282     3231      290      8      8      3222       286      3227       281      3231       285      3226       290      3198       257      3256       315 PARcau 0.659337 1.908948e-01 0.149768
    26   1       2092       2428  6.000   8.000  39.0 90.000     2090     2425     2097     2434      7      9      2090      2425      2096      2425      2096      2433      2090      2433      2065      2400      2122      2459 PARcau 0.897381 2.238443e-02 0.080235
    26   0       3380       2783  7.810   9.899  60.5 45.000     3376     2779     3386     2789     10     10      3380      2777      3387      2784      3381      2789      3374      2782      3351      2754      3411      2814 PARcau 0.423628 1.449451e-03 0.574922
    27   2       3221        285  6.000   7.000  34.0 90.000     3218      283     3226      290      8      7      3218       283      3225       283      3225       289      3218       289      3193       258      3251       315 PARcau 0.820199 8.453409e-02 0.095267
    27   1       2094       2436  6.000   8.000  43.0 90.000     2091     2432     2098     2441      7      9      2091      2432      2097      2432      2097      2440      2091      2440      2066      2407      2123      2466 PARcau 0.972000 1.160687e-02 0.016393
    27   0       3372       2779  7.000  10.000  56.5 90.000     3368     2776     3379     2784     11      8      3368      2776      3378      2776      3378      2783      3368      2783      3343      2751      3404      2809 PARcau 0.032275 1.233259e-04 0.967601
    28   2       3216        285  6.000   6.000  31.0 90.000     3213      282     3220      289      7      7      3213       282      3219       282      3219       288      3213       288      3188       257      3245       314 PARcau 0.531750 4.240029e-01 0.044247
    28   1       2096       2440  6.000   7.000  37.5 90.000     2094     2437     2101     2445      7      8      2094      2437      2100      2437      2100      2444      2094      2444      2069      2412      2126      2470 PARcau 0.739963 2.482047e-01 0.011832
    28   0       3364       2780  8.485   9.220  59.5 45.000     3359     2777     3370     2786     11      9      3364      2774      3370      2780      3364      2787      3358      2781      3334      2752      3395      2811 PARcau 0.012741 4.011415e-04 0.986858
    29   1       2097       2441  7.000   7.000  38.5 90.000     2094     2438     2102     2446      8      8      2094      2438      2101      2438      2101      2445      2094      2445      2069      2413      2127      2471 PARcau 0.671989 3.066522e-01 0.021359
    29   2       3214        282  6.364   6.364  32.0 45.000     3211      279     3218      287      7      8      3214       278      3218       282      3214       287      3209       282      3186       254      3243       312 PARcau 0.651889 2.125397e-01 0.135571
    29   0       3360       2779  8.000   8.000  55.0 90.000     3357     2776     3366     2785      9      9      3357      2776      3365      2776      3365      2784      3357      2784      3332      2751      3391      2810 PARcau 0.043265 7.108572e-04 0.956024
    30   1       2093       2438  7.000   7.000  37.5 90.000     2090     2435     2098     2443      8      8      2090      2435      2097      2435      2097      2442      2090      2442      2065      2410      2123      2468 PARcau 0.995684 8.356493e-04 0.003480
    30   2       3213        278  6.000   7.000  33.0 90.000     3211      275     3218      283      7      8      3211       275      3217       275      3217       282      3211       282      3186       250      3243       308 PARcau 0.639883 2.863209e-01 0.073797
    30   0       3364       2774  9.000   9.000  62.5 90.000     3360     2770     3370     2780     10     10      3360      2770      3369      2770      3369      2779      3360      2779      3335      2745      3395      2805 PARcau 0.411469 1.630769e-04 0.588368
    30   3       1720       1361  6.364   6.364  31.0 45.000     1717     1358     1724     1366      7      8      1720      1357      1724      1361      1720      1366      1715      1361      1692      1333      1749      1391 PARcau 0.554548 3.492397e-01 0.096212
    31   2       3215        274  6.000   7.000  35.0 90.000     3213      271     3220      279      7      8      3213       271      3219       271      3219       278      3213       278      3188       246      3245       304 PARcau 0.592573 7.395647e-02 0.333471
    31   1       2086       2437  6.265   7.826  36.0 26.565     2082     2434     2091     2441      9      7      2084      2432      2091      2436      2088      2441      2081      2438      2057      2409      2116      2466 PARcau 0.273839 2.198647e-01 0.506297
    31   0       3372       2768  7.071   9.899  57.0 45.000     3368     2764     3378     2774     10     10      3366      2769      3373      2762      3378      2767      3371      2774      3343      2739      3403      2799 PARcau 0.027386 6.715136e-05 0.972547
    32   2       3216        269  6.000   7.000  34.5 90.000     3213      266     3220      274      7      8      3213       266      3219       266      3219       273      3213       273      3188       241      3245       299 PARcau 0.522102 2.097795e-01 0.268118
    32   1       2080       2439  7.000   7.000  44.0 90.000     2077     2436     2085     2444      8      8      2077      2436      2084      2436      2084      2443      2077      2443      2052      2411      2110      2469 PARcau 0.772657 6.499733e-02 0.162346
    32   0       3376       2765  8.000   8.000  50.5 90.000     3372     2761     3381     2770      9      9      3372      2761      3380      2761      3380      2769      3372      2769      3347      2736      3406      2795 PARcau 0.787394 7.019418e-02 0.142412
    33   0       3372       2763  7.000   9.000  52.5 90.000     3368     2760     3378     2768     10      8      3368      2760      3377      2760      3377      2767      3368      2767      3343      2735      3403      2793 PARcau 0.683772 2.307336e-02 0.293155
    33   2       3214        266  7.000   7.000  38.5 90.000     3211      263     3219      271      8      8      3211       263      3218       263      3218       270      3211       270      3186       238      3244       296 PARcau 0.504244 9.627740e-02 0.399479
    33   1       2078       2445  7.000   8.000  42.0 90.000     2075     2442     2083     2451      8      9      2075      2442      2082      2442      2082      2450      2075      2450      2050      2417      2108      2476 PARcau 0.783137 1.284164e-01 0.088446
    33   3       1711       1353  6.000   6.000  25.5 90.000     1709     1351     1716     1358      7      7      1709      1351      1715      1351      1715      1357      1709      1357      1684      1326      1741      1383 PARcau 0.720633 1.542412e-01 0.125125
    34   2       3209        265  6.000   7.000  30.5 90.000     3206      263     3214      270      8      7      3206       263      3213       263      3213       269      3206       269      3181       238      3239       295 PARcau 0.407059 3.209390e-02 0.560847
    34   1       2079       2451  7.071   8.485  43.5 45.000     2076     2448     2084     2457      8      9      2079      2446      2085      2452      2080      2457      2074      2451      2051      2423      2109      2482 PARcau 0.356455 6.074568e-01 0.036088
    34   0       3363       2760  8.000   9.000  53.5 90.000     3359     2757     3369     2766     10      9      3359      2757      3368      2757      3368      2765      3359      2765      3334      2732      3394      2791 PARcau 0.629414 1.922622e-03 0.368663
    35   1       2081       2453  6.000   7.000  37.0 90.000     2078     2450     2085     2458      7      8      2078      2450      2084      2450      2084      2457      2078      2457      2053      2425      2110      2483 PARcau 0.051391 9.266273e-01 0.021981
    35   0       3356       2756  7.810   8.485  53.5 45.000     3352     2752     3361     2762      9     10      3356      2751      3362      2757      3356      2762      3350      2756      3327      2727      3386      2787 PARcau 0.801608 1.599946e-01 0.038398
    36   1       2079       2450  6.000   7.000  31.5  0.000     2076     2447     2083     2455      7      8      2076      2447      2082      2447      2082      2454      2076      2454      2051      2422      2108      2480 PARcau 0.169964 7.223917e-01 0.107644
    36   0       3356       2751  8.000   8.000  54.0 90.000     3353     2748     3362     2757      9      9      3353      2748      3361      2748      3361      2756      3353      2756      3328      2723      3387      2782 PARcau 0.988544 1.002329e-03 0.010453
    36   2       3203        274  6.000   7.000  36.0 90.000     3200      271     3207      279      7      8      3200       271      3206       271      3206       278      3200       278      3175       246      3232       304 PARcau 0.825953 1.502131e-02 0.159026
    37   1       2073       2447  6.000   8.000  35.0 90.000     2069     2445     2078     2452      9      7      2069      2445      2077      2445      2077      2451      2069      2451      2044      2420      2103      2477 PARcau 0.798115 1.040970e-01 0.097788
    37   0       3366       2749  7.000  10.000  50.5 90.000     3361     2746     3372     2754     11      8      3361      2746      3371      2746      3371      2753      3361      2753      3336      2721      3397      2779 PARcau 0.916616 3.772502e-04 0.083007
    38   1       2065       2448  7.000   8.000  43.0 90.000     2062     2445     2071     2453      9      8      2062      2445      2070      2445      2070      2452      2062      2452      2037      2420      2096      2478 PARcau 0.712260 5.767681e-02 0.230063
    38   0       3376       2746  7.000  10.000  57.5 90.000     3371     2743     3382     2751     11      8      3371      2743      3381      2743      3381      2750      3371      2750      3346      2718      3407      2776 PARcau 0.358340 1.121869e-01 0.529473
    39   1       2061       2454  7.000   8.000  46.0 90.000     2058     2450     2066     2459      8      9      2058      2450      2065      2450      2065      2458      2058      2458      2033      2425      2091      2484 PARcau 0.725645 2.002176e-02 0.254333
    39   2       3215        272  5.831   8.062  26.5 56.310     3213      270     3220      278      7      8      3210       272      3217       268      3220       273      3213       277      3188       245      3245       303 PARcau 0.491834 1.662000e-01 0.341966
    39   0       3382       2740  7.000   8.000  43.0 90.000     3379     2737     3387     2746      8      9      3379      2737      3386      2737      3386      2745      3379      2745      3354      2712      3412      2771 PARcau 0.983052 3.802999e-03 0.013145
    40   1       2061       2461  6.000   8.000  40.5 90.000     2058     2457     2065     2466      7      9      2058      2457      2064      2457      2064      2465      2058      2465      2033      2432      2090      2491 PARcau 0.992856 3.291870e-03 0.003852
    40   0       3381       2731  7.000  10.000  52.5 90.000     3378     2727     3386     2738      8     11      3378      2727      3385      2727      3385      2737      3378      2737      3353      2702      3411      2763 PARcau 0.702774 1.134953e-02 0.285876
    41   1       2063       2466  7.000   8.000  45.0 90.000     2060     2463     2069     2471      9      8      2060      2463      2068      2463      2068      2470      2060      2470      2035      2438      2094      2496 PARcau 0.982034 1.227426e-02 0.005691
    41   0       3378       2722  7.000   9.000  48.5 90.000     3375     2718     3383     2728      8     10      3375      2718      3382      2718      3382      2727      3375      2727      3350      2693      3408      2753 PARcau 0.990173 1.774026e-03 0.008053
    42   1       2065       2467  6.000   7.000  33.5 90.000     2062     2464     2069     2472      7      8      2062      2464      2068      2464      2068      2471      2062      2471      2037      2439      2094      2497 PARcau 0.505513 4.148433e-01 0.079644
    42   0       3383       2717  7.000  10.000  54.0 90.000     3378     2714     3389     2722     11      8      3378      2714      3388      2714      3388      2721      3378      2721      3353      2689      3414      2747 PARcau 0.868304 3.112769e-02 0.100569
    43   1       2062       2466  6.000   8.000  35.0 90.000     2058     2463     2067     2470      9      7      2058      2463      2066      2463      2066      2469      2058      2469      2033      2438      2092      2495 PARcau 0.958941 1.028512e-02 0.030774
    43   0       3393       2718  6.000  10.000  53.0 90.000     3388     2715     3399     2722     11      7      3388      2715      3398      2715      3398      2721      3388      2721      3363      2690      3424      2747 PARcau 0.960429 9.492673e-04 0.038622
    43   2       3199        270  6.000   6.000  25.5 90.000     3197      267     3204      274      7      7      3197       267      3203       267      3203       273      3197       273      3172       242      3229       299 PARcau 0.240228 3.946591e-01 0.365113
    44   1       2054       2466  7.000   7.000  38.0 90.000     2051     2463     2059     2471      8      8      2051      2463      2058      2463      2058      2470      2051      2470      2026      2438      2084      2496 PARcau 0.813738 8.829861e-02 0.097964
    44   0       3402       2718  7.000   9.000  47.5 90.000     3398     2715     3408     2723     10      8      3398      2715      3407      2715      3407      2722      3398      2722      3373      2690      3433      2748 PARcau 0.986285 1.545633e-03 0.012169
    45   2       3197        274  6.708   6.708  30.0 26.565     3194      272     3202      279      8      7      3195       270      3201       273      3198       279      3192       276      3169       247      3227       304 PARcau 0.032653 9.549715e-01 0.012375
    45   1       2049       2469  7.000   8.000  39.0 90.000     2046     2466     2054     2475      8      9      2046      2466      2053      2466      2053      2474      2046      2474      2021      2441      2079      2500 PARcau 0.889565 4.442612e-02 0.066009
    45   0       3408       2713  7.000  10.000  52.0  0.000     3405     2708     3413     2719      8     11      3405      2708      3412      2708      3412      2718      3405      2718      3380      2683      3438      2744 PARcau 0.904106 2.290800e-03 0.093603
    46   2       3194        273  5.657   6.403  25.5 45.000     3192      271     3199      278      7      7      3190       273      3195       269      3199       273      3194       277      3167       246      3224       303 PARcau 0.193288 6.815490e-01 0.125163
    46   1       2047       2477  6.000   8.000  41.0 90.000     2044     2473     2051     2482      7      9      2044      2473      2050      2473      2050      2481      2044      2481      2019      2448      2076      2507 PARcau 0.990365 5.450325e-03 0.004184
    46   0       3409       2704  6.000  10.000  52.0 90.000     3406     2699     3413     2710      7     11      3406      2699      3412      2699      3412      2709      3406      2709      3381      2674      3438      2735 PARcau 0.935966 2.326133e-04 0.063802
    47   2       3190        271  6.403   7.071  31.5 45.000     3187      268     3195      276      8      8      3190       267      3195       272      3190       276      3185       271      3162       243      3220       301 PARcau 0.384094 3.710128e-01 0.244893
    47   1       2049       2483  7.000   7.000  41.5 90.000     2046     2480     2054     2488      8      8      2046      2480      2053      2480      2053      2487      2046      2487      2021      2455      2079      2513 PARcau 0.992593 3.849393e-03 0.003558
    47   0       3408       2697  7.000   9.000  47.5 90.000     3405     2693     3413     2703      8     10      3405      2693      3412      2693      3412      2702      3405      2702      3380      2668      3438      2728 PARcau 0.579604 3.974794e-01 0.022916
    47   4        378       2682  5.000   7.000  28.5 90.000      376     2679      382     2687      6      8       376      2679       381      2679       381      2686       376      2686       351      2654       407      2712 PARcau 0.013646 2.572972e-06 0.986352
    48   4        378       2682  6.000   8.000  34.5 90.000      375     2679      382     2688      7      9       375      2679       381      2679       381      2687       375      2687       350      2654       407      2713 PARcau 0.027109 1.714691e-05 0.972874
    48   0       3411       2698  8.000   8.000  50.0 90.000     3407     2695     3416     2704      9      9      3407      2695      3415      2695      3415      2703      3407      2703      3382      2670      3441      2729 PARcau 0.953087 1.005590e-02 0.036857
    48   2       3184        271  6.000   7.000  36.0 90.000     3181      268     3189      275      8      7      3181       268      3188       268      3188       274      3181       274      3156       243      3214       300 PARcau 0.112066 7.032624e-01 0.184671
    48   1       2052       2486  7.071   7.810  41.5 45.000     2049     2483     2057     2492      8      9      2052      2481      2057      2486      2052      2492      2047      2487      2024      2458      2082      2517 PARcau 0.894475 2.151655e-02 0.084008
    49   4        378       2682  7.071   8.485  38.5 45.000      375     2678      383     2688      8     10       378      2676       384      2682       379      2687       373      2681       350      2653       408      2713 PARcau 0.010199 3.930088e-07 0.989800
    49   1       2051       2486  6.000   7.000  36.0 90.000     2048     2484     2056     2491      8      7      2048      2484      2055      2484      2055      2490      2048      2490      2023      2459      2081      2516 PARcau 0.774316 1.812035e-01 0.044481
    49   2       3180        272  5.657   5.657  29.5 45.000     3177      270     3184      277      7      7      3180       268      3184       272      3180       276      3176       272      3152       245      3209       302 PARcau 0.031376 9.457976e-01 0.022827
    49   0       3419       2704  7.000  10.000  52.5 90.000     3414     2701     3425     2709     11      8      3414      2701      3424      2701      3424      2708      3414      2708      3389      2676      3450      2734 PARcau 0.798073 1.541366e-03 0.200386
    50   4        378       2681  7.000   9.000  40.5 90.000      375     2678      383     2688      8     10       375      2678       382      2678       382      2687       375      2687       350      2653       408      2713 PARcau 0.019667 8.789178e-06 0.980325
    50   1       2046       2487  6.000   7.000  35.5 90.000     2043     2485     2051     2492      8      7      2043      2485      2050      2485      2050      2491      2043      2491      2018      2460      2076      2517 PARcau 0.981669 1.011528e-02 0.008216
    50   2       3178        277  6.000   7.000  36.0 90.000     3176      274     3183      282      7      8      3176       274      3182       274      3182       281      3176       281      3151       249      3208       307 PARcau 0.598518 4.154038e-02 0.359942
    50   0       3428       2705  8.000  10.000  61.5 90.000     3424     2701     3435     2710     11      9      3424      2701      3434      2701      3434      2709      3424      2709      3399      2676      3460      2735 PARcau 0.967806 1.434678e-03 0.030759
    51   4        378       2681  7.159  10.689  46.5 11.310      375     2676      383     2688      8     12       375      2675       382      2676       380      2687       373      2685       350      2651       408      2713 PARcau 0.102107 4.328885e-07 0.897893
    51   2       3181        282  5.000   6.000  26.5 90.000     3179      279     3185      286      6      7      3179       279      3184       279      3184       285      3179       285      3154       254      3210       311 PARcau 0.376045 4.347481e-01 0.189207
    51   1       2040       2491  7.000   7.000  39.0 90.000     2037     2488     2045     2496      8      8      2037      2488      2044      2488      2044      2495      2037      2495      2012      2463      2070      2521 PARcau 0.177233 7.934969e-01 0.029270
    51   0       3436       2698  7.826  10.735  60.0 26.565     3432     2693     3441     2704      9     11      3435      2691      3442      2695      3437      2704      3430      2701      3407      2668      3466      2729 PARcau 0.988269 4.932361e-04 0.011237
    52   4        379       2680  7.000  12.000  51.5 90.000      375     2675      383     2688      8     13       375      2675       382      2675       382      2687       375      2687       350      2650       408      2713 PARcau 0.001995 4.333852e-07 0.998004
    52   2       3185        284  6.000   7.000  33.5 90.000     3182      281     3190      288      8      7      3182       281      3189       281      3189       287      3182       287      3157       256      3215       313 PARcau 0.677008 1.041005e-01 0.218891
    52   1       2038       2497  6.000   8.000  41.0  0.000     2035     2493     2042     2502      7      9      2035      2493      2041      2493      2041      2501      2035      2501      2010      2468      2067      2527 PARcau 0.505787 4.349782e-01 0.059235
    52   0       3438       2690  8.485   8.485  53.0 45.000     3435     2686     3444     2696      9     10      3438      2684      3444      2690      3438      2696      3432      2690      3410      2661      3469      2721 PARcau 0.981331 9.240655e-03 0.009428
    52   5        278       2061  6.000   7.000  33.5 90.000      275     2059      283     2066      8      7       275      2059       282      2059       282      2065       275      2065       250      2034       308      2091 PARcau 0.008909 1.481646e-06 0.991089
    53   4        379       2678  6.671  10.794  30.0 11.310      375     2675      383     2687      8     12       376      2674       383      2675       380      2686       374      2684       350      2650       408      2712 PARcau 0.001651 9.349546e-06 0.998339
    53   5        279       2061  8.000  10.000  62.0 90.000      274     2058      285     2067     11      9       274      2058       284      2058       284      2066       274      2066       249      2033       310      2092 PARcau 0.000150 6.037897e-06 0.999844
    53   2       3187        282  5.657   6.403  27.5 45.000     3185      278     3192      286      7      8      3183       282      3188       278      3192       282      3187       286      3160       253      3217       311 PARcau 0.903426 2.225311e-02 0.074321
    53   0       3439       2689  8.000   8.000  49.0 90.000     3436     2686     3445     2695      9      9      3436      2686      3444      2686      3444      2694      3436      2694      3411      2661      3470      2720 PARcau 0.838793 1.438755e-01 0.017331
    53   1       2039       2503  7.071   8.485  41.5 45.000     2036     2500     2044     2509      8      9      2039      2498      2045      2504      2040      2509      2034      2503      2011      2475      2069      2534 PARcau 0.833641 9.546956e-02 0.070889
    54   5        279       2062  7.000   9.000  54.0 90.000      275     2059      285     2067     10      8       275      2059       284      2059       284      2066       275      2066       250      2034       310      2092 PARcau 0.016378 7.360862e-06 0.983615
    54   0       3444       2693  7.071   9.899  52.5 45.000     3440     2690     3450     2699     10      9      3443      2688      3450      2695      3445      2700      3438      2693      3415      2665      3475      2724 PARcau 0.988374 1.226340e-03 0.010399
    54   1       2042       2508  7.000   7.000  39.0 90.000     2039     2505     2047     2513      8      8      2039      2505      2046      2505      2046      2512      2039      2512      2014      2480      2072      2538 PARcau 0.449999 4.679810e-01 0.082020
    55   1       2042       2511  7.071   7.071  40.0 45.000     2038     2508     2047     2516      9      8      2042      2506      2047      2511      2042      2516      2037      2511      2013      2483      2072      2541 PARcau 0.280461 6.918139e-01 0.027725
    55   0       3453       2699  7.000  10.000  55.0 90.000     3448     2696     3459     2704     11      8      3448      2696      3458      2696      3458      2703      3448      2703      3423      2671      3484      2729 PARcau 0.416133 8.335262e-03 0.575532
    56   1       2038       2513  6.000   7.000  34.0 90.000     2035     2510     2043     2517      8      7      2035      2510      2042      2510      2042      2516      2035      2516      2010      2485      2068      2542 PARcau 0.065424 7.701051e-01 0.164471
    56   0       3462       2698  8.485   9.899  60.5 45.000     3458     2695     3469     2704     11      9      3456      2699      3463      2692      3469      2698      3462      2705      3433      2670      3494      2729 PARcau 0.918467 4.759389e-03 0.076774
    57   1       2032       2516  5.657   7.071  30.0 45.000     2030     2513     2037     2521      7      8      2028      2517      2033      2512      2037      2516      2032      2521      2005      2488      2062      2546 PARcau 0.047081 7.372717e-01 0.215648
    57   2       3174        281  5.000   7.000  27.0 90.000     3172      278     3178      286      6      8      3172       278      3177       278      3177       285      3172       285      3147       253      3203       311 PARcau 0.783697 1.818843e-01 0.034419
    57   0       3469       2691  7.000  10.000  54.0 90.000     3466     2687     3474     2698      8     11      3466      2687      3473      2687      3473      2697      3466      2697      3441      2662      3499      2723 PARcau 0.867552 9.793797e-03 0.122654
    58   2       3176        286  6.364   6.364  33.0 45.000     3173      283     3180      291      7      8      3176       282      3180       286      3176       291      3171       286      3148       258      3205       316 PARcau 0.374479 5.838741e-01 0.041647
    58   1       2030       2521  6.000   7.000  38.5 90.000     2027     2518     2034     2526      7      8      2027      2518      2033      2518      2033      2525      2027      2525      2002      2493      2059      2551 PARcau 0.946548 2.615073e-03 0.050837
    58   0       3470       2683  7.000   9.000  53.0 90.000     3467     2679     3475     2689      8     10      3467      2679      3474      2679      3474      2688      3467      2688      3442      2654      3500      2714 PARcau 0.954816 3.340723e-02 0.011776
    59   2       3177        287  6.000   6.000  27.5 90.000     3174      284     3181      291      7      7      3174       284      3180       284      3180       290      3174       290      3149       259      3206       316 PARcau 0.423964 4.537882e-01 0.122247
    59   0       3469       2681  8.000   8.000  53.5 90.000     3466     2678     3475     2687      9      9      3466      2678      3474      2678      3474      2686      3466      2686      3441      2653      3500      2712 PARcau 0.991492 2.027724e-03 0.006480
    59   1       2031       2526  7.000   7.000  41.5 90.000     2028     2523     2036     2531      8      8      2028      2523      2035      2523      2035      2530      2028      2530      2003      2498      2061      2556 PARcau 0.327165 3.682571e-01 0.304578
    60   2       3176        286  5.657   7.071  29.0 45.000     3174      283     3181      291      7      8      3172       287      3177       282      3181       286      3176       291      3149       258      3206       316 PARcau 0.236915 7.312899e-01 0.031795
    60   0       3473       2686  7.071   9.899  51.5 45.000     3469     2682     3479     2691     10      9      3472      2680      3479      2687      3474      2692      3467      2685      3444      2657      3504      2716 PARcau 0.994942 6.831963e-04 0.004375
    60   1       2035       2530  6.946   7.159  38.5 63.435     2032     2527     2040     2536      8      9      2031      2529      2037      2525      2040      2532      2034      2535      2007      2502      2065      2561 PARcau 0.683212 1.973236e-01 0.119465
    61   1       2037       2534  7.000   7.000  44.0 90.000     2034     2531     2042     2539      8      8      2034      2531      2041      2531      2041      2538      2034      2538      2009      2506      2067      2564 PARcau 0.835144 5.424136e-02 0.110614
    61   0       3482       2689  6.000  11.000  55.0 90.000     3477     2687     3489     2694     12      7      3477      2687      3488      2687      3488      2693      3477      2693      3452      2662      3514      2719 PARcau 0.806148 6.991346e-03 0.186861
    62   1       2036       2537  6.708   7.616  40.5 63.435     2033     2534     2041     2543      8      9      2031      2536      2038      2533      2041      2539      2034      2542      2008      2509      2066      2568 PARcau 0.421869 1.874388e-01 0.390692
    62   0       3492       2686  7.071  10.630  54.5 45.000     3488     2682     3498     2692     10     10      3486      2688      3493      2680      3498      2685      3491      2693      3463      2657      3523      2717 PARcau 0.920696 2.307069e-02 0.056233
    63   1       2032       2541  7.000   7.000  39.5 90.000     2029     2538     2037     2546      8      8      2029      2538      2036      2538      2036      2545      2029      2545      2004      2513      2062      2571 PARcau 0.759677 9.398604e-02 0.146336
    63   2       3168        293  6.364   6.364  30.0 45.000     3165      290     3172      298      7      8      3168       289      3173       294      3168       298      3164       294      3140       265      3197       323 PARcau 0.208612 7.487730e-01 0.042615
    63   0       3496       2678  8.000   9.000  58.5 90.000     3492     2674     3501     2684      9     10      3492      2674      3500      2674      3500      2683      3492      2683      3467      2649      3526      2709 PARcau 0.994560 7.152838e-04 0.004725
    64   2       3170        297  6.364   6.364  29.5 45.000     3168      294     3175      302      7      8      3171       292      3175       297      3171       301      3166       297      3143       269      3200       327 PARcau 0.752010 1.608545e-01 0.087136
    64   0       3496       2675  8.000   8.000  56.0 90.000     3492     2671     3501     2680      9      9      3492      2671      3500      2671      3500      2679      3492      2679      3467      2646      3526      2705 PARcau 0.469745 4.154393e-01 0.114816
    64   1       2030       2545  5.657   7.071  35.5 45.000     2027     2542     2035     2550      8      8      2026      2546      2031      2541      2035      2545      2030      2550      2002      2517      2060      2575 PARcau 0.627267 3.525501e-01 0.020183
    65   0       3498       2679  7.000   9.000  50.5 90.000     3495     2675     3503     2685      8     10      3495      2675      3502      2675      3502      2684      3495      2684      3470      2650      3528      2710 PARcau 0.962097 2.116926e-03 0.035786
    65   1       2031       2549  7.000   7.000  40.0 90.000     2028     2546     2036     2554      8      8      2028      2546      2035      2546      2035      2553      2028      2553      2003      2521      2061      2579 PARcau 0.883755 1.027084e-01 0.013537
    65   2       3175        297  6.000   6.000  31.0 90.000     3172      295     3179      302      7      7      3172       295      3178       295      3178       301      3172       301      3147       270      3204       327 PARcau 0.869397 9.224664e-02 0.038357
    66   2       3178        294  4.472   6.708  26.5 63.435     3175      292     3182      299      7      7      3174       294      3180       291      3182       295      3176       298      3150       267      3207       324 PARcau 0.980924 1.907493e-03 0.017168
    66   1       2036       2551  6.000   7.000  33.0 90.000     2033     2548     2041     2555      8      7      2033      2548      2040      2548      2040      2554      2033      2554      2008      2523      2066      2580 PARcau 0.876049 5.329335e-02 0.070657
    66   0       3504       2687  7.778  10.607  63.0 45.000     3500     2683     3511     2693     11     10      3504      2681      3511      2688      3506      2694      3498      2686      3475      2658      3536      2718 PARcau 0.986475 2.881354e-05 0.013496
    67   1       2041       2552  6.364   7.778  38.0 45.000     2038     2549     2047     2557      9      8      2041      2547      2047      2553      2042      2557      2037      2552      2013      2524      2072      2582 PARcau 0.228826 7.445968e-01 0.026577
    67   0       3513       2689  7.000  11.000  61.0 90.000     3508     2686     3520     2694     12      8      3508      2686      3519      2686      3519      2693      3508      2693      3483      2661      3545      2719 PARcau 0.350344 4.844382e-01 0.165218
    68   1       2046       2554  7.000   7.000  40.0 90.000     2043     2551     2051     2559      8      8      2043      2551      2050      2551      2050      2558      2043      2558      2018      2526      2076      2584 PARcau 0.713185 2.724172e-01 0.014398
    68   0       3522       2684  9.000   9.000  62.0 90.000     3518     2680     3528     2690     10     10      3518      2680      3527      2680      3527      2689      3518      2689      3493      2655      3553      2715 PARcau 0.972720 8.750448e-03 0.018529
    69   1       2047       2558  7.000   7.000  40.0 90.000     2044     2555     2052     2563      8      8      2044      2555      2051      2555      2051      2562      2044      2562      2019      2530      2077      2588 PARcau 0.987172 8.056376e-03 0.004772
    69   0       3527       2680  8.000   8.000  52.0 90.000     3523     2676     3532     2685      9      9      3523      2676      3531      2676      3531      2684      3523      2684      3498      2651      3557      2710 PARcau 0.136676 8.526209e-01 0.010703
    70   0       3527       2683  7.000  10.000  59.0 90.000     3524     2678     3532     2689      8     11      3524      2678      3531      2678      3531      2688      3524      2688      3499      2653      3557      2714 PARcau 0.981197 1.548666e-02 0.003316
    70   1       2047       2563  7.000   7.000  41.5 90.000     2044     2560     2052     2568      8      8      2044      2560      2051      2560      2051      2567      2044      2567      2019      2535      2077      2593 PARcau 0.431294 5.295991e-01 0.039107
    71   1       2047       2568  6.000   7.000  35.0 90.000     2044     2565     2051     2573      7      8      2044      2565      2050      2565      2050      2572      2044      2572      2019      2540      2076      2598 PARcau 0.953066 2.385055e-02 0.023084
    71   0       3526       2692  7.000  11.000  61.5 90.000     3523     2687     3531     2699      8     12      3523      2687      3530      2687      3530      2698      3523      2698      3498      2662      3556      2724 PARcau 0.329999 5.342468e-01 0.135754
    72   1       2047       2571  6.364   6.364  32.0 45.000     2044     2568     2052     2575      8      7      2047      2566      2052      2571      2047      2575      2043      2571      2019      2543      2077      2600 PARcau 0.452833 5.347043e-01 0.012463
    72   0       3528       2701  8.000   9.000  57.5 90.000     3525     2697     3534     2707      9     10      3525      2697      3533      2697      3533      2706      3525      2706      3500      2672      3559      2732 PARcau 0.089298 8.808729e-01 0.029829
    73   1       2050       2572  6.364   6.364  34.0 45.000     2047     2569     2055     2576      8      7      2050      2567      2055      2572      2050      2576      2046      2572      2022      2544      2080      2601 PARcau 0.633199 2.925809e-01 0.074220
    73   0       3537       2705  7.000  11.000  64.0 90.000     3532     2702     3544     2710     12      8      3532      2702      3543      2702      3543      2709      3532      2709      3507      2677      3569      2735 PARcau 0.630194 1.186748e-01 0.251131
    74   1       2055       2572  6.000   7.000  33.5 90.000     2052     2569     2060     2576      8      7      2052      2569      2059      2569      2059      2575      2052      2575      2027      2544      2085      2601 PARcau 0.177321 7.857023e-01 0.036977
    74   0       3547       2704  7.000  10.000  57.0 90.000     3542     2701     3553     2709     11      8      3542      2701      3552      2701      3552      2708      3542      2708      3517      2676      3578      2734 PARcau 0.630966 1.026686e-01 0.266366
    75   1       2060       2573  7.000   7.000  39.5 90.000     2057     2570     2065     2578      8      8      2057      2570      2064      2570      2064      2577      2057      2577      2032      2545      2090      2603 PARcau 0.895708 7.521443e-02 0.029077
    75   0       3552       2703  8.000   9.000  56.5 90.000     3548     2699     3557     2709      9     10      3548      2699      3556      2699      3556      2708      3548      2708      3523      2674      3582      2734 PARcau 0.176133 8.039896e-01 0.019878
    76   0       3551       2707  8.000   9.000  56.5 90.000     3547     2703     3556     2713      9     10      3547      2703      3555      2703      3555      2712      3547      2712      3522      2678      3581      2738 PARcau 0.921670 7.085265e-02 0.007478
    76   1       2063       2576  6.000   7.000  33.5  0.000     2060     2573     2067     2581      7      8      2060      2573      2066      2573      2066      2580      2060      2580      2035      2548      2092      2606 PARcau 0.972526 2.215968e-02 0.005314
    77   1       2062       2581  6.000   7.000  34.0 90.000     2059     2578     2067     2585      8      7      2059      2578      2066      2578      2066      2584      2059      2584      2034      2553      2092      2610 PARcau 0.629782 2.799908e-01 0.090227
    77   0       3549       2716  7.000  10.000  60.0 90.000     3546     2712     3554     2723      8     11      3546      2712      3553      2712      3553      2722      3546      2722      3521      2687      3579      2748 PARcau 0.809232 9.388123e-02 0.096886
    77   2       3161        287  5.657   7.071  32.0 45.000     3158      284     3166      292      8      8      3156       287      3161       282      3165       286      3160       291      3133       259      3191       317 PARcau 0.117618 8.534780e-01 0.028904
    78   1       2058       2585  6.000   7.000  37.0 90.000     2055     2582     2063     2589      8      7      2055      2582      2062      2582      2062      2588      2055      2588      2030      2557      2088      2614 PARcau 0.867693 4.042834e-02 0.091879
    78   0       3551       2724  7.810   9.899  58.5 45.000     3547     2720     3557     2730     10     10      3551      2718      3558      2725      3552      2730      3545      2723      3522      2695      3582      2755 PARcau 0.583428 3.921442e-01 0.024428
    79   1       2054       2586  6.364   6.364  33.0 45.000     2051     2583     2059     2591      8      8      2054      2582      2058      2586      2054      2591      2049      2586      2026      2558      2084      2616 PARcau 0.224090 7.264895e-01 0.049421
    79   0       3559       2727  7.000  11.000  66.0 90.000     3554     2724     3566     2732     12      8      3554      2724      3565      2724      3565      2731      3554      2731      3529      2699      3591      2757 PARcau 0.895384 1.040883e-02 0.094207
    80   1       2053       2586  6.000   7.000  32.0 90.000     2050     2583     2057     2591      7      8      2050      2583      2056      2583      2056      2590      2050      2590      2025      2558      2082      2616 PARcau 0.270644 6.507962e-01 0.078560
    80   0       3569       2726  7.000  11.000  61.5 90.000     3564     2723     3576     2731     12      8      3564      2723      3575      2723      3575      2730      3564      2730      3539      2698      3601      2756 PARcau 0.501581 1.144156e-01 0.384004
    81   1       2059       2583  6.000   7.000  30.5 90.000     2056     2580     2064     2587      8      7      2056      2580      2063      2580      2063      2586      2056      2586      2031      2555      2089      2612 PARcau 0.820311 1.728388e-02 0.162405
    81   0       3575       2728  7.000   8.000  51.0 90.000     3572     2724     3580     2733      8      9      3572      2724      3579      2724      3579      2732      3572      2732      3547      2699      3605      2758 PARcau 0.932716 5.205752e-02 0.015226
    82   0       3574       2734  8.000  10.000  59.5 90.000     3570     2729     3579     2740      9     11      3570      2729      3578      2729      3578      2739      3570      2739      3545      2704      3604      2765 PARcau 0.998063 7.862264e-05 0.001859
    82   2       3157        279  6.000   7.000  31.5  0.000     3154      276     3162      283      8      7      3154       276      3161       276      3161       282      3154       282      3129       251      3187       308 PARcau 0.296686 6.501085e-01 0.053205
    83   2       3152        281  6.042   7.382  36.0 26.565     3149      278     3157      286      8      8      3151       276      3157       279      3153       285      3148       283      3124       253      3182       311 PARcau 0.486467 3.685332e-01 0.145000
    83   1       2063       2574  6.000   7.000  30.0 90.000     2060     2571     2067     2579      7      8      2060      2571      2066      2571      2066      2578      2060      2578      2035      2546      2092      2604 PARcau 0.874152 2.330754e-02 0.102540
    83   0       3570       2743  8.000  10.000  65.0 90.000     3566     2738     3575     2749      9     11      3566      2738      3574      2738      3574      2748      3566      2748      3541      2713      3600      2774 PARcau 0.997037 6.817396e-05 0.002894
    84   2       3150        284  6.000   6.000  31.5 90.000     3148      282     3155      289      7      7      3148       282      3154       282      3154       288      3148       288      3123       257      3180       314 PARcau 0.717182 1.545704e-01 0.128248
    84   1       2067       2570  6.000   7.000  34.5 90.000     2064     2568     2072     2575      8      7      2064      2568      2071      2568      2071      2574      2064      2574      2039      2543      2097      2600 PARcau 0.440585 6.461879e-02 0.494796
    84   0       3571       2750  8.000  10.000  60.0 90.000     3567     2746     3576     2757      9     11      3567      2746      3575      2746      3575      2756      3567      2756      3542      2721      3601      2782 PARcau 0.720894 2.331233e-01 0.045983
    85   2       3152        288  5.831   6.708  30.0 26.565     3150      285     3157      293      7      8      3151       284      3157       287      3154       292      3148       289      3125       260      3182       318 PARcau 0.542134 4.213535e-01 0.036512
    85   1       2072       2571  6.000   7.000  35.5 90.000     2069     2568     2077     2575      8      7      2069      2568      2076      2568      2076      2574      2069      2574      2044      2543      2102      2600 PARcau 0.524678 2.108317e-01 0.264491
    85   0       3579       2754  7.000  11.000  62.5 90.000     3574     2751     3586     2759     12      8      3574      2751      3585      2751      3585      2758      3574      2758      3549      2726      3611      2784 PARcau 0.244502 2.976126e-01 0.457886
    86   1       2076       2572  6.364   6.364  34.0 45.000     2073     2569     2080     2577      7      8      2076      2568      2080      2572      2076      2577      2071      2572      2048      2544      2105      2602 PARcau 0.679188 2.480965e-01 0.072715
    86   0       3588       2755  8.000   9.000  52.5  0.000     3584     2751     3594     2760     10      9      3584      2751      3593      2751      3593      2759      3584      2759      3559      2726      3619      2785 PARcau 0.836418 7.230865e-02 0.091273
    87   1       2074       2572  5.385   6.708  30.0 63.435     2071     2569     2079     2577      8      8      2070      2570      2075      2568      2078      2574      2073      2576      2046      2544      2104      2602 PARcau 0.889557 4.369870e-02 0.066745
    87   0       3592       2755  8.000   8.000  55.5 90.000     3588     2751     3597     2760      9      9      3588      2751      3596      2751      3596      2759      3588      2759      3563      2726      3622      2785 PARcau 0.672058 2.667812e-01 0.061161
    88   0       3589       2760  8.000  10.000  60.0 90.000     3586     2755     3595     2766      9     11      3586      2755      3594      2755      3594      2765      3586      2765      3561      2730      3620      2791 PARcau 0.636249 2.119059e-01 0.151845
    88   1       2069       2569  5.657   7.071  28.5 45.000     2066     2566     2074     2574      8      8      2069      2565      2074      2570      2070      2574      2065      2569      2041      2541      2099      2599 PARcau 0.277143 6.334524e-01 0.089405
    89   0       3587       2768  8.000  10.000  65.5 90.000     3583     2764     3592     2775      9     11      3583      2764      3591      2764      3591      2774      3583      2774      3558      2739      3617      2800 PARcau 0.942330 2.879300e-03 0.054791
    90   1       2070       2561  7.000   7.000  35.5 90.000     2067     2558     2075     2566      8      8      2067      2558      2074      2558      2074      2565      2067      2565      2042      2533      2100      2591 PARcau 0.604709 3.561702e-01 0.039121
    90   2       3153        277  6.000   7.000  26.0 90.000     3150      275     3157      283      7      8      3150       275      3156       275      3156       282      3150       282      3125       250      3182       308 PARcau 0.473450 3.532249e-01 0.173325
    90   0       3593       2776  9.000  11.000  74.5 90.000     3588     2772     3600     2782     12     10      3588      2772      3599      2772      3599      2781      3588      2781      3563      2747      3625      2807 PARcau 0.681642 2.656320e-02 0.291795
    91   1       2074       2558  6.000   7.000  33.5 90.000     2071     2556     2079     2563      8      7      2071      2556      2078      2556      2078      2562      2071      2562      2046      2531      2104      2588 PARcau 0.879705 3.109012e-02 0.089205
    91   0       3602       2778  8.000  11.000  74.0 90.000     3597     2774     3609     2783     12      9      3597      2774      3608      2774      3608      2782      3597      2782      3572      2749      3634      2808 PARcau 0.272120 5.184114e-01 0.209469
    92   1       2076       2557  6.000   7.000  32.5 90.000     2074     2554     2081     2562      7      8      2074      2554      2080      2554      2080      2561      2074      2561      2049      2529      2106      2587 PARcau 0.647257 3.055988e-01 0.047144
    92   0       3606       2776  8.485   8.485  58.0 45.000     3602     2772     3612     2782     10     10      3606      2771      3612      2777      3606      2783      3600      2777      3577      2747      3637      2807 PARcau 0.136827 8.431864e-01 0.019987
    93   0       3601       2776  8.000  10.000  63.0 90.000     3597     2773     3608     2782     11      9      3597      2773      3607      2773      3607      2781      3597      2781      3572      2748      3633      2807 PARcau 0.959583 1.473048e-02 0.025687
    93   1       2074       2555  6.000   6.000  31.5 90.000     2072     2552     2079     2559      7      7      2072      2552      2078      2552      2078      2558      2072      2558      2047      2527      2104      2584 PARcau 0.883864 4.697777e-02 0.069158
    94   1       2070       2552  6.000   7.000  35.0 90.000     2067     2550     2075     2557      8      7      2067      2550      2074      2550      2074      2556      2067      2556      2042      2525      2100      2582 PARcau 0.850796 1.073613e-01 0.041843
    94   0       3592       2778  8.000  11.000  71.0 90.000     3587     2775     3599     2784     12      9      3587      2775      3598      2775      3598      2783      3587      2783      3562      2750      3624      2809 PARcau 0.986724 8.600287e-05 0.013190
    95   1       2067       2550  6.000   6.000  32.5 90.000     2065     2548     2072     2555      7      7      2065      2548      2071      2548      2071      2554      2065      2554      2040      2523      2097      2580 PARcau 0.172527 7.628552e-01 0.064618
    95   0       3585       2783  9.000   9.000  65.5 90.000     3581     2779     3591     2789     10     10      3581      2779      3590      2779      3590      2788      3581      2788      3556      2754      3616      2814 PARcau 0.537794 4.068513e-01 0.055355
    95   2       3166        274  6.000   6.000  30.0 90.000     3163      272     3170      279      7      7      3163       272      3169       272      3169       278      3163       278      3138       247      3195       304 PARcau 0.541704 3.547610e-01 0.103535
    96   1       2069       2549  6.000   6.000  29.0 90.000     2067     2547     2074     2554      7      7      2067      2547      2073      2547      2073      2553      2067      2553      2042      2522      2099      2579 PARcau 0.194319 5.669560e-01 0.238725
    96   2       3161        271  6.364   6.364  31.0 45.000     3158      268     3166      275      8      7      3161       267      3165       271      3161       276      3156       271      3133       243      3191       300 PARcau 0.418687 3.201355e-01 0.261177
    96   0       3585       2789  8.485   9.899  68.5 45.000     3581     2785     3591     2796     10     11      3585      2783      3592      2790      3586      2796      3579      2789      3556      2760      3616      2821 PARcau 0.542441 3.752068e-01 0.082352
    97   2       3157        268  6.000   8.000  38.0 90.000     3154      264     3161      273      7      9      3154       264      3160       264      3160       272      3154       272      3129       239      3186       298 PARcau 0.769508 5.731021e-02 0.173182
    97   1       2075       2548  6.000   7.000  28.5 90.000     2072     2546     2080     2553      8      7      2072      2546      2079      2546      2079      2552      2072      2552      2047      2521      2105      2578 PARcau 0.343607 4.985986e-01 0.157794
    97   0       3591       2796  7.778  12.021  75.0 45.000     3586     2792     3598     2803     12     11      3590      2790      3598      2798      3593      2804      3584      2795      3561      2767      3623      2828 PARcau 0.325519 9.904718e-03 0.664576
    98   2       3156        264  7.000   8.000  46.0 90.000     3153      260     3161      269      8      9      3153       260      3160       260      3160       268      3153       268      3128       235      3186       294 PARcau 0.283867 9.893749e-02 0.617195
    98   1       2079       2548  6.042   6.042  29.0 63.435     2076     2545     2084     2552      8      7      2075      2546      2081      2544      2083      2549      2078      2552      2051      2520      2109      2577 PARcau 0.438301 3.356314e-01 0.226067
    98   0       3595       2803  8.000   9.000  58.5 90.000     3591     2799     3600     2809      9     10      3591      2799      3599      2799      3599      2808      3591      2808      3566      2774      3625      2834 PARcau 0.056217 2.569679e-04 0.943526
    99   1       2079       2548  6.364   6.364  32.0 45.000     2076     2545     2084     2552      8      7      2079      2543      2084      2548      2079      2552      2075      2548      2051      2520      2109      2577 PARcau 0.238580 7.108301e-01 0.050590
    99   2       3158        260  7.000   7.000  39.5 90.000     3155      257     3163      265      8      8      3155       257      3162       257      3162       264      3155       264      3130       232      3188       290 PARcau 0.236602 2.366726e-02 0.739731
    99   0       3591       2807  7.000   9.000  46.5 90.000     3587     2804     3597     2812     10      8      3587      2804      3596      2804      3596      2811      3587      2811      3562      2779      3622      2837 PARcau 0.051150 1.144834e-04 0.948735
   100   1       2075       2547  5.000   7.000  26.5 90.000     2072     2545     2080     2551      8      6      2072      2545      2079      2545      2079      2550      2072      2550      2047      2520      2105      2576 PARcau 0.586240 2.210657e-01 0.192694
   100   2       3160        255  6.000   7.000  38.5 90.000     3158      252     3165      260      7      8      3158       252      3164       252      3164       259      3158       259      3133       227      3190       285 PARcau 0.282443 2.926426e-02 0.688293
   100   0       3581       2809  5.000   7.000  29.5 90.000     3578     2807     3586     2813      8      6      3578      2807      3585      2807      3585      2812      3578      2812      3553      2782      3611      2838 PARcau 0.017892 8.776059e-05 0.982020
   101   1       2069       2545  6.000   7.000  28.5 90.000     2066     2543     2074     2550      8      7      2066      2543      2073      2543      2073      2549      2066      2549      2041      2518      2099      2575 PARcau 0.952141 3.989278e-02 0.007967
   101   2       3160        250  7.071   7.810  41.5 45.000     3157      246     3165      255      8      9      3160       245      3165       250      3160       256      3155       251      3132       221      3190       280 PARcau 0.599785 2.944205e-01 0.105794
   102   2       3157        246  7.071   7.071  36.5 45.000     3154      243     3162      251      8      8      3157       241      3162       246      3157       251      3152       246      3129       218      3187       276 PARcau 0.339133 1.828491e-01 0.478017
   102   1       2065       2541  6.000   7.000  33.5 90.000     2063     2538     2070     2546      7      8      2063      2538      2069      2538      2069      2545      2063      2545      2038      2513      2095      2571 PARcau 0.945231 1.974675e-02 0.035022
   103   2       3152        244  6.946   7.159  40.5 63.435     3149      240     3157      249      8      9      3147       242      3154       239      3157       245      3151       248      3124       215      3182       274 PARcau 0.417476 2.531848e-01 0.329339
   103   1       2065       2536  6.000   7.000  36.0 90.000     2062     2533     2069     2541      7      8      2062      2533      2068      2533      2068      2540      2062      2540      2037      2508      2094      2566 PARcau 0.673424 2.133926e-01 0.113183
   103   0       3577       2828  6.000   8.000  38.0  0.000     3575     2824     3582     2833      7      9      3575      2824      3581      2824      3581      2832      3575      2832      3550      2799      3607      2858 PARcau 0.588723 6.959743e-03 0.404317
   104   2       3151        243  6.000   6.000  29.5 90.000     3148      240     3155      247      7      7      3148       240      3154       240      3154       246      3148       246      3123       215      3180       272 PARcau 0.202768 1.235363e-02 0.784879
   104   1       2066       2531  5.000   7.000  28.0 90.000     2064     2528     2070     2536      6      8      2064      2528      2069      2528      2069      2535      2064      2535      2039      2503      2095      2561 PARcau 0.336549 4.460205e-01 0.217430
   104   0       3578       2832  7.000   7.000  36.0 -0.000     3575     2829     3583     2837      8      8      3575      2829      3582      2829      3582      2836      3575      2836      3550      2804      3608      2862 PARcau 0.025280 2.816302e-04 0.974439
   105   2       3153        243  5.657   7.071  32.0 45.000     3150      240     3158      248      8      8      3149       244      3154       239      3158       243      3153       248      3125       215      3183       273 PARcau 0.065920 8.158763e-02 0.852492
   105   1       2068       2529  6.000   6.000  30.5 90.000     2065     2526     2072     2533      7      7      2065      2526      2071      2526      2071      2532      2065      2532      2040      2501      2097      2558 PARcau 0.547921 3.771425e-01 0.074937
   105   0       3572       2833  8.000  11.000  69.0 90.000     3567     2830     3579     2839     12      9      3567      2830      3578      2830      3578      2838      3567      2838      3542      2805      3604      2864 PARcau 0.001345 9.803480e-06 0.998646
   106   1       2068       2529  6.000   6.000  30.5 90.000     2065     2526     2072     2533      7      7      2065      2526      2071      2526      2071      2532      2065      2532      2040      2501      2097      2558 PARcau 0.715003 2.215530e-01 0.063444
   106   2       3158        243  6.000   7.000  33.0 90.000     3155      240     3163      247      8      7      3155       240      3162       240      3162       246      3155       246      3130       215      3188       272 PARcau 0.076003 3.249882e-02 0.891499
   106   0       3562       2833  8.000  11.000  70.5 90.000     3557     2829     3569     2838     12      9      3557      2829      3568      2829      3568      2837      3557      2837      3532      2804      3594      2863 PARcau 0.004606 4.436579e-05 0.995350
   107   1       2065       2530  6.000   7.000  35.0 90.000     2062     2527     2070     2534      8      7      2062      2527      2069      2527      2069      2533      2062      2533      2037      2502      2095      2559 PARcau 0.887670 3.947913e-02 0.072851
   107   0       3555       2836  8.485   9.899  58.5 45.000     3551     2832     3561     2842     10     10      3549      2837      3556      2830      3562      2836      3555      2843      3526      2807      3586      2867 PARcau 0.464272 4.573786e-04 0.535270
   108   1       2060       2529  6.000   6.000  25.5 90.000     2057     2527     2064     2534      7      7      2057      2527      2063      2527      2063      2533      2057      2533      2032      2502      2089      2559 PARcau 0.677342 1.077711e-01 0.214887
   109   1       2056       2527  6.403   7.071  36.5 45.000     2053     2524     2061     2532      8      8      2056      2523      2061      2528      2056      2532      2051      2527      2028      2499      2086      2557 PARcau 0.983328 2.586352e-03 0.014085
   110   1       2054       2522  6.000   7.000  33.5 90.000     2051     2519     2058     2527      7      8      2051      2519      2057      2519      2057      2526      2051      2526      2026      2494      2083      2552 PARcau 0.951422 1.072524e-03 0.047505
   111   1       2054       2517  6.000   7.000  32.5  0.000     2052     2514     2059     2522      7      8      2052      2514      2058      2514      2058      2521      2052      2521      2027      2489      2084      2547 PARcau 0.764769 2.187851e-01 0.016446
   112   1       2057       2514  6.000   6.000  31.0 90.000     2054     2511     2061     2518      7      7      2054      2511      2060      2511      2060      2517      2054      2517      2029      2486      2086      2543 PARcau 0.398317 5.854189e-01 0.016264
   114   1       2058       2511  5.657   6.403  27.5 45.000     2056     2508     2063     2515      7      7      2054      2511      2059      2507      2063      2511      2058      2515      2031      2483      2088      2540 PARcau 0.599374 3.622787e-01 0.038347
   117   1       2047       2507  6.000   6.000  30.5 90.000     2044     2505     2051     2512      7      7      2044      2505      2050      2505      2050      2511      2044      2511      2019      2480      2076      2537 PARcau 0.043503 9.447819e-01 0.011715
   118   1       2046       2506  6.000   6.000  31.0 90.000     2043     2503     2050     2510      7      7      2043      2503      2049      2503      2049      2509      2043      2509      2018      2478      2075      2535 PARcau 0.211938 7.672343e-01 0.020828
   119   1       2049       2506  5.657   6.403  29.5 45.000     2046     2503     2054     2510      8      7      2045      2506      2050      2502      2054      2506      2049      2510      2021      2478      2079      2535 PARcau 0.232160 7.235272e-01 0.044312
   122   1       2064       2500  6.000   7.000  30.5  0.000     2062     2497     2069     2505      7      8      2062      2497      2068      2497      2068      2504      2062      2504      2037      2472      2094      2530 PARcau 0.878696 1.086496e-01 0.012654
   123   1       2065       2495  6.000   6.000  31.5 90.000     2063     2493     2070     2500      7      7      2063      2493      2069      2493      2069      2499      2063      2499      2038      2468      2095      2525 PARcau 0.928842 6.056203e-02 0.010596
   124   1       2066       2491  7.000   7.000  37.0 90.000     2063     2488     2071     2496      8      8      2063      2488      2070      2488      2070      2495      2063      2495      2038      2463      2096      2521 PARcau 0.589431 2.318452e-01 0.178724
   125   1       2068       2489  6.000   6.000  31.0 90.000     2065     2487     2072     2494      7      7      2065      2487      2071      2487      2071      2493      2065      2493      2040      2462      2097      2519 PARcau 0.407578 5.470884e-01 0.045334
   126   1       2070       2490  6.000   7.000  32.5 90.000     2067     2487     2074     2495      7      8      2067      2487      2073      2487      2073      2494      2067      2494      2042      2462      2099      2520 PARcau 0.175633 7.352998e-01 0.089067
   127   1       2074       2491  6.000   7.000  33.5 90.000     2071     2489     2079     2496      8      7      2071      2489      2078      2489      2078      2495      2071      2495      2046      2464      2104      2521 PARcau 0.943742 4.446749e-02 0.011791
   128   1       2079       2492  6.000   7.000  34.5 90.000     2076     2490     2084     2497      8      7      2076      2490      2083      2490      2083      2496      2076      2496      2051      2465      2109      2522 PARcau 0.268923 6.685673e-01 0.062510
   129   1       2084       2491  6.708   6.708  28.0 63.435     2081     2489     2089     2496      8      7      2080      2490      2086      2487      2089      2493      2083      2496      2056      2464      2114      2521 PARcau 0.789444 1.236966e-01 0.086860
   130   1       2088       2488  5.657   7.071  30.0 45.000     2085     2485     2093     2493      8      8      2084      2489      2089      2484      2093      2488      2088      2493      2060      2460      2118      2518 PARcau 0.697141 2.170526e-01 0.085806
   131   1       2090       2483  6.708   6.708  36.0 63.435     2087     2480     2095     2488      8      8      2086      2482      2092      2479      2095      2485      2089      2488      2062      2455      2120      2513 PARcau 0.509121 4.342992e-01 0.056580
   132   1       2091       2479  6.364   6.364  33.0 45.000     2088     2476     2095     2484      7      8      2091      2475      2095      2479      2091      2484      2086      2479      2063      2451      2120      2509 PARcau 0.117000 8.503477e-01 0.032652
   133   1       2091       2478  6.000   6.000  29.0 90.000     2089     2475     2096     2482      7      7      2089      2475      2095      2475      2095      2481      2089      2481      2064      2450      2121      2507 PARcau 0.433905 5.233807e-01 0.042715
   134   1       2092       2478  6.708   6.708  33.5 63.435     2089     2475     2097     2483      8      8      2088      2477      2094      2474      2097      2480      2091      2483      2064      2450      2122      2508 PARcau 0.103186 8.719995e-01 0.024815
   135   1       2095       2480  5.657   7.071  31.5 45.000     2092     2478     2100     2485      8      7      2095      2476      2100      2481      2096      2485      2091      2480      2067      2453      2125      2510 PARcau 0.633144 3.525079e-01 0.014348
   136   1       2100       2483  6.000   7.000  33.5 90.000     2097     2480     2105     2487      8      7      2097      2480      2104      2480      2104      2486      2097      2486      2072      2455      2130      2512 PARcau 0.689242 2.066058e-01 0.104152
   137   1       2104       2482  6.000   6.000  31.5 90.000     2102     2480     2109     2487      7      7      2102      2480      2108      2480      2108      2486      2102      2486      2077      2455      2134      2512 PARcau 0.402410 5.551140e-01 0.042476
   138   1       2108       2479  6.000   7.000  35.5 90.000     2106     2476     2113     2484      7      8      2106      2476      2112      2476      2112      2483      2106      2483      2081      2451      2138      2509 PARcau 0.192979 6.980194e-01 0.109002
   139   1       2109       2474  6.364   6.364  33.0 45.000     2106     2471     2113     2479      7      8      2109      2470      2113      2474      2109      2479      2104      2474      2081      2446      2138      2504 PARcau 0.640207 3.406964e-01 0.019096
   140   1       2105       2470  6.000   7.000  34.5 90.000     2102     2467     2110     2474      8      7      2102      2467      2109      2467      2109      2473      2102      2473      2077      2442      2135      2499 PARcau 0.208144 2.790298e-01 0.512826
   141   1       2100       2469  6.000   7.000  36.0 90.000     2097     2467     2105     2474      8      7      2097      2467      2104      2467      2104      2473      2097      2473      2072      2442      2130      2499 PARcau 0.423425 4.567573e-01 0.119817
   142   1       2096       2473  5.657   7.071  30.5 45.000     2093     2470     2101     2478      8      8      2092      2474      2097      2469      2101      2473      2096      2478      2068      2445      2126      2503 PARcau 0.798651 1.859798e-01 0.015369
   145   1       2107       2481  5.000   7.000  28.5 90.000     2104     2479     2112     2485      8      6      2104      2479      2111      2479      2111      2484      2104      2484      2079      2454      2137      2510 PARcau 0.788653 1.837951e-01 0.027552
   146   1       2111       2477  6.708   7.211  27.5 26.565     2108     2474     2116     2482      8      8      2110      2473      2116      2476      2112      2482      2106      2479      2083      2449      2141      2507 PARcau 0.440078 4.905109e-01 0.069411
   147   1       2111       2473  5.657   5.657  27.5 45.000     2108     2470     2115     2477      7      7      2111      2469      2115      2473      2111      2477      2107      2473      2083      2445      2140      2502 PARcau 0.470894 4.767451e-01 0.052361
   149   1       2104       2471  5.657   6.403  26.0 45.000     2102     2468     2109     2475      7      7      2100      2471      2105      2467      2109      2471      2104      2475      2077      2443      2134      2500 PARcau 0.569453 3.699189e-01 0.060629