 Frame  ID  CentroidX  CentroidY  Width  Length  Area  Angle  Box_TLX  Box_TLY  Box_BRX  Box_BRY  Box_W  Box_H  rBox_TLX  rBox_TLY  rBox_TRX  rBox_TRY  rBox_BRX  rBox_BRY  rBox_BLX  rBox_BLY  lBox_TLX  lBox_TLY  lBox_BRX  lBox_BRY  Label       DIDnas       NONpro   PARcau
    21   0        836       2049  6.000   6.000  27.0 90.000      833     2047      840     2054      7      7       833      2047       839      2047       839      2053       833      2053       808      2022       865      2079 PARcau 9.019535e-01 5.306421e-02 0.044982
    21   1       1502       1330 10.000  27.000 195.5 90.000     1489     1325     1517     1336     28     11      1489      1325      1516      1325      1516      1335      1489      1335      1464      1300      1542      1361 PARcau 1.710930e-03 1.933748e-04 0.998096
    21   2       1063        826  7.071  22.204  75.0  6.340     1060      814     1069      837      9     23      1061       813      1068       814      1065       836      1058       835      1035       789      1094       862 PARcau 2.431402e-04 7.410026e-07 0.999756
    22   2       1063        825  9.220  24.515  94.5 11.310     1059      812     1071      837     12     25      1061       810      1070       812      1065       836      1056       834      1034       787      1096       862 PARcau 6.918218e-04 3.193343e-07 0.999308
    22   1       1489       1330  9.000  27.000 196.0 90.000     1476     1326     1504     1336     28     10      1476      1326      1503      1326      1503      1335      1476      1335      1451      1301      1529      1361 PARcau 1.302178e-02 2.441361e-04 0.986734
    22   3       3996       2888  6.083  11.180  43.0  9.462     3991     2885     4003     2893     12      8      3991      2884      4002      2886      4001      2892      3990      2890      3966      2860      4028      2918 PARcau 2.920082e-01 5.965234e-03 0.702027
    23   2       1063        825  9.220  24.515  94.0 11.310     1059      812     1071      837     12     25      1061       810      1070       812      1065       836      1056       834      1034       787      1096       862 PARcau 1.089091e-03 4.277974e-06 0.998907
    23   1       1477       1331  9.552  26.235 196.5 81.870     1464     1326     1491     1337     27     11      1463      1328      1489      1324      1490      1334      1464      1337      1439      1301      1516      1362 PARcau 1.548522e-01 1.708669e-03 0.843439
    23   4       2537        454  5.657   5.657  28.5 45.000     2534      452     2541      459      7      7      2537       450      2541       454      2537       458      2533       454      2509       427      2566       484 PARcau 2.201185e-01 7.387667e-01 0.041115
    24   2       1063        825  8.631  23.927  76.0 11.310     1059      813     1071      837     12     24      1061       811      1070       813      1065       836      1057       835      1034       788      1096       862 PARcau 1.552546e-04 5.966135e-07 0.999844
    24   4       2534        457  6.000   7.000  32.5 90.000     2531      455     2539      462      8      7      2531       455      2538       455      2538       461      2531       461      2506       430      2564       487 PARcau 2.644781e-01 7.154992e-01 0.020023
    24   0        847       2054  5.831   6.708  28.0 26.565      844     2051      851     2059      7      8       846      2050       851      2053       848      2059       843      2056       819      2026       876      2084 PARcau 8.888134e-01 8.018579e-03 0.103168
    24   1       1464       1332  9.000  25.000 186.5 90.000     1452     1328     1478     1338     26     10      1452      1328      1477      1328      1477      1337      1452      1337      1427      1303      1503      1363 PARcau 5.848117e-03 1.700889e-04 0.993982
    25   2       1062        825  7.649  21.966  66.5 11.889     1059      814     1070      836     11     22      1061       812      1069       814      1064       835      1057       834      1034       789      1095       861 PARcau 8.007620e-04 5.553327e-07 0.999199
    25   1       1452       1333  9.000  26.000 183.0 90.000     1440     1329     1467     1339     27     10      1440      1329      1466      1329      1466      1338      1440      1338      1415      1304      1492      1364 PARcau 2.873266e-01 7.049835e-03 0.705624
    26   2       1062        827  6.576  18.062  45.0  4.086     1059      817     1067      836      8     19      1059       816      1066       817      1064       835      1058       834      1034       792      1092       861 PARcau 6.668277e-08 1.795523e-12 1.000000
    26   1       1439       1331  9.000  26.000 194.0 90.000     1427     1327     1454     1337     27     10      1427      1327      1453      1327      1453      1336      1427      1336      1402      1302      1479      1362 PARcau 1.290292e-03 1.193978e-04 0.998590
    27   3       4005       2886  6.083  10.198  38.5 11.310     3999     2883     4011     2890     12      7      4000      2882      4010      2884      4009      2890      3999      2888      3974      2858      4036      2915 PARcau 2.394235e-02 4.006485e-04 0.975657
    27   0        843       2066  6.000   6.000  31.5 90.000      841     2063      848     2070      7      7       841      2063       847      2063       847      2069       841      2069       816      2038       873      2095 PARcau 7.040204e-01 2.543644e-01 0.041615
    27   1       1427       1330  9.000  27.000 194.0 90.000     1414     1326     1442     1336     28     10      1414      1326      1441      1326      1441      1335      1414      1335      1389      1301      1467      1361 PARcau 2.191496e-03 6.427220e-03 0.991381
    28   3       4006       2885  6.325  12.649  55.0 18.435     3999     2882     4013     2891     14      9      4000      2880      4012      2884      4010      2890      3998      2886      3974      2857      4038      2916 PARcau 4.742983e-02 2.129195e-03 0.950441
    28   0        846       2067  5.831   5.831  26.5 33.690      843     2065      850     2072      7      7       845      2063       850      2066       847      2071       842      2068       818      2040       875      2097 PARcau 1.347623e-01 8.022132e-01 0.063024
    28   1       1415       1330  9.000  27.000 197.0 90.000     1402     1326     1430     1336     28     10      1402      1326      1429      1326      1429      1335      1402      1335      1377      1301      1455      1361 PARcau 4.333865e-02 3.955878e-03 0.952706
    29   3       4007       2885  8.000  14.000  78.0 90.000     4000     2882     4015     2891     15      9      4000      2882      4014      2882      4014      2890      4000      2890      3975      2857      4040      2916 PARcau 3.884957e-01 2.901725e-04 0.611214
    29   0        850       2070  6.000   6.000  28.5 90.000      848     2067      855     2074      7      7       848      2067       854      2067       854      2073       848      2073       823      2042       880      2099 PARcau 6.784977e-01 3.489396e-02 0.286608
    29   1       1401       1332  9.055  25.080 174.5 84.806     1389     1327     1415     1338     26     11      1388      1328      1413      1326      1414      1335      1389      1337      1364      1302      1440      1363 PARcau 1.204048e-01 1.251984e-04 0.879470
    30   3       4009       2885  8.000  14.000  76.5 90.000     4002     2882     4017     2891     15      9      4002      2882      4016      2882      4016      2890      4002      2890      3977      2857      4042      2916 PARcau 7.911116e-01 1.286241e-03 0.207602
    30   1       1389       1333  9.000  26.000 188.5 90.000     1376     1329     1403     1339     27     10      1376      1329      1402      1329      1402      1338      1376      1338      1351      1304      1428      1364 PARcau 1.570938e-02 3.641625e-04 0.983926
    31   3       4010       2885  8.000  14.000  84.5 90.000     4003     2882     4018     2891     15      9      4003      2882      4017      2882      4017      2890      4003      2890      3978      2857      4043      2916 PARcau 9.047113e-02 5.020860e-03 0.904508
    31   0        855       2077  6.000   7.000  33.0  0.000      852     2074      859     2082      7      8       852      2074       858      2074       858      2081       852      2081       827      2049       884      2107 PARcau 4.943987e-01 4.608549e-01 0.044746
    31   1       1376       1333  9.000  27.000 195.5 90.000     1363     1329     1391     1339     28     10      1363      1329      1390      1329      1390      1338      1363      1338      1338      1304      1416      1364 PARcau 2.988479e-03 5.212385e-04 0.996490
    32   3       4011       2885  8.062  15.133  80.0 81.870     4004     2882     4020     2891     16      9      4003      2882      4018      2880      4019      2888      4004      2890      3979      2857      4045      2916 PARcau 3.579734e-01 3.974571e-03 0.638052
    32   0        852       2081  5.657   6.403  29.5 45.000      849     2079      857     2086      8      7       852      2077       856      2081       852      2086       848      2082       824      2054       882      2111 PARcau 7.171721e-01 1.822626e-01 0.100565
    32   1       1362       1331 10.000  27.000 196.0 90.000     1350     1327     1378     1338     28     11      1350      1327      1377      1327      1377      1337      1350      1337      1325      1302      1403      1363 PARcau 1.669656e-04 2.004598e-05 0.999813
    33   3       4011       2885  7.000  14.000  76.0 90.000     4005     2882     4020     2890     15      8      4005      2882      4019      2882      4019      2889      4005      2889      3980      2857      4045      2915 PARcau 1.596292e-02 3.905086e-04 0.983647
    33   0        848       2084  7.071   7.071  34.5 45.000      845     2081      853     2089      8      8       848      2079       853      2084       848      2089       843      2084       820      2056       878      2114 PARcau 3.278687e-01 5.966432e-01 0.075488
    33   1       1349       1330  9.000  26.000 193.0 90.000     1337     1326     1364     1336     27     10      1337      1326      1363      1326      1363      1335      1337      1335      1312      1301      1389      1361 PARcau 5.938486e-02 1.297178e-03 0.939318
    34   3       4013       2885  7.000  15.000  71.0 90.000     4005     2882     4021     2890     16      8      4005      2882      4020      2882      4020      2889      4005      2889      3980      2857      4046      2915 PARcau 5.829934e-02 5.079029e-03 0.936622
    34   1       1336       1331  9.000  26.000 184.0 90.000     1324     1327     1351     1337     27     10      1324      1327      1350      1327      1350      1336      1324      1336      1299      1302      1376      1362 PARcau 1.669667e-01 3.915599e-03 0.829118
    35   3       4014       2885  7.000  13.000  51.5 90.000     4008     2882     4022     2890     14      8      4008      2882      4021      2882      4021      2889      4008      2889      3983      2857      4047      2915 PARcau 2.616156e-03 8.088173e-04 0.996575
    35   0        845       2089  6.000   7.000  31.5 90.000      842     2086      849     2094      7      8       842      2086       848      2086       848      2093       842      2093       817      2061       874      2119 PARcau 8.771554e-01 4.529047e-02 0.077554
    35   1       1322       1332  9.708  26.387 188.5 80.538     1309     1327     1337     1338     28     11      1308      1329      1334      1324      1336      1334      1310      1338      1284      1302      1362      1363 PARcau 6.918918e-03 6.941697e-04 0.992387
    36   3       4016       2884  7.000  12.000  34.0 90.000     4010     2882     4023     2890     13      8      4010      2882      4022      2882      4022      2889      4010      2889      3985      2857      4048      2915 PARcau 3.037951e-02 1.974975e-03 0.967646
    36   1       1309       1332  9.000  26.000 186.5 90.000     1297     1328     1324     1338     27     10      1297      1328      1323      1328      1323      1337      1297      1337      1272      1303      1349      1363 PARcau 1.456775e-03 1.022632e-03 0.997521
    37   0        849       2098  6.000   6.000  31.0 90.000      847     2095      854     2102      7      7       847      2095       853      2095       853      2101       847      2101       822      2070       879      2127 PARcau 8.953290e-01 7.588366e-02 0.028787
    37   1       1296       1331  9.000  25.000 177.5 90.000     1284     1327     1310     1337     26     10      1284      1327      1309      1327      1309      1336      1284      1336      1259      1302      1335      1362 PARcau 2.789182e-02 1.147599e-02 0.960632
    38   0        848       2102  5.657   6.403  29.5 45.000      846     2099      853     2106      7      7       844      2102       849      2098       853      2102       848      2106       821      2074       878      2131 PARcau 8.792681e-01 6.092922e-02 0.059803
    38   1       1283       1329  9.000  25.000 183.5 90.000     1271     1325     1297     1335     26     10      1271      1325      1296      1325      1296      1334      1271      1334      1246      1300      1322      1360 PARcau 8.281379e-03 1.549845e-03 0.990169
    39   0        845       2104  6.000   7.000  30.5 90.000      842     2102      850     2109      8      7       842      2102       849      2102       849      2108       842      2108       817      2077       875      2134 PARcau 6.646882e-01 1.422453e-01 0.193067
    39   1       1270       1329  9.000  26.000 189.0 90.000     1258     1325     1285     1335     27     10      1258      1325      1284      1325      1284      1334      1258      1334      1233      1300      1310      1360 PARcau 5.844486e-02 5.972630e-04 0.940958
    40   0        840       2105  5.657   5.657  26.0 45.000      838     2103      845     2110      7      7       841      2102       845      2106       841      2110       837      2106       813      2078       870      2135 PARcau 8.289606e-01 1.529049e-01 0.018135
    40   1       1257       1329  9.000  27.000 190.5 90.000     1244     1325     1272     1335     28     10      1244      1325      1271      1325      1271      1334      1244      1334      1219      1300      1297      1360 PARcau 4.230889e-02 4.735954e-04 0.957218
    41   0        836       2107  6.000   6.000  28.5 90.000      834     2104      841     2111      7      7       834      2104       840      2104       840      2110       834      2110       809      2079       866      2136 PARcau 8.595902e-01 8.328871e-02 0.057121
    41   1       1244       1330  9.000  27.000 197.0 90.000     1231     1326     1259     1336     28     10      1231      1326      1258      1326      1258      1335      1231      1335      1206      1301      1284      1361 PARcau 4.403933e-01 6.049297e-02 0.499114
    42   0        835       2110  5.000   7.000  29.0 90.000      833     2107      839     2115      6      8       833      2107       838      2107       838      2114       833      2114       808      2082       864      2140 PARcau 9.441929e-01 1.160858e-03 0.054646
    42   1       1231       1330  9.000  27.000 192.0 90.000     1218     1326     1246     1336     28     10      1218      1326      1245      1326      1245      1335      1218      1335      1193      1301      1271      1361 PARcau 4.778308e-02 4.116040e-02 0.911056
    43   0        836       2115  6.000   6.000  31.0 90.000      833     2112      840     2119      7      7       833      2112       839      2112       839      2118       833      2118       808      2087       865      2144 PARcau 9.649113e-01 1.468281e-02 0.020406
    43   1       1218       1328  9.000  27.000 195.5 90.000     1205     1324     1233     1334     28     10      1205      1324      1232      1324      1232      1333      1205      1333      1180      1299      1258      1359 PARcau 4.061825e-01 5.763210e-02 0.536185
    44   0        836       2119  5.000   6.000  27.0 90.000      834     2117      840     2124      6      7       834      2117       839      2117       839      2123       834      2123       809      2092       865      2149 PARcau 3.357562e-01 5.877518e-01 0.076492
    44   1       1205       1327  9.000  28.000 191.0 90.000     1191     1323     1220     1333     29     10      1191      1323      1219      1323      1219      1332      1191      1332      1166      1298      1245      1358 PARcau 4.829579e-03 1.834003e-02 0.976830
    45   2       1070        816  4.924  27.115  53.5 23.962     1065      804     1075      830     10     26      1063       828      1073       803      1078       805      1067       830      1040       779      1100       855 PARcau 3.939549e-02 1.095866e-04 0.960495
    45   1       1191       1327  9.000  27.000 190.5 90.000     1179     1323     1207     1333     28     10      1179      1323      1206      1323      1206      1332      1179      1332      1154      1298      1232      1358 PARcau 1.125955e-01 3.684436e-02 0.850560
    46   0        830       2125  6.000   6.000  27.0 90.000      827     2123      834     2130      7      7       827      2123       833      2123       833      2129       827      2129       802      2098       859      2155 PARcau 5.567758e-01 1.858939e-01 0.257330
    46   1       1178       1327 10.000  27.000 205.5 90.000     1165     1323     1193     1334     28     11      1165      1323      1192      1323      1192      1333      1165      1333      1140      1298      1218      1359 PARcau 1.054507e-01 2.503589e-03 0.892046
    47   0        825       2125  5.000   7.000  29.0 90.000      822     2123      830     2129      8      6       822      2123       829      2123       829      2128       822      2128       797      2098       855      2154 PARcau 6.719159e-01 2.195648e-01 0.108519
    47   3       4024       2878  5.099  11.180  26.5 14.036     4018     2876     4031     2882     13      6      4019      2874      4030      2876      4029      2881      4018      2879      3993      2851      4056      2907 PARcau 1.437486e-01 8.366697e-03 0.847885
    47   1       1165       1327 10.000  27.000 209.0 90.000     1152     1323     1180     1334     28     11      1152      1323      1179      1323      1179      1333      1152      1333      1127      1298      1205      1359 PARcau 8.670580e-03 1.474420e-03 0.989855
    48   3       4026       2878  4.610  13.463  31.5 14.036     4019     2876     4033     2882     14      6      4019      2874      4032      2877      4031      2882      4018      2878      3994      2851      4058      2907 PARcau 4.957344e-02 2.355989e-03 0.948071
    48   0        821       2125  6.000   6.000  28.5 90.000      819     2123      826     2130      7      7       819      2123       825      2123       825      2129       819      2129       794      2098       851      2155 PARcau 2.811157e-01 5.972211e-01 0.121663
    48   1       1152       1326  9.000  27.000 196.0 90.000     1139     1322     1167     1332     28     10      1139      1322      1166      1322      1166      1331      1139      1331      1114      1297      1192      1357 PARcau 6.657324e-02 1.766375e-03 0.931660
    49   0        821       2126  6.000   6.000  30.0 90.000      818     2123      825     2130      7      7       818      2123       824      2123       824      2129       818      2129       793      2098       850      2155 PARcau 6.668113e-01 1.487889e-01 0.184400
    49   3       4027       2878  5.000  10.000  26.0 90.000     4022     2876     4033     2882     11      6      4022      2876      4032      2876      4032      2881      4022      2881      3997      2851      4058      2907 PARcau 9.427804e-03 5.929201e-04 0.989979
    49   1       1138       1324 10.050  28.284 198.5  7.125     1125     1319     1154     1330     29     11      1125      1317      1153      1321      1152      1331      1124      1327      1100      1294      1179      1355 PARcau 4.851387e-01 2.770423e-02 0.487157
    50   1       1125       1323  9.000  28.000 196.0 90.000     1111     1319     1140     1329     29     10      1111      1319      1139      1319      1139      1328      1111      1328      1086      1294      1165      1354 PARcau 1.170719e-02 2.847784e-03 0.985445
    51   1       1111       1323  9.000  27.000 188.5 90.000     1099     1319     1127     1329     28     10      1099      1319      1126      1319      1126      1328      1099      1328      1074      1294      1152      1354 PARcau 2.830900e-01 3.092954e-02 0.685980
    51   4       2526        428  6.364   6.364  32.0 45.000     2523      425     2531      432      8      7      2526       423      2531       427      2526       432      2522       427      2498       400      2556       457 PARcau 6.220146e-01 2.556189e-01 0.122367
    52   2       1070        822  7.616  20.248  88.0 19.654     1065      812     1077      833     12     21      1070       810      1077       813      1070       832      1063       829      1040       787      1102       858 PARcau 1.589993e-03 6.537815e-06 0.998403
    52   0        830       2134  5.657   6.403  27.5 45.000      828     2131      835     2138      7      7       826      2134       831      2130       835      2134       830      2138       803      2106       860      2163 PARcau 2.003851e-01 7.363657e-01 0.063249
    52   1       1098       1323 10.000  27.000 203.0 90.000     1085     1319     1113     1330     28     11      1085      1319      1112      1319      1112      1329      1085      1329      1060      1294      1138      1355 PARcau 5.947295e-01 2.813097e-03 0.402457
    53   0        829       2134  5.657   6.403  27.5 45.000      826     2131      834     2138      8      7       825      2134       830      2130       834      2134       829      2138       801      2106       859      2163 PARcau 6.639051e-01 2.693033e-01 0.066792
    53   1       1085       1322  9.000  27.000 186.5 90.000     1073     1318     1101     1328     28     10      1073      1318      1100      1318      1100      1327      1073      1327      1048      1293      1126      1353 PARcau 4.047403e-01 1.031519e-03 0.594228
    54   2       1071        823  5.852  20.081  47.0 19.654     1067      813     1077      833     10     20      1065       830      1071       811      1077       813      1070       832      1042       788      1102       858 PARcau 8.817526e-03 8.446893e-05 0.991098
    54   1       1071       1320  9.055  26.306 186.5  8.130     1059     1316     1086     1327     27     11      1059      1314      1085      1318      1084      1327      1058      1323      1034      1291      1111      1352 PARcau 9.068488e-02 7.631196e-03 0.901684
    55   3       4036       2876  6.000   9.000  36.5 90.000     4031     2874     4041     2881     10      7      4031      2874      4040      2874      4040      2880      4031      2880      4006      2849      4066      2906 PARcau 9.475756e-03 8.246886e-04 0.989700
    55   1       1058       1319 10.000  26.000 194.5 90.000     1046     1314     1073     1325     27     11      1046      1314      1072      1314      1072      1324      1046      1324      1021      1289      1098      1350 PARcau 3.087154e-06 5.044373e-07 0.999996
    56   3       4038       2877  7.000  11.000  55.5 90.000     4032     2874     4044     2882     12      8      4032      2874      4043      2874      4043      2881      4032      2881      4007      2849      4069      2907 PARcau 2.702555e-04 1.873787e-05 0.999711
    56   1       1046       1319  9.000  27.000 194.5 90.000     1033     1315     1061     1325     28     10      1033      1315      1060      1315      1060      1324      1033      1324      1008      1290      1086      1350 PARcau 1.447705e-02 2.204910e-04 0.985302
    57   3       4039       2877  8.000  11.000  73.0 90.000     4034     2874     4046     2883     12      9      4034      2874      4045      2874      4045      2882      4034      2882      4009      2849      4071      2908 PARcau 6.801264e-06 1.632697e-06 0.999992
    57   1       1032       1320  9.000  29.000 211.0 90.000     1018     1316     1048     1326     30     10      1018      1316      1047      1316      1047      1325      1018      1325       993      1291      1073      1351 PARcau 2.068144e-03 1.019132e-04 0.997830
    58   3       4040       2877  9.000  11.000  77.0 90.000     4035     2873     4047     2883     12     10      4035      2873      4046      2873      4046      2882      4035      2882      4010      2848      4072      2908 PARcau 7.097017e-04 3.581907e-05 0.999254
    58   0        811       2139  6.000   6.000  30.0 90.000      809     2136      816     2143      7      7       809      2136       815      2136       815      2142       809      2142       784      2111       841      2168 PARcau 5.511666e-01 2.505894e-02 0.423775
    58   1       1019       1319 10.000  27.000 212.0 90.000     1006     1315     1034     1326     28     11      1006      1315      1033      1315      1033      1325      1006      1325       981      1290      1059      1351 PARcau 2.159494e-02 2.534089e-02 0.953064
    59   3       4041       2876  7.616  13.000  71.0 69.444     4035     2872     4049     2882     14     10      4034      2875      4046      2870      4049      2877      4037      2882      4010      2847      4074      2907 PARcau 1.835852e-02 7.095851e-04 0.980932
    59   0        808       2143  5.657   6.403  31.5 45.000      806     2140      813     2148      7      8       804      2143       809      2139       813      2143       808      2147       781      2115       838      2173 PARcau 3.297223e-01 3.494670e-01 0.320811
    59   1       1007       1318 10.050  29.275 207.0  8.130      993     1313     1023     1325     30     12       993      1311      1022      1315      1021      1325       992      1321       968      1288      1048      1350 PARcau 4.738990e-06 7.806146e-06 0.999987
    60   3       4042       2875  8.078  13.200  64.0 66.801     4035     2872     4050     2881     15      9      4035      2875      4047      2869      4050      2877      4038      2882      4010      2847      4075      2906 PARcau 2.611784e-04 4.925764e-05 0.999690
    60   0        804       2146  5.657   6.403  29.5 45.000      802     2143      809     2150      7      7       800      2146       805      2142       809      2146       804      2150       777      2118       834      2175 PARcau 8.720052e-01 4.039701e-02 0.087598
    60   1        993       1316  9.000  27.000 196.5 90.000      980     1312     1008     1322     28     10       980      1312      1007      1312      1007      1321       980      1321       955      1287      1033      1347 PARcau 8.388754e-04 7.092576e-06 0.999154
    61   3       4043       2875  7.000  12.000  52.0 90.000     4037     2872     4050     2880     13      8      4037      2872      4049      2872      4049      2879      4037      2879      4012      2847      4075      2905 PARcau 3.222602e-02 1.926208e-03 0.965848
    61   0        799       2146  6.000   6.000  28.0 90.000      796     2144      803     2151      7      7       796      2144       802      2144       802      2150       796      2150       771      2119       828      2176 PARcau 9.191642e-01 4.109955e-02 0.039736
    61   1        980       1316 10.000  26.000 199.0 90.000      968     1311      995     1322     27     11       968      1311       994      1311       994      1321       968      1321       943      1286      1020      1347 PARcau 8.193190e-02 2.257945e-03 0.915810
    62   3       4043       2874  6.576  12.093  33.0  6.340     4037     2871     4050     2879     13      8      4037      2870      4049      2871      4048      2878      4036      2876      4012      2846      4075      2904 PARcau 9.784996e-03 6.909872e-04 0.989524
    62   0        794       2146  6.000   6.000  31.0 90.000      791     2143      798     2150      7      7       791      2143       797      2143       797      2149       791      2149       766      2118       823      2175 PARcau 9.173822e-01 1.310711e-02 0.069511
    62   1        967       1316  9.000  27.000 195.0 90.000      954     1312      982     1322     28     10       954      1312       981      1312       981      1321       954      1321       929      1287      1007      1347 PARcau 4.372153e-03 4.843279e-04 0.995144
    63   3       4044       2874  6.083   9.220  31.0 14.036     4040     2872     4050     2879     10      7      4040      2870      4049      2872      4048      2878      4039      2876      4015      2847      4075      2904 PARcau 1.444198e-05 1.399515e-06 0.999984
    63   0        790       2146  6.364   6.364  31.0 45.000      787     2143      795     2150      8      7       790      2141       795      2146       790      2150       786      2146       762      2118       820      2175 PARcau 9.840298e-01 7.554141e-03 0.008416
    63   1        954       1316  9.000  27.000 197.0 90.000      941     1312      969     1322     28     10       941      1312       968      1312       968      1321       941      1321       916      1287       994      1347 PARcau 8.317164e-02 8.989362e-03 0.907839
    64   3       4043       2874  6.083   9.220  26.5 14.036     4040     2872     4050     2879     10      7      4040      2870      4049      2872      4048      2878      4039      2876      4015      2847      4075      2904 PARcau 1.167132e-04 1.273321e-05 0.999871
    64   0        788       2147  5.000   6.000  26.5 90.000      786     2145      792     2152      6      7       786      2145       791      2145       791      2151       786      2151       761      2120       817      2177 PARcau 8.885533e-01 6.781016e-02 0.043637
    64   1        940       1315 10.000  27.000 201.0 90.000      927     1310      955     1321     28     11       927      1310       954      1310       954      1320       927      1320       902      1285       980      1346 PARcau 4.252925e-06 2.379635e-06 0.999993
    65   0        788       2152  5.000   7.000  28.5 90.000      786     2149      792     2157      6      8       786      2149       791      2149       791      2156       786      2156       761      2124       817      2182 PARcau 7.325524e-01 2.385192e-01 0.028928
    65   1        927       1313 10.000  27.000 204.0 90.000      914     1308      942     1319     28     11       914      1308       941      1308       941      1318       914      1318       889      1283       967      1344 PARcau 2.191793e-03 2.021869e-03 0.995786
    66   0        790       2156  6.325   6.708  29.5 26.565      787     2153      794     2161      7      8       788      2152       794      2155       792      2161       786      2158       762      2128       819      2186 PARcau 9.114708e-01 4.517880e-02 0.043350
    66   1        914       1312  9.000  27.000 203.0 90.000      901     1308      929     1318     28     10       901      1308       928      1308       928      1317       901      1317       876      1283       954      1343 PARcau 6.539253e-03 4.366028e-04 0.993024
    67   0        791       2158  6.000   6.000  29.0 90.000      788     2155      795     2162      7      7       788      2155       794      2155       794      2161       788      2161       763      2130       820      2187 PARcau 8.817989e-01 6.976502e-02 0.048436
    67   1        900       1312  9.000  26.000 195.5 90.000      888     1308      915     1318     27     10       888      1308       914      1308       914      1317       888      1317       863      1283       940      1343 PARcau 3.606754e-01 1.068159e-03 0.638256
    68   1        888       1313  9.000  29.000 201.5 90.000      874     1309      904     1319     30     10       874      1309       903      1309       903      1318       874      1318       849      1284       929      1344 PARcau 2.363958e-03 5.428358e-05 0.997582
    69   1        875       1312  9.000  27.000 195.5 90.000      862     1308      890     1318     28     10       862      1308       889      1308       889      1317       862      1317       837      1283       915      1343 PARcau 2.530697e-03 5.395439e-05 0.997415
    70   1        861       1310 10.000  28.000 201.5 90.000      848     1305      877     1316     29     11       848      1305       876      1305       876      1315       848      1315       823      1280       902      1341 PARcau 1.478485e-04 2.864624e-05 0.999824
    71   3       4059       2874  4.472   9.849  32.0 23.199     4054     2872     4065     2879     11      7      4055      2870      4064      2874      4062      2878      4053      2874      4029      2847      4090      2904 PARcau 8.080421e-04 5.092698e-05 0.999141
    71   1        848       1309 10.000  28.000 205.5 90.000      835     1304      864     1315     29     11       835      1304       863      1304       863      1314       835      1314       810      1279       889      1340 PARcau 2.953001e-02 3.883468e-03 0.966587
    72   3       4059       2874  4.472   8.944  29.0 26.565     4055     2872     4065     2879     10      7      4056      2870      4064      2874      4062      2878      4054      2874      4030      2847      4090      2904 PARcau 1.874141e-02 2.668540e-04 0.980992
    72   1        835       1309  9.000  27.000 187.5 90.000      822     1305      850     1315     28     10       822      1305       849      1305       849      1314       822      1314       797      1280       875      1340 PARcau 5.550756e-03 9.346151e-05 0.994356
    72   0        781       2141  6.000   6.000  27.5 90.000      778     2139      785     2146      7      7       778      2139       784      2139       784      2145       778      2145       753      2114       810      2171 PARcau 7.144272e-01 2.314434e-01 0.054129
    73   0        776       2142  6.000   6.000  27.5  0.000      773     2139      780     2146      7      7       773      2139       779      2139       779      2145       773      2145       748      2114       805      2171 PARcau 9.275115e-01 4.767832e-02 0.024810
    73   1        822       1309  9.000  28.000 205.0 90.000      808     1305      837     1315     29     10       808      1305       836      1305       836      1314       808      1314       783      1280       862      1340 PARcau 2.447367e-01 4.020362e-03 0.751243
    74   0        772       2144  6.000   6.000  29.0 90.000      770     2142      777     2149      7      7       770      2142       776      2142       776      2148       770      2148       745      2117       802      2174 PARcau 1.720775e-01 7.476560e-01 0.080267
    74   1        808       1309  9.000  26.000 189.0 90.000      796     1305      823     1315     27     10       796      1305       822      1305       822      1314       796      1314       771      1280       848      1340 PARcau 4.642793e-05 3.153946e-05 0.999922
    75   1        794       1307  9.000  27.000 186.0 90.000      781     1303      809     1313     28     10       781      1303       808      1303       808      1312       781      1312       756      1278       834      1338 PARcau 3.477429e-04 1.252984e-05 0.999640
    76   1        781       1306  9.000  27.000 177.0 90.000      768     1302      796     1312     28     10       768      1302       795      1302       795      1311       768      1311       743      1277       821      1337 PARcau 1.249477e-04 3.495105e-05 0.999840
    77   1        768       1305  9.000  25.000 171.0  0.000      756     1301      782     1311     26     10       756      1301       781      1301       781      1310       756      1310       731      1276       807      1336 PARcau 1.427589e-02 1.687802e-04 0.985555
    78   1        755       1305  9.000  27.000 184.0 90.000      742     1301      770     1311     28     10       742      1301       769      1301       769      1310       742      1310       717      1276       795      1336 PARcau 2.266085e-03 2.614894e-04 0.997472
    79   1        742       1305  8.000  25.000 173.5 90.000      730     1302      756     1311     26      9       730      1302       755      1302       755      1310       730      1310       705      1277       781      1336 PARcau 1.930440e-04 2.084583e-05 0.999786
    80   1        729       1304  9.000  25.000 179.0 90.000      717     1300      743     1310     26     10       717      1300       742      1300       742      1309       717      1309       692      1275       768      1335 PARcau 6.690421e-02 1.824526e-03 0.931271
    81   0        774       2128  5.657   5.657  28.0 45.000      771     2125      778     2132      7      7       774      2124       778      2128       774      2132       770      2128       746      2100       803      2157 PARcau 9.944381e-01 2.002548e-03 0.003559
    81   1        716       1302  9.000  25.000 170.5 90.000      704     1298      730     1308     26     10       704      1298       729      1298       729      1307       704      1307       679      1273       755      1333 PARcau 1.258743e-04 2.370304e-06 0.999872
    82   0        775       2124  5.000   6.000  25.5 90.000      773     2122      780     2128      7      6       773      2122       779      2122       779      2127       773      2127       748      2097       805      2153 PARcau 6.557710e-01 2.188762e-01 0.125353
    82   1        703       1300  9.000  25.000 171.0 90.000      691     1296      717     1306     26     10       691      1296       716      1296       716      1305       691      1305       666      1271       742      1331 PARcau 9.679005e-03 3.310876e-04 0.989990
    83   0        779       2120  5.657   7.071  29.0 45.000      777     2117      784     2125      7      8       775      2121       780      2116       784      2120       779      2125       752      2092       809      2150 PARcau 6.693053e-01 6.755120e-03 0.323940
    83   1        689       1300  9.000  24.000 170.0 90.000      678     1296      703     1306     25     10       678      1296       702      1296       702      1305       678      1305       653      1271       728      1331 PARcau 2.109749e-03 8.161572e-05 0.997809
    84   1        678       1300  9.000  26.000 172.0 90.000      665     1296      692     1306     27     10       665      1296       691      1296       691      1305       665      1305       640      1271       717      1331 PARcau 3.628296e-02 3.887286e-04 0.963328
    85   1        665       1299  8.559  26.387 170.5  9.462      652     1295      679     1305     27     10       652      1292       678      1297       677      1305       651      1301       627      1270       704      1330 PARcau 1.924211e-03 6.594900e-05 0.998010
    86   1        651       1297  8.559  23.265 146.5  9.462      640     1293      664     1303     24     10       640      1291       663      1294       662      1303       639      1299       615      1268       689      1328 PARcau 1.126826e-03 2.005045e-05 0.998853
    87   1        638       1295  9.055  24.331 147.0  9.462      627     1291      652     1301     25     10       627      1289       651      1293       650      1302       626      1298       602      1266       677      1326 PARcau 9.860723e-05 2.803555e-05 0.999873
    88   1        625       1295  7.000  22.000 138.5 90.000      615     1292      638     1300     23      8       615      1292       637      1292       637      1299       615      1299       590      1267       663      1325 PARcau 9.750681e-04 4.228111e-04 0.998602
    89   1        612       1295  8.000  22.000 142.0 90.000      602     1292      625     1301     23      9       602      1292       624      1292       624      1300       602      1300       577      1267       650      1326 PARcau 1.191326e-03 3.181068e-04 0.998491
    90   1        600       1295  7.000  23.000 132.5 90.000      589     1292      613     1300     24      8       589      1292       612      1292       612      1299       589      1299       564      1267       638      1325 PARcau 3.502431e-03 2.001454e-05 0.996478
    91   1        585       1293  9.055  21.213 137.5  9.462      576     1289      598     1299     22     10       576      1287       597      1290       596      1299       575      1296       551      1264       623      1324 PARcau 5.571183e-04 2.823703e-05 0.999415
    92   1        573       1291  8.559  22.277 141.0  8.130      562     1287      585     1297     23     10       562      1285       584      1289       583      1297       561      1294       537      1262       610      1322 PARcau 8.897947e-05 5.841827e-06 0.999905
    93   1        560       1290  8.000  23.000 132.0 90.000      549     1287      573     1296     24      9       549      1287       572      1287       572      1295       549      1295       524      1262       598      1321 PARcau 1.788100e-02 4.846107e-04 0.981634
    94   1        547       1291  8.000  22.000 141.0 90.000      536     1287      559     1296     23      9       536      1287       558      1287       558      1295       536      1295       511      1262       584      1321 PARcau 1.087529e-02 3.739151e-03 0.985386
    95   1        534       1291  8.000  22.000 129.5 90.000      523     1287      546     1296     23      9       523      1287       545      1287       545      1295       523      1295       498      1262       571      1321 PARcau 4.563803e-03 5.478175e-04 0.994888
    96   1        521       1290  8.000  23.000 145.0 90.000      510     1286      534     1295     24      9       510      1286       533      1286       533      1294       510      1294       485      1261       559      1320 PARcau 1.015927e-03 1.008269e-04 0.998883
    97   1        507       1288  8.000  23.000 141.0 90.000      496     1284      520     1293     24      9       496      1284       519      1284       519      1292       496      1292       471      1259       545      1318 PARcau 4.577027e-04 1.331229e-04 0.999409
    98   1        494       1286  8.000  22.000 130.5 90.000      484     1283      507     1292     23      9       484      1283       506      1283       506      1291       484      1291       459      1258       532      1317 PARcau 2.524609e-01 1.667878e-03 0.745871
    99   1        481       1286  8.000  22.000 138.5 90.000      470     1283      493     1292     23      9       470      1283       492      1283       492      1291       470      1291       445      1258       518      1317 PARcau 5.671761e-03 7.858439e-04 0.993542
   100   1        467       1287  8.000  23.000 142.5 90.000      457     1283      481     1292     24      9       457      1283       480      1283       480      1291       457      1291       432      1258       506      1317 PARcau 8.409184e-04 1.269833e-04 0.999032
   101   1        454       1286  8.000  22.000 142.0 90.000      444     1282      467     1291     23      9       444      1282       466      1282       466      1290       444      1290       419      1257       492      1316 PARcau 1.966606e-01 2.989558e-04 0.803040
   102   1        441       1284  8.559  23.436 148.5 11.310      430     1280      454     1290     24     10       430      1277       453      1282       452      1290       429      1286       405      1255       479      1315 PARcau 1.320499e-05 7.008008e-06 0.999980
   103   1        429       1282  9.000  23.000 158.0 90.000      418     1278      442     1288     24     10       418      1278       441      1278       441      1287       418      1287       393      1253       467      1313 PARcau 2.333138e-03 5.677222e-05 0.997610
   104   1        417       1282  8.000  21.000 140.0 90.000      407     1278      429     1287     22      9       407      1278       428      1278       428      1286       407      1286       382      1253       454      1312 PARcau 4.038118e-05 8.500324e-07 0.999959
   105   1        403       1282  7.000  24.000 140.5 90.000      392     1279      417     1287     25      8       392      1279       416      1279       416      1286       392      1286       367      1254       442      1312 PARcau 2.759648e-06 1.512724e-07 0.999997
   106   1        391       1282  8.000  22.000 146.0 90.000      380     1279      403     1288     23      9       380      1279       402      1279       402      1287       380      1287       355      1254       428      1313 PARcau 1.496486e-05 1.596689e-07 0.999985
   107   2       1072        828  5.385  14.318  41.0 26.565     1069      821     1078      835      9     14      1067       832      1073       819      1078       821      1072       834      1044       796      1103       860 PARcau 1.490911e-02 1.760347e-04 0.984915
   107   1        378       1281  9.000  24.000 162.5 90.000      366     1277      391     1287     25     10       366      1277       390      1277       390      1286       366      1286       341      1252       416      1312 PARcau 2.287187e-03 5.014383e-03 0.992698
   108   2       1072        827  6.325  16.763  60.5 17.103     1069      820     1079      837     10     17      1072       818      1078       820      1073       836      1067       834      1044       795      1104       862 PARcau 2.171576e-03 8.424869e-06 0.997820
   108   1        365       1279 10.050  24.331 170.5  9.462      353     1274      378     1285     25     11       353      1272       377      1276       376      1286       352      1282       328      1249       403      1310 PARcau 1.322224e-03 4.427894e-04 0.998235
   109   2       1072        828  6.801  16.621  65.5 14.931     1069      820     1079      837     10     17      1071       818      1078       820      1073       836      1067       834      1044       795      1104       862 PARcau 8.489465e-03 3.594871e-05 0.991475
   109   1        352       1278  9.000  25.000 184.0 90.000      340     1274      366     1284     26     10       340      1274       365      1274       365      1283       340      1283       315      1249       391      1309 PARcau 1.003474e-02 1.143579e-03 0.988822
   110   2       1072        828  6.185  15.788  39.0 11.310     1069      821     1077      837      8     16      1070       819      1076       821      1073       836      1067       835      1044       796      1102       862 PARcau 9.248830e-03 1.123585e-05 0.990740
   110   1        340       1279 10.000  24.000 185.0 90.000      328     1274      353     1285     25     11       328      1274       352      1274       352      1284       328      1284       303      1249       378      1310 PARcau 4.551662e-02 7.207194e-03 0.947276
   111   2       1072        829  4.472  13.601  32.5 18.435     1070      823     1077      837      7     14      1072       821      1076       823      1072       836      1068       834      1045       798      1102       862 PARcau 1.192011e-03 1.264440e-06 0.998807
   111   1        327       1278 10.000  26.000 203.5 90.000      314     1274      341     1285     27     11       314      1274       340      1274       340      1284       314      1284       289      1249       366      1310 PARcau 2.818018e-03 3.573961e-05 0.997146
   112   1        314       1277 10.050  26.306 210.0  8.130      302     1272      329     1284     27     12       302      1270       328      1274       327      1284       301      1280       277      1247       354      1309 PARcau 1.448135e-02 4.313604e-04 0.985087
   113   1        302       1275 10.607  26.879 211.5  9.462      289     1270      317     1282     28     12       289      1268       316      1272       314      1283       288      1278       264      1245       342      1307 PARcau 1.678030e-03 6.267415e-08 0.998322
   114   1        289       1274 10.000  27.000 214.5 90.000      277     1269      305     1280     28     11       277      1269       304      1269       304      1279       277      1279       252      1244       330      1305 PARcau 1.633425e-05 1.438771e-07 0.999984
   115   1        278       1274 10.000  26.000 213.0 90.000      265     1269      292     1280     27     11       265      1269       291      1269       291      1279       265      1279       240      1244       317      1305 PARcau 3.204922e-03 6.890811e-04 0.996106
   116   1        269       1274 11.281  21.101 165.5 14.036      259     1269      281     1281     22     12       260      1266       280      1271       278      1282       257      1277       234      1244       306      1306 PARcau 5.783240e-05 4.081750e-07 0.999942
   116   3       4059       2845  6.000   6.000  26.5 90.000     4056     2842     4063     2849      7      7      4056      2842      4062      2842      4062      2848      4056      2848      4031      2817      4088      2874 PARcau 1.560751e-04 5.213636e-07 0.999843
   117   3       4059       2844  6.000   8.000  37.5 90.000     4056     2840     4063     2849      7      9      4056      2840      4062      2840      4062      2848      4056      2848      4031      2815      4088      2874 PARcau 1.604179e-02 1.938870e-04 0.983764
   117   1        253       1274 10.000  24.000 161.0 90.000      243     1269      268     1280     25     11       243      1269       267      1269       267      1279       243      1279       218      1244       293      1305 PARcau 8.595614e-05 1.028943e-08 0.999914
   117   0        760       2091  5.000   6.000  27.0 90.000      758     2088      764     2095      6      7       758      2088       763      2088       763      2094       758      2094       733      2063       789      2120 PARcau 9.057786e-01 2.659959e-02 0.067622
   118   3       4059       2842  7.000   9.000  47.5 90.000     4056     2838     4064     2848      8     10      4056      2838      4063      2838      4063      2847      4056      2847      4031      2813      4089      2873 PARcau 8.703993e-03 1.522574e-04 0.991144
   118   0        756       2086  5.000   6.000  25.5 90.000      754     2084      760     2091      6      7       754      2084       759      2084       759      2090       754      2090       729      2059       785      2116 PARcau 9.114532e-01 2.635738e-02 0.062189
   118   1        248       1273  9.000  13.000  91.0 90.000      242     1269      256     1279     14     10       242      1269       255      1269       255      1278       242      1278       217      1244       281      1304 PARcau 8.569451e-04 4.249498e-08 0.999143
   119   3       4059       2840  7.000  12.000  67.5 90.000     4056     2835     4064     2848      8     13      4056      2835      4063      2835      4063      2847      4056      2847      4031      2810      4089      2873 PARcau 3.053632e-03 1.419774e-03 0.995527
   119   0        751       2086  5.385   6.708  29.0 63.435      748     2083      756     2090      8      7       747      2085       753      2082       755      2087       749      2090       723      2058       781      2115 PARcau 7.810177e-01 8.455855e-03 0.210527
   120   3       4059       2839  7.433  14.396  75.5 18.435     4055     2833     4065     2847     10     14      4058      2831      4065      2834      4060      2847      4053      2845      4030      2808      4090      2872 PARcau 1.091548e-05 3.671855e-06 0.999985
   120   0        746       2088  6.000   6.000  29.0 90.000      744     2085      751     2092      7      7       744      2085       750      2085       750      2091       744      2091       719      2060       776      2117 PARcau 8.711836e-01 1.078866e-01 0.020930
   121   0        747       2088  5.000   6.000  26.5 90.000      744     2086      751     2092      7      6       744      2086       750      2086       750      2091       744      2091       719      2061       776      2117 PARcau 8.533492e-01 1.126607e-01 0.033990
   121   3       4059       2837  7.433  14.773  89.5 21.801     4055     2831     4066     2846     11     15      4059      2829      4066      2831      4060      2845      4053      2842      4030      2806      4091      2871 PARcau 8.717616e-02 2.593679e-04 0.912564
   122   3       4060       2836  8.746  16.508  88.5 33.690     4056     2829     4067     2846     11     17      4051      2841      4061      2827      4068      2832      4059      2845      4031      2804      4092      2871 PARcau 4.218325e-02 5.742285e-04 0.957242
   123   3       4060       2834  8.944  16.553  93.5 26.565     4055     2828     4067     2843     12     15      4060      2825      4068      2829      4061      2844      4053      2840      4030      2803      4092      2868 PARcau 6.399994e-02 8.341114e-04 0.935166
   124   3       4060       2833  8.515  14.916  89.5 39.806     4055     2827     4067     2842     12     15      4052      2837      4062      2825      4068      2831      4059      2842      4030      2802      4092      2867 PARcau 3.447543e-01 4.303553e-04 0.654815
   125   3       4060       2832  8.201  14.534  72.5 39.806     4055     2827     4067     2841     12     14      4052      2836      4062      2825      4068      2830      4059      2841      4030      2802      4092      2866 PARcau 3.214337e-04 4.169940e-06 0.999674
   126   3       4060       2832  7.106  11.336  49.0 39.806     4055     2827     4066     2839     11     12      4054      2834      4062      2825      4067      2830      4060      2838      4030      2802      4091      2864 PARcau 3.061133e-03 3.416841e-05 0.996905
   127   3       4059       2832  5.657   8.485  28.0 45.000     4056     2828     4064     2837      8      9      4055      2834      4061      2828      4065      2832      4059      2838      4031      2803      4089      2862 PARcau 3.209465e-02 3.201170e-02 0.935894
   130   3       4052       2830  7.000  11.000  39.5  0.000     4049     2827     4061     2835     12      8      4049      2827      4060      2827      4060      2834      4049      2834      4024      2802      4086      2860 PARcau 4.539641e-01 1.533885e-02 0.530697
   130   2       1068        840  6.000  12.000  39.0 90.000     1065      834     1072      847      7     13      1065       834      1071       834      1071       846      1065       846      1040       809      1097       872 PARcau 9.288313e-06 1.228435e-09 0.999991
   131   2       1067        839  7.000  14.000  69.5 90.000     1064      832     1072      847      8     15      1064       832      1071       832      1071       846      1064       846      1039       807      1097       872 PARcau 1.044045e-03 8.518697e-07 0.998955
   131   3       4051       2830  8.485   8.485  56.0 45.000     4047     2827     4057     2836     10      9      4051      2824      4057      2830      4051      2836      4045      2830      4022      2802      4082      2861 PARcau 5.681597e-01 1.388305e-02 0.417957
   132   3       4050       2830  8.000  10.000  56.5  0.000     4046     2826     4057     2835     11      9      4046      2826      4056      2826      4056      2834      4046      2834      4021      2801      4082      2860 PARcau 3.604013e-01 3.422447e-02 0.605374
   133   3       4050       2830  8.000  10.000  55.0  0.000     4046     2826     4057     2835     11      9      4046      2826      4056      2826      4056      2834      4046      2834      4021      2801      4082      2860 PARcau 3.684501e-01 3.043143e-02 0.601118
   134   3       4050       2830  7.000  10.000  53.0 90.000     4046     2827     4057     2835     11      8      4046      2827      4056      2827      4056      2834      4046      2834      4021      2802      4082      2860 PARcau 2.892148e-01 7.561563e-02 0.635170
   135   3       4050       2829  7.649  10.794  48.0 14.036     4046     2826     4057     2835     11      9      4046      2825      4056      2827      4055      2835      4044      2832      4021      2801      4082      2860 PARcau 1.845022e-01 9.310054e-03 0.806188
   136   3       4050       2829  8.062   8.944  39.0 26.565     4046     2827     4057     2835     11      8      4048      2824      4056      2828      4052      2835      4044      2831      4021      2802      4082      2860 PARcau 3.210766e-01 9.735430e-03 0.669188
   139   2       1065        838  8.139  16.771  57.0 81.254     1062      829     1072      847     10     18      1060       830      1068       828      1071       845      1063       846      1037       804      1097       872 PARcau 3.192218e-04 1.745982e-05 0.999663
   139   3       4042       2826  6.042   7.382  33.0 63.435     4039     2823     4047     2831      8      8      4038      2825      4043      2822      4047      2829      4041      2831      4014      2798      4072      2856 PARcau 1.780720e-02 5.762898e-03 0.976430
   140   3       4041       2826  8.000   9.000  51.0 90.000     4037     2822     4046     2832      9     10      4037      2822      4045      2822      4045      2831      4037      2831      4012      2797      4071      2857 PARcau 1.280007e-02 5.950587e-04 0.986605
   141   3       4039       2825  7.778  13.435  72.5 45.000     4035     2820     4046     2832     11     12      4038      2818      4047      2827      4042      2833      4032      2823      4010      2795      4071      2857 PARcau 2.884678e-01 2.082995e-03 0.709449
   142   3       4038       2824  8.485  12.728  87.5 45.000     4033     2818     4045     2831     12     13      4037      2817      4046      2826      4040      2832      4031      2823      4008      2793      4070      2856 PARcau 1.698818e-02 1.042829e-03 0.981969
   143   3       4037       2823  8.485  14.142  89.0 45.000     4032     2817     4044     2831     12     14      4035      2815      4045      2825      4039      2831      4029      2821      4007      2792      4069      2856 PARcau 6.342477e-02 2.571850e-03 0.934003
   144   3       4036       2822  8.485  14.142  86.5 45.000     4030     2816     4043     2830     13     14      4034      2814      4044      2824      4038      2830      4028      2820      4005      2791      4068      2855 PARcau 2.289412e-01 8.118284e-03 0.762941
   145   3       4034       2820  8.485  14.142  86.5 45.000     4029     2814     4041     2828     12     14      4032      2812      4042      2822      4036      2828      4026      2818      4004      2789      4066      2853 PARcau 3.412431e-01 7.465861e-04 0.658010
   146   3       4032       2819  8.485  15.556  79.5 45.000     4028     2813     4040     2827     12     14      4030      2811      4041      2822      4035      2828      4024      2817      4003      2788      4065      2852 PARcau 7.710207e-01 2.461556e-03 0.226518
   146   2       1081        844  9.849  19.313 118.0 68.199     1073      838     1091      852     18     14      1070       843      1088       836      1092       845      1074       852      1048       813      1116       877 PARcau 4.951227e-05 1.300123e-07 0.999950
   147   3       4031       2818  8.485  15.556  93.5 45.000     4026     2812     4039     2827     13     15      4029      2810      4040      2821      4034      2827      4023      2816      4001      2787      4064      2852 PARcau 6.964570e-02 6.806842e-04 0.929674
   148   3       4030       2817  8.485  14.142  87.5 45.000     4025     2812     4038     2825     13     13      4028      2810      4038      2820      4032      2826      4022      2816      4000      2787      4063      2850 PARcau 1.233268e-01 1.643607e-04 0.876509
   148   0        788       2125  6.000   6.000  29.5 90.000      785     2123      792     2130      7      7       785      2123       791      2123       791      2129       785      2129       760      2098       817      2155 PARcau 8.613347e-01 1.093932e-01 0.029272
   149   3       4028       2816  8.944  13.416  79.0 63.435     4023     2811     4037     2824     14     13      4022      2813      4030      2809      4036      2821      4028      2825      3998      2786      4062      2849 PARcau 5.828376e-01 1.175019e-01 0.299661
   149   0        793       2126  5.000   6.000  25.5 90.000      790     2124      797     2130      7      6       790      2124       796      2124       796      2129       790      2129       765      2099       822      2155 PARcau 9.367017e-01 4.497343e-02 0.018325