 Frame  ID  CentroidX  CentroidY  Width  Length  Area  Angle  Box_TLX  Box_TLY  Box_BRX  Box_BRY  Box_W  Box_H  rBox_TLX  rBox_TLY  rBox_TRX  rBox_TRY  rBox_BRX  rBox_BRY  rBox_BLX  rBox_BLY  lBox_TLX  lBox_TLY  lBox_BRX  lBox_BRY  Label   DIDnas   NONpro   PARcau
    21   0       3501       1936 13.000  13.000 133.0 90.000     3495     1930     3509     1944     14     14      3495      1930      3508      1930      3508      1943      3495      1943      3470      1905      3534      1969 PARcau 0.302790 0.016184 0.681026
    21   1        335        781 12.728  19.799 187.5 45.000      328      774      345      791     17     17       333       770       347       784       338       793       324       779       303       749       370       816 PARcau 0.052151 0.077583 0.870266
    22   1        331        781 15.000  17.000 193.5 90.000      323      774      341      790     18     16       323       774       340       774       340       789       323       789       298       749       366       815 PARcau 0.160664 0.263317 0.576020
    22   0       3498       1943 11.000  14.000 126.0 90.000     3493     1936     3505     1951     12     15      3493      1936      3504      1936      3504      1950      3493      1950      3468      1911      3530      1976 PARcau 0.597943 0.286157 0.115901
    23   0       3496       1950 12.000  14.000 131.0 90.000     3491     1944     3504     1959     13     15      3491      1944      3503      1944      3503      1958      3491      1958      3466      1919      3529      1984 PARcau 0.842279 0.015015 0.142705
    24   0       3498       1958 11.000  14.000 121.5 90.000     3493     1951     3505     1966     12     15      3493      1951      3504      1951      3504      1965      3493      1965      3468      1926      3530      1991 PARcau 0.397836 0.116337 0.485827
    25   0       3499       1964 12.000  13.000 119.5 90.000     3494     1958     3507     1972     13     14      3494      1958      3506      1958      3506      1971      3494      1971      3469      1933      3532      1997 PARcau 0.581009 0.180558 0.238433
    26   0       3500       1968 12.000  12.000 113.5 90.000     3494     1962     3507     1975     13     13      3494      1962      3506      1962      3506      1974      3494      1974      3469      1937      3532      2000 PARcau 0.271206 0.253322 0.475472
    27   0       3496       1971 11.000  13.000 113.5 90.000     3490     1966     3504     1978     14     12      3490      1966      3503      1966      3503      1977      3490      1977      3465      1941      3529      2003 PARcau 0.655863 0.166029 0.178109
    28   0       3490       1974 11.000  13.000 122.5 90.000     3484     1969     3498     1981     14     12      3484      1969      3497      1969      3497      1980      3484      1980      3459      1944      3523      2006 PARcau 0.218529 0.034912 0.746559
    29   0       3483       1978 11.314  14.866 133.5 45.000     3476     1972     3492     1986     16     14      3474      1979      3485      1969      3493      1977      3482      1987      3451      1947      3517      2011 PARcau 0.496189 0.017868 0.485943
    30   0       3477       1983 11.314  14.866 128.5 45.000     3471     1977     3485     1992     14     15      3468      1985      3478      1974      3486      1982      3476      1993      3446      1952      3510      2017 PARcau 0.708563 0.017929 0.273508
    31   0       3473       1990 12.000  14.000 130.5 90.000     3467     1983     3480     1998     13     15      3467      1983      3479      1983      3479      1997      3467      1997      3442      1958      3505      2023 PARcau 0.403020 0.013138 0.583842
    32   0       3471       1998 11.000  15.000 132.0 90.000     3466     1991     3478     2007     12     16      3466      1991      3477      1991      3477      2006      3466      2006      3441      1966      3503      2032 PARcau 0.829028 0.052097 0.118874
    33   0       3471       2006 11.180  14.318 122.5 26.565     3466     1999     3478     2015     12     16      3469      1997      3479      2002      3473      2015      3463      2010      3441      1974      3503      2040 PARcau 0.716611 0.013891 0.269498
    34   0       3468       2013 12.000  13.000 124.5 90.000     3463     2007     3476     2021     13     14      3463      2007      3475      2007      3475      2020      3463      2020      3438      1982      3501      2046 PARcau 0.775051 0.044006 0.180943
    35   0       3463       2018 12.000  14.000 128.0 90.000     3457     2013     3472     2026     15     13      3457      2013      3471      2013      3471      2025      3457      2025      3432      1988      3497      2051 PARcau 0.864474 0.043616 0.091910
    36   0       3456       2022 11.000  15.000 128.0 90.000     3449     2017     3465     2029     16     12      3449      2017      3464      2017      3464      2028      3449      2028      3424      1992      3490      2054 PARcau 0.282959 0.028331 0.688710
    37   0       3449       2025 12.000  13.000 123.5 90.000     3443     2020     3457     2033     14     13      3443      2020      3456      2020      3456      2032      3443      2032      3418      1995      3482      2058 PARcau 0.301080 0.061435 0.637485
    38   0       3445       2030 12.000  13.000 123.5 90.000     3439     2024     3452     2038     13     14      3439      2024      3451      2024      3451      2037      3439      2037      3414      1999      3477      2063 PARcau 0.399225 0.085233 0.515542
    39   0       3442       2036 11.000  14.000 124.5 90.000     3437     2030     3449     2045     12     15      3437      2030      3448      2030      3448      2044      3437      2044      3412      2005      3474      2070 PARcau 0.241975 0.007786 0.750240
    40   0       3441       2044 10.000  15.000 125.0 90.000     3436     2037     3447     2053     11     16      3436      2037      3446      2037      3446      2052      3436      2052      3411      2012      3472      2078 PARcau 0.594659 0.002293 0.403048
    41   0       3438       2051 13.000  13.000 130.5 90.000     3432     2045     3446     2059     14     14      3432      2045      3445      2045      3445      2058      3432      2058      3407      2020      3471      2084 PARcau 0.831878 0.019831 0.148291
    42   0       3433       2056 11.180  14.318 125.5 63.435     3426     2050     3441     2063     15     13      3424      2054      3437      2048      3442      2058      3429      2064      3401      2025      3466      2088 PARcau 0.199042 0.304748 0.496211
    43   0       3425       2058 11.000  15.000 127.0 90.000     3418     2053     3434     2065     16     12      3418      2053      3433      2053      3433      2064      3418      2064      3393      2028      3459      2090 PARcau 0.041799 0.001765 0.956436
    44   0       3417       2058 10.000  15.000 122.5 90.000     3410     2054     3426     2065     16     11      3410      2054      3425      2054      3425      2064      3410      2064      3385      2029      3451      2090 PARcau 0.154306 0.023275 0.822419
    45   0       3409       2058 10.000  13.000 115.5 90.000     3403     2054     3417     2065     14     11      3403      2054      3416      2054      3416      2064      3403      2064      3378      2029      3442      2090 PARcau 0.504753 0.047618 0.447629
    46   0       3402       2058 11.000  14.000 120.0 90.000     3396     2053     3411     2065     15     12      3396      2053      3410      2053      3410      2064      3396      2064      3371      2028      3436      2090 PARcau 0.601827 0.030739 0.367434
    47   0       3397       2059 11.000  13.000 117.5 90.000     3391     2054     3405     2066     14     12      3391      2054      3404      2054      3404      2065      3391      2065      3366      2029      3430      2091 PARcau 0.588535 0.311593 0.099872
    48   0       3392       2062 12.000  13.000 123.5 90.000     3386     2057     3400     2070     14     13      3386      2057      3399      2057      3399      2069      3386      2069      3361      2032      3425      2095 PARcau 0.550204 0.043325 0.406471
    49   0       3387       2067 12.000  13.000 123.0 90.000     3381     2062     3395     2075     14     13      3381      2062      3394      2062      3394      2074      3381      2074      3356      2037      3420      2100 PARcau 0.667036 0.067816 0.265148
    50   0       3380       2073 12.021  14.849 134.0 45.000     3374     2067     3389     2081     15     14      3371      2074      3382      2064      3390      2072      3380      2083      3349      2042      3414      2106 PARcau 0.022242 0.001882 0.975877
    51   0       3373       2076 12.000  14.000 132.0 90.000     3367     2071     3382     2084     15     13      3367      2071      3381      2071      3381      2083      3367      2083      3342      2046      3407      2109 PARcau 0.931216 0.001650 0.067134
    52   0       3367       2078 11.000  14.000 124.5 90.000     3360     2073     3375     2085     15     12      3360      2073      3374      2073      3374      2084      3360      2084      3335      2048      3400      2110 PARcau 0.020973 0.009570 0.969457
    53   0       3360       2078 10.000  14.000 124.0 90.000     3353     2073     3368     2084     15     11      3353      2073      3367      2073      3367      2083      3353      2083      3328      2048      3393      2109 PARcau 0.035827 0.017708 0.946465
    54   0       3351       2077 10.000  15.000 124.0 90.000     3344     2073     3360     2084     16     11      3344      2073      3359      2073      3359      2083      3344      2083      3319      2048      3385      2109 PARcau 0.506602 0.009541 0.483857
    54   2        545        898  4.472   8.602  18.5 33.690      541      896      549      903      8      7       542       893       549       898       547       902       540       897       516       871       574       928 PARcau 0.156650 0.000549 0.842801
    55   2        545        898  4.031   7.826  16.5 30.964      541      896      549      902      8      6       542       894       549       897       547       901       540       897       516       871       574       927 PARcau 0.103980 0.004729 0.891291
    55   0       3343       2079 12.000  14.000 134.5 90.000     3337     2074     3352     2087     15     13      3337      2074      3351      2074      3351      2086      3337      2086      3312      2049      3377      2112 PARcau 0.153119 0.011408 0.835473
    56   2        544        897  4.717   7.632  15.5 30.964      540      895      548      902      8      7       542       893       548       897       546       901       539       897       515       870       573       927 PARcau 0.127658 0.003236 0.869106
    56   0       3337       2083 13.000  13.000 127.5 90.000     3331     2077     3345     2091     14     14      3331      2077      3344      2077      3344      2090      3331      2090      3306      2052      3370      2116 PARcau 0.609277 0.039933 0.350790
    57   2        544        896  5.000   8.602  23.5 33.690      540      894      549      902      9      8       542       892       549       897       546       901       539       896       515       869       574       927 PARcau 0.095642 0.003807 0.900550
    57   0       3332       2088 13.000  13.000 128.5 90.000     3326     2082     3340     2096     14     14      3326      2082      3339      2082      3339      2095      3326      2095      3301      2057      3365      2121 PARcau 0.377990 0.008527 0.613483
    58   2        544        896  4.472   8.602  23.5 33.690      540      894      548      902      8      8       541       892       548       897       546       901       539       896       515       869       573       927 PARcau 0.277214 0.109297 0.613489
    58   0       3325       2093 12.000  15.000 131.5 90.000     3318     2087     3334     2100     16     13      3318      2087      3333      2087      3333      2099      3318      2099      3293      2062      3359      2125 PARcau 0.097155 0.049070 0.853775
    59   2        543        896  4.272   8.078  19.5 21.801      540      894      548      900      8      6       540       892       548       895       546       899       539       896       515       869       573       925 PARcau 0.063109 0.014867 0.922024
    59   0       3318       2096 11.000  14.000 126.5 90.000     3311     2091     3326     2103     15     12      3311      2091      3325      2091      3325      2102      3311      2102      3286      2066      3351      2128 PARcau 0.938382 0.008054 0.053564
    60   2        543        896  4.272   8.078  18.0 21.801      540      894      548      900      8      6       540       892       547       895       546       899       538       896       515       869       573       925 PARcau 0.092714 0.223141 0.684145
    60   0       3310       2096 10.000  15.000 122.5 90.000     3303     2092     3319     2103     16     11      3303      2092      3318      2092      3318      2102      3303      2102      3278      2067      3344      2128 PARcau 0.087851 0.093901 0.818248
    61   0       3303       2096 11.000  14.000 126.5 90.000     3296     2091     3311     2103     15     12      3296      2091      3310      2091      3310      2102      3296      2102      3271      2066      3336      2128 PARcau 0.116947 0.350804 0.532249
    62   0       3296       2097 11.314  13.454 117.5 45.000     3290     2092     3305     2104     15     12      3288      2098      3297      2088      3305      2096      3296      2106      3265      2067      3330      2129 PARcau 0.257482 0.168457 0.574061
    63   0       3292       2100 12.000  12.000 118.5 90.000     3286     2095     3299     2108     13     13      3286      2095      3298      2095      3298      2107      3286      2107      3261      2070      3324      2133 PARcau 0.637609 0.119364 0.243028
    64   0       3289       2106 11.000  13.000 120.5 90.000     3284     2100     3296     2114     12     14      3284      2100      3295      2100      3295      2113      3284      2113      3259      2075      3321      2139 PARcau 0.464978 0.037449 0.497573
    65   0       3286       2114 12.000  13.000 123.5 90.000     3281     2108     3294     2122     13     14      3281      2108      3293      2108      3293      2121      3281      2121      3256      2083      3319      2147 PARcau 0.134910 0.000760 0.864329
    66   0       3283       2122 12.000  14.000 131.0 90.000     3277     2115     3290     2130     13     15      3277      2115      3289      2115      3289      2129      3277      2129      3252      2090      3315      2155 PARcau 0.175655 0.013175 0.811169
    67   0       3278       2128 11.314  14.866 130.5 45.000     3271     2122     3286     2136     15     14      3269      2129      3280      2119      3288      2127      3277      2137      3246      2097      3311      2161 PARcau 0.006010 0.000886 0.993104
    68   0       3271       2131 11.000  14.000 124.5 90.000     3264     2126     3279     2138     15     12      3264      2126      3278      2126      3278      2137      3264      2137      3239      2101      3304      2163 PARcau 0.187697 0.022638 0.789665
    69   0       3262       2132 11.000  15.000 125.5 90.000     3255     2127     3271     2139     16     12      3255      2127      3270      2127      3270      2138      3255      2138      3230      2102      3296      2164 PARcau 0.163720 0.042724 0.793556
    70   0       3254       2132 11.000  14.000 122.5 90.000     3248     2127     3263     2139     15     12      3248      2127      3262      2127      3262      2138      3248      2138      3223      2102      3288      2164 PARcau 0.481703 0.026505 0.491792
    71   0       3247       2130 10.000  14.000 117.5 90.000     3240     2126     3255     2137     15     11      3240      2126      3254      2126      3254      2136      3240      2136      3215      2101      3280      2162 PARcau 0.196820 0.014429 0.788751
    72   0       3242       2130 11.853  12.748 112.5 63.435     3236     2124     3250     2137     14     13      3233      2127      3245      2122      3250      2132      3239      2138      3211      2099      3275      2162 PARcau 0.597725 0.082360 0.319916
    73   0       3239       2131 12.000  12.000 112.5 90.000     3233     2126     3246     2139     13     13      3233      2126      3245      2126      3245      2138      3233      2138      3208      2101      3271      2164 PARcau 0.576194 0.322508 0.101299
    74   0       3238       2133 11.314  11.314  96.5 45.000     3232     2128     3245     2140     13     12      3238      2125      3246      2133      3238      2141      3230      2133      3207      2103      3270      2165 PARcau 0.837808 0.025331 0.136861
    75   0       3240       2134 11.314  11.314 107.5 45.000     3234     2129     3248     2142     14     13      3240      2127      3248      2135      3240      2143      3232      2135      3209      2104      3273      2167 PARcau 0.735638 0.082662 0.181700
    76   0       3242       2137 10.404  11.927  88.5 33.690     3237     2132     3250     2143     13     11      3240      2129      3250      2136      3244      2144      3234      2138      3212      2107      3275      2168 PARcau 0.592544 0.279021 0.128434
    77   0       3243       2139 11.314  11.314  99.0 45.000     3237     2134     3250     2146     13     12      3243      2132      3251      2140      3243      2148      3235      2140      3212      2109      3275      2171 PARcau 0.611537 0.059385 0.329078
    78   0       3242       2146 11.000  12.000 110.5 90.000     3237     2140     3249     2153     12     13      3237      2140      3248      2140      3248      2152      3237      2152      3212      2115      3274      2178 PARcau 0.164267 0.097427 0.738306
    79   0       3242       2152 12.000  12.000 117.0 90.000     3236     2146     3249     2159     13     13      3236      2146      3248      2146      3248      2158      3236      2158      3211      2121      3274      2184 PARcau 0.230546 0.238709 0.530746
    80   0       3241       2155 11.000  12.000 107.0 90.000     3236     2150     3248     2163     12     13      3236      2150      3247      2150      3247      2162      3236      2162      3211      2125      3273      2188 PARcau 0.560304 0.166591 0.273106
    81   0       3239       2158 11.705  12.649 113.0 71.565     3233     2152     3247     2165     14     13      3231      2154      3243      2150      3247      2161      3235      2165      3208      2127      3272      2190 PARcau 0.732041 0.024358 0.243600
    82   0       3234       2157 11.314  12.728 109.0 45.000     3227     2152     3242     2164     15     12      3234      2149      3243      2158      3235      2166      3226      2157      3202      2127      3267      2189 PARcau 0.501611 0.010515 0.487873
    83   0       3227       2156 11.000  14.000 117.0 90.000     3221     2151     3236     2163     15     12      3221      2151      3235      2151      3235      2162      3221      2162      3196      2126      3261      2188 PARcau 0.131043 0.005784 0.863173
    84   0       3220       2155 11.000  14.000 122.5 90.000     3213     2150     3228     2162     15     12      3213      2150      3227      2150      3227      2161      3213      2161      3188      2125      3253      2187 PARcau 0.082563 0.011660 0.905777
    85   0       3214       2157 12.021  13.435 127.0 45.000     3207     2152     3222     2165     15     13      3205      2158      3214      2148      3223      2157      3213      2166      3182      2127      3247      2190 PARcau 0.074367 0.007654 0.917979
    86   0       3210       2162 12.000  13.000 126.5 90.000     3204     2156     3217     2170     13     14      3204      2156      3216      2156      3216      2169      3204      2169      3179      2131      3242      2195 PARcau 0.161867 0.057913 0.780219
    87   0       3208       2169 11.000  14.000 126.0 90.000     3203     2162     3215     2177     12     15      3203      2162      3214      2162      3214      2176      3203      2176      3178      2137      3240      2202 PARcau 0.575722 0.018205 0.406073
    88   0       3209       2177 10.920  14.705 127.0 71.565     3204     2170     3217     2185     13     15      3202      2171      3212      2168      3217      2182      3206      2185      3179      2145      3242      2210 PARcau 0.748366 0.008675 0.242959
    89   0       3212       2184 11.630  14.534 126.5 63.435     3206     2177     3219     2192     13     15      3203      2180      3214      2175      3220      2188      3210      2193      3181      2152      3244      2217 PARcau 0.135387 0.093346 0.771267
    90   0       3214       2189 11.000  12.000 114.5 90.000     3209     2184     3221     2197     12     13      3209      2184      3220      2184      3220      2196      3209      2196      3184      2159      3246      2222 PARcau 0.826507 0.071897 0.101596
    91   0       3214       2193 11.000  13.000 111.0 90.000     3208     2188     3222     2200     14     12      3208      2188      3221      2188      3221      2199      3208      2199      3183      2163      3247      2225 PARcau 0.888704 0.056299 0.054997
    92   0       3211       2197 11.314  12.728 107.0 45.000     3205     2191     3218     2204     13     13      3202      2197      3211      2188      3219      2196      3210      2205      3180      2166      3243      2229 PARcau 0.769492 0.047740 0.182768
    93   0       3205       2199 12.000  13.000 120.0 90.000     3199     2194     3213     2207     14     13      3199      2194      3212      2194      3212      2206      3199      2206      3174      2169      3238      2232 PARcau 0.347477 0.030734 0.621790
    94   0       3199       2204 11.413  13.865 125.5 63.435     3192     2198     3207     2211     15     13      3190      2202      3202      2196      3208      2206      3195      2212      3167      2173      3232      2236 PARcau 0.006729 0.001170 0.992101
    95   0       3194       2210 11.314  14.866 127.5 45.000     3188     2204     3202     2218     14     14      3185      2211      3196      2201      3204      2209      3193      2219      3163      2179      3227      2243 PARcau 0.049768 0.008556 0.941676
    96   0       3193       2217 12.000  14.000 132.0 90.000     3187     2211     3200     2226     13     15      3187      2211      3199      2211      3199      2225      3187      2225      3162      2186      3225      2251 PARcau 0.041363 0.014605 0.944032
    97   0       3194       2224 11.705  13.601 127.5 71.565     3188     2218     3201     2233     13     15      3186      2220      3197      2216      3201      2229      3190      2233      3163      2193      3226      2258 PARcau 0.658392 0.065925 0.275683
    98   0       3196       2232 12.000  14.000 137.5 90.000     3191     2225     3204     2240     13     15      3191      2225      3203      2225      3203      2239      3191      2239      3166      2200      3229      2265 PARcau 0.261390 0.012000 0.726611
    99   0       3199       2239 12.000  14.000 131.0 90.000     3193     2232     3206     2247     13     15      3193      2232      3205      2232      3205      2246      3193      2246      3168      2207      3231      2272 PARcau 0.115775 0.027476 0.856750
   100   0       3199       2245 12.000  13.000 127.5 90.000     3194     2239     3207     2253     13     14      3194      2239      3206      2239      3206      2252      3194      2252      3169      2214      3232      2278 PARcau 0.847822 0.066334 0.085844
   101   0       3197       2252 12.000  13.000 123.5 90.000     3192     2246     3205     2260     13     14      3192      2246      3204      2246      3204      2259      3192      2259      3167      2221      3230      2285 PARcau 0.301967 0.008274 0.689759
   102   0       3194       2258 11.000  14.000 126.5 90.000     3189     2252     3201     2267     12     15      3189      2252      3200      2252      3200      2266      3189      2266      3164      2227      3226      2292 PARcau 0.057245 0.032421 0.910334
   103   0       3192       2266 12.083  13.416 122.0 26.565     3187     2259     3200     2274     13     15      3190      2257      3201      2262      3195      2274      3184      2269      3162      2234      3225      2299 PARcau 0.159940 0.041249 0.798810
   104   0       3193       2272 12.000  13.000 125.0 90.000     3188     2266     3201     2280     13     14      3188      2266      3200      2266      3200      2279      3188      2279      3163      2241      3226      2305 PARcau 0.172845 0.050200 0.776955
   105   0       3197       2279 12.000  13.000 126.0 90.000     3191     2273     3204     2287     13     14      3191      2273      3203      2273      3203      2286      3191      2286      3166      2248      3229      2312 PARcau 0.403154 0.009438 0.587408
   106   0       3200       2285 11.000  14.000 120.0 90.000     3195     2279     3207     2294     12     15      3195      2279      3206      2279      3206      2293      3195      2293      3170      2254      3232      2319 PARcau 0.452813 0.038437 0.508750
   107   0       3201       2292 11.000  13.000 123.0 90.000     3196     2286     3208     2300     12     14      3196      2286      3207      2286      3207      2299      3196      2299      3171      2261      3233      2325 PARcau 0.947422 0.010360 0.042218
   108   0       3199       2299 11.630  13.647 128.5 26.565     3193     2293     3207     2308     14     15      3197      2291      3207      2296      3201      2308      3190      2303      3168      2268      3232      2333 PARcau 0.094958 0.008265 0.896777
   109   0       3196       2306 12.000  14.000 132.0  0.000     3190     2299     3203     2314     13     15      3190      2299      3202      2299      3202      2313      3190      2313      3165      2274      3228      2339 PARcau 0.326249 0.029323 0.644428
   110   0       3194       2312 11.000  13.000 124.5 90.000     3189     2306     3201     2320     12     14      3189      2306      3200      2306      3200      2319      3189      2319      3164      2281      3226      2345 PARcau 0.801365 0.009626 0.189009
   111   0       3195       2317 12.000  13.000 124.5 90.000     3190     2311     3203     2325     13     14      3190      2311      3202      2311      3202      2324      3190      2324      3165      2286      3228      2350 PARcau 0.786286 0.010993 0.202721
   112   0       3198       2320 12.000  12.000 113.0 90.000     3192     2314     3205     2327     13     13      3192      2314      3204      2314      3204      2326      3192      2326      3167      2289      3230      2352 PARcau 0.910895 0.013535 0.075570
   113   0       3199       2321 12.000  12.000 115.0 90.000     3193     2315     3206     2328     13     13      3193      2315      3205      2315      3205      2327      3193      2327      3168      2290      3231      2353 PARcau 0.909440 0.014205 0.076355
   114   0       3196       2318 11.000  12.000  98.5 90.000     3190     2313     3203     2325     13     12      3190      2313      3202      2313      3202      2324      3190      2324      3165      2288      3228      2350 PARcau 0.759507 0.176014 0.064479
   115   0       3195       2317 11.068  12.021 100.0 71.565     3189     2311     3202     2324     13     13      3188      2313      3198      2309      3202      2321      3191      2324      3164      2286      3227      2349 PARcau 0.969296 0.005404 0.025300
   116   0       3197       2318 11.000  12.000  93.5 90.000     3192     2313     3204     2326     12     13      3192      2313      3203      2313      3203      2325      3192      2325      3167      2288      3229      2351 PARcau 0.921967 0.033520 0.044513
   117   0       3201       2321 11.000  12.000  98.5 90.000     3195     2316     3208     2328     13     12      3195      2316      3207      2316      3207      2327      3195      2327      3170      2291      3233      2353 PARcau 0.497354 0.169450 0.333196
   118   0       3204       2322 10.607  12.021  96.5 45.000     3198     2317     3211     2329     13     12      3204      2314      3213      2323      3205      2330      3197      2322      3173      2292      3236      2354 PARcau 0.788887 0.034152 0.176961
   119   0       3205       2322 10.000  12.000  89.0 90.000     3199     2318     3212     2329     13     11      3199      2318      3211      2318      3211      2328      3199      2328      3174      2293      3237      2354 PARcau 0.220742 0.117893 0.661365
   120   0       3203       2323  9.192  12.349  69.5 21.801     3197     2318     3210     2329     13     11      3198      2316      3210      2320      3206      2329      3195      2324      3172      2293      3235      2354 PARcau 0.950819 0.004074 0.045107
   121   0       3196       2324 10.770  13.601  88.0 71.565     3191     2319     3205     2331     14     12      3188      2321      3201      2317      3205      2327      3192      2331      3166      2294      3230      2356 PARcau 0.473416 0.066291 0.460293
   122   0       3190       2329  9.899  12.728  99.5 45.000     3184     2323     3197     2336     13     13      3182      2330      3191      2321      3198      2328      3189      2337      3159      2298      3222      2361 PARcau 0.934706 0.001846 0.063448
   123   0       3185       2334 12.000  13.000 121.0 90.000     3179     2329     3193     2342     14     13      3179      2329      3192      2329      3192      2341      3179      2341      3154      2304      3218      2367 PARcau 0.480357 0.005790 0.513852
   124   0       3184       2342 11.000  14.000 122.0 90.000     3179     2335     3191     2350     12     15      3179      2335      3190      2335      3190      2349      3179      2349      3154      2310      3216      2375 PARcau 0.146019 0.051873 0.802108
   125   0       3185       2349 11.314  14.142 122.0 45.000     3180     2342     3193     2357     13     15      3185      2340      3195      2350      3187      2358      3177      2348      3155      2317      3218      2382 PARcau 0.055440 0.016623 0.927938
   126   0       3190       2355 12.000  12.000 112.5 90.000     3184     2349     3197     2362     13     13      3184      2349      3196      2349      3196      2361      3184      2361      3159      2324      3222      2387 PARcau 0.263725 0.019186 0.717089
   127   0       3194       2359 10.630  12.728 106.5 45.000     3188     2354     3202     2366     14     12      3194      2351      3203      2360      3195      2367      3186      2358      3163      2329      3227      2391 PARcau 0.813697 0.041178 0.145124
   128   0       3198       2360 11.000  12.000 104.5 90.000     3192     2355     3205     2367     13     12      3192      2355      3204      2355      3204      2366      3192      2366      3167      2330      3230      2392 PARcau 0.121488 0.026441 0.852072
   129   0       3199       2360 11.000  11.000  99.0 90.000     3194     2355     3206     2367     12     12      3194      2355      3205      2355      3205      2366      3194      2366      3169      2330      3231      2392 PARcau 0.959775 0.005502 0.034723
   130   0       3196       2360 11.000  12.000  99.0 90.000     3191     2355     3204     2367     13     12      3191      2355      3203      2355      3203      2366      3191      2366      3166      2330      3229      2392 PARcau 0.920660 0.009115 0.070225
   131   0       3191       2362 11.000  13.000 108.0 90.000     3185     2357     3199     2369     14     12      3185      2357      3198      2357      3198      2368      3185      2368      3160      2332      3224      2394 PARcau 0.632159 0.087547 0.280295
   132   0       3185       2367 11.180  13.416 112.5 26.565     3179     2361     3193     2374     14     13      3183      2358      3193      2363      3187      2375      3177      2370      3154      2336      3218      2399 PARcau 0.509713 0.002909 0.487378
   133   0       3181       2373 12.000  13.000 124.0 90.000     3175     2367     3188     2381     13     14      3175      2367      3187      2367      3187      2380      3175      2380      3150      2342      3213      2406 PARcau 0.541098 0.009996 0.448906
   134   0       3179       2381 11.000  14.000 120.5 90.000     3174     2374     3186     2389     12     15      3174      2374      3185      2374      3185      2388      3174      2388      3149      2349      3211      2414 PARcau 0.198760 0.011485 0.789755
   135   0       3181       2388 11.000  14.000 122.0  0.000     3176     2381     3188     2396     12     15      3176      2381      3187      2381      3187      2395      3176      2395      3151      2356      3213      2421 PARcau 0.787301 0.023272 0.189427
   136   0       3186       2394 12.000  13.000 119.0  0.000     3180     2388     3193     2402     13     14      3180      2388      3192      2388      3192      2401      3180      2401      3155      2363      3218      2427 PARcau 0.736756 0.119716 0.143527
   136   3        331        959 12.806  20.000 190.0 51.340      322      952      341      968     19     16       330       947       342       963       332       971       320       955       297       927       366       993 PARcau 0.008337 0.165922 0.825741
   137   3        332        962 12.728  21.213 198.0 45.000      322      955      342      972     20     17       329       950       344       965       335       974       320       959       297       930       367       997 PARcau 0.014328 0.742819 0.242853
   137   0       3189       2400 12.000  12.000 117.0 90.000     3184     2394     3197     2407     13     13      3184      2394      3196      2394      3196      2406      3184      2406      3159      2369      3222      2432 PARcau 0.765748 0.057467 0.176785
   138   3        333        967 13.416  20.125 201.5 63.435      325      959      343      977     18     18       323       961       335       955       344       973       332       979       300       934       368      1002 PARcau 0.064044 0.019683 0.916273
   138   0       3190       2405 12.000  12.000 115.0 90.000     3185     2399     3198     2412     13     13      3185      2399      3197      2399      3197      2411      3185      2411      3160      2374      3223      2437 PARcau 0.196003 0.032908 0.771089
   139   0       3189       2409 11.000  12.000 111.0 90.000     3184     2404     3196     2417     12     13      3184      2404      3195      2404      3195      2416      3184      2416      3159      2379      3221      2442 PARcau 0.119193 0.012925 0.867883
   139   3        335        972 13.454  19.799 203.5 45.000      327      964      344      982     17     18       333       961       347       975       337       984       323       970       302       939       369      1007 PARcau 0.085065 0.006592 0.908343
   140   0       3186       2415 11.180  13.416 110.5 26.565     3181     2409     3194     2423     13     14      3185      2407      3195      2412      3189      2424      3179      2419      3156      2384      3219      2448 PARcau 0.830276 0.055267 0.114457
   140   3        336        977 13.435  20.506 208.0 45.000      328      969      346      987     18     18       334       965       348       980       339       989       324       975       303       944       371      1012 PARcau 0.068570 0.010391 0.921039
   141   0       3183       2422 12.000  13.000 120.0 90.000     3177     2416     3190     2430     13     14      3177      2416      3189      2416      3189      2429      3177      2429      3152      2391      3215      2455 PARcau 0.736723 0.103489 0.159788
   141   3        339        981 12.021  21.920 199.0 45.000      329      974      349      991     20     17       335       969       351       985       342       993       327       978       304       949       374      1016 PARcau 0.111699 0.023010 0.865291
   142   3        342        985 12.728  19.799 192.5 45.000      333      978      352      995     19     17       340       974       354       988       345       997       331       983       308       953       377      1020 PARcau 0.041208 0.065961 0.892831
   142   0       3180       2429 11.000  14.000 119.5 90.000     3175     2423     3187     2438     12     15      3175      2423      3186      2423      3186      2437      3175      2437      3150      2398      3212      2463 PARcau 0.043866 0.003284 0.952849
   143   3        347        988 12.042  19.799 188.5 45.000      338      981      357      997     19     16       344       977       358       991       350      1000       336       986       313       956       382      1022 PARcau 0.023155 0.091604 0.885241
   143   0       3181       2437 11.000  14.000 121.0 90.000     3176     2431     3188     2446     12     15      3176      2431      3187      2431      3187      2445      3176      2445      3151      2406      3213      2471 PARcau 0.181376 0.007643 0.810981
   144   3        352        991 12.728  18.385 187.5 45.000      344      984      362     1000     18     16       350       980       363       993       354      1002       341       989       319       959       387      1025 PARcau 0.069090 0.307261 0.623649
   144   0       3185       2444 11.314  14.142 115.5 45.000     3179     2438     3193     2451     14     13      3184      2435      3194      2445      3186      2453      3176      2443      3154      2413      3218      2476 PARcau 0.346419 0.053904 0.599677
   145   3        356        992 14.000  17.000 176.5 90.000      348      986      366     1001     18     15       348       986       365       986       365      1000       348      1000       323       961       391      1026 PARcau 0.199039 0.007171 0.793789
   145   0       3191       2449 11.000  12.000 110.0 90.000     3185     2444     3198     2456     13     12      3185      2444      3197      2444      3197      2455      3185      2455      3160      2419      3223      2481 PARcau 0.245327 0.026326 0.728347
   146   3        360        994 12.728  18.385 180.0 45.000      352      987      370     1003     18     16       358       983       371       996       362      1005       349       992       327       962       395      1028 PARcau 0.033172 0.011381 0.955447
   146   0       3196       2454 11.180  13.416 115.5 63.435     3190     2448     3204     2462     14     14      3188      2451      3198      2446      3204      2458      3194      2463      3165      2423      3229      2487 PARcau 0.711157 0.041679 0.247164
   147   3        362        995 12.021  19.092 180.5 45.000      353      989      373     1004     20     15       360       984       373       998       365      1006       351       993       328       964       398      1029 PARcau 0.000993 0.235854 0.763153
   147   0       3199       2461 11.000  13.000 116.0 90.000     3194     2455     3206     2469     12     14      3194      2455      3205      2455      3205      2468      3194      2468      3169      2430      3231      2494 PARcau 0.469240 0.006690 0.524070
   148   3        364        997 12.806  20.616 178.5 52.125      354      991      374     1007     20     16       363       985       376      1001       366      1009       353       993       329       966       399      1032 PARcau 0.005804 0.916432 0.077764
   148   0       3200       2468 10.794  13.730 112.5 11.310     3195     2462     3207     2477     12     15      3196      2460      3207      2463      3204      2476      3194      2474      3170      2437      3232      2502 PARcau 0.600687 0.230688 0.168625
   149   3        364       1000 13.038  21.633 190.5 56.310      355      993      374     1010     19     17       364       987       376      1005       365      1012       353       994       330       968       399      1035 PARcau 0.007885 0.022916 0.969199
   149   0       3199       2476 11.000  12.000 108.5 90.000     3194     2470     3206     2483     12     13      3194      2470      3205      2470      3205      2482      3194      2482      3169      2445      3231      2508 PARcau 0.934007 0.001329 0.064663