 Frame  ID  CentroidX  CentroidY  Width  Length  Area  Angle  Box_TLX  Box_TLY  Box_BRX  Box_BRY  Box_W  Box_H  rBox_TLX  rBox_TLY  rBox_TRX  rBox_TRY  rBox_BRX  rBox_BRY  rBox_BLX  rBox_BLY  lBox_TLX  lBox_TLY  lBox_BRX  lBox_BRY  Label   DIDnas   NONpro   PARcau
    21   0       5017       2369  6.000   9.000  47.0 90.000     5013     2366     5023     2373     10      7      5013      2366      5022      2366      5022      2372      5013      2372      4988      2341      5048      2398 PARcau 0.543805 0.013357 0.442838
    22   0       5021       2371  6.000  10.000  37.5 90.000     5017     2368     5028     2375     11      7      5017      2368      5027      2368      5027      2374      5017      2374      4992      2343      5053      2400 PARcau 0.114375 0.025090 0.860534
    23   0       5029       2368  7.000   7.000  29.0 90.000     5026     2365     5034     2373      8      8      5026      2365      5033      2365      5033      2372      5026      2372      5001      2340      5059      2398 PARcau 0.868996 0.007832 0.123172
    25   0       5028       2352  6.000  10.000  45.5 90.000     5023     2350     5034     2357     11      7      5023      2350      5033      2350      5033      2356      5023      2356      4998      2325      5059      2382 PARcau 0.221118 0.008425 0.770457
    26   0       5019       2351  6.000  10.000  48.5 90.000     5015     2348     5026     2355     11      7      5015      2348      5025      2348      5025      2354      5015      2354      4990      2323      5051      2380 PARcau 0.416392 0.011591 0.572017
    27   0       5012       2356  6.000   7.000  36.0 90.000     5009     2354     5017     2361      8      7      5009      2354      5016      2354      5016      2360      5009      2360      4984      2329      5042      2386 PARcau 0.480900 0.003536 0.515564
    28   0       5011       2365  5.657   7.071  30.0 45.000     5008     2362     5016     2369      8      7      5011      2361      5016      2366      5012      2370      5007      2365      4983      2337      5041      2394 PARcau 0.758580 0.020803 0.220617
    29   0       5016       2368  6.000   9.000  38.5 90.000     5012     2366     5022     2373     10      7      5012      2366      5021      2366      5021      2372      5012      2372      4987      2341      5047      2398 PARcau 0.583260 0.044104 0.372635
    29   1       2871       2818  7.071   7.071  33.5 45.000     2868     2815     2876     2823      8      8      2871      2813      2876      2818      2871      2823      2866      2818      2843      2790      2901      2848 PARcau 0.035896 0.000069 0.964034
    30   1       2874       2817  6.000   8.000  37.0 90.000     2871     2814     2880     2821      9      7      2871      2814      2879      2814      2879      2820      2871      2820      2846      2789      2905      2846 PARcau 0.009690 0.000853 0.989458
    32   0       5015       2348  7.810   8.485  47.0 45.000     5010     2346     5021     2354     11      8      5015      2343      5021      2349      5015      2354      5009      2348      4985      2321      5046      2379 PARcau 0.621032 0.003031 0.375937
    33   0       5007       2346  6.000  11.000  54.0 90.000     5002     2344     5014     2351     12      7      5002      2344      5013      2344      5013      2350      5002      2350      4977      2319      5039      2376 PARcau 0.702835 0.004864 0.292301
    34   0       5000       2350  7.000   9.000  53.0 90.000     4996     2347     5006     2355     10      8      4996      2347      5005      2347      5005      2354      4996      2354      4971      2322      5031      2380 PARcau 0.932077 0.002505 0.065418
    35   0       4999       2357  8.485   8.485  55.0 45.000     4995     2353     5005     2362     10      9      4999      2350      5005      2356      4999      2362      4993      2356      4970      2328      5030      2387 PARcau 0.293739 0.021795 0.684467
    36   1       2865       2818  7.000   7.000  40.0 90.000     2862     2815     2870     2823      8      8      2862      2815      2869      2815      2869      2822      2862      2822      2837      2790      2895      2848 PARcau 0.593293 0.008463 0.398244
    36   0       5004       2362  6.000  10.000  44.0 90.000     5000     2359     5011     2366     11      7      5000      2359      5010      2359      5010      2365      5000      2365      4975      2334      5036      2391 PARcau 0.221149 0.178543 0.600308
    37   1       2869       2814  7.000   8.000  43.0 90.000     2866     2811     2875     2819      9      8      2866      2811      2874      2811      2874      2818      2866      2818      2841      2786      2900      2844 PARcau 0.044618 0.002887 0.952495
    38   1       2876       2815  6.403   8.485  37.5 45.000     2872     2812     2881     2820      9      8      2875      2809      2881      2815      2877      2820      2871      2814      2847      2787      2906      2845 PARcau 0.192917 0.002104 0.804979
    39   0       5017       2345  6.000   7.000  29.0 90.000     5014     2343     5021     2351      7      8      5014      2343      5020      2343      5020      2350      5014      2350      4989      2318      5046      2376 PARcau 0.690730 0.001889 0.307381
    40   0       5013       2341  7.000  10.000  43.5 90.000     5008     2339     5019     2347     11      8      5008      2339      5018      2339      5018      2346      5008      2346      4983      2314      5044      2372 PARcau 0.687674 0.023067 0.289258
    41   0       5007       2345  6.801   7.433  32.0 71.565     5004     2342     5013     2350      9      8      5003      2343      5010      2341      5012      2347      5005      2350      4979      2317      5038      2375 PARcau 0.603633 0.003359 0.393008
    43   1       2862       2818  5.385   6.708  26.0 63.435     2859     2815     2867     2822      8      7      2858      2817      2864      2814      2866      2819      2860      2822      2834      2790      2892      2847 PARcau 0.119407 0.000562 0.880031
    44   1       2864       2815  6.000   7.000  31.0 90.000     2861     2812     2869     2819      8      7      2861      2812      2868      2812      2868      2818      2861      2818      2836      2787      2894      2844 PARcau 0.009849 0.000988 0.989164
    45   1       2868       2815  6.103   6.801  30.5 36.870     2865     2812     2873     2820      8      8      2867      2811      2872      2815      2869      2820      2863      2816      2840      2787      2898      2845 PARcau 0.122061 0.000371 0.877568
    46   0       5023       2339  6.000   8.000  39.0 90.000     5019     2337     5028     2344      9      7      5019      2337      5027      2337      5027      2343      5019      2343      4994      2312      5053      2369 PARcau 0.726266 0.022284 0.251450
    47   0       5017       2335  7.000  10.000  51.0 90.000     5012     2332     5023     2340     11      8      5012      2332      5022      2332      5022      2339      5012      2339      4987      2307      5048      2365 PARcau 0.952648 0.008298 0.039055
    48   0       5011       2336  6.000  10.000  44.5 90.000     5007     2334     5018     2341     11      7      5007      2334      5017      2334      5017      2340      5007      2340      4982      2309      5043      2366 PARcau 0.984203 0.000558 0.015239
    50   1       2851       2816  7.000   7.000  36.0  0.000     2848     2813     2856     2821      8      8      2848      2813      2855      2813      2855      2820      2848      2820      2823      2788      2881      2846 PARcau 0.396213 0.000013 0.603774
    51   1       2851       2815  7.000   7.000  37.0 90.000     2848     2812     2856     2820      8      8      2848      2812      2855      2812      2855      2819      2848      2819      2823      2787      2881      2845 PARcau 0.133082 0.021588 0.845329
    52   1       2849       2817  6.000   7.000  34.5 90.000     2846     2814     2854     2821      8      7      2846      2814      2853      2814      2853      2820      2846      2820      2821      2789      2879      2846 PARcau 0.429786 0.000138 0.570075
    53   1       2843       2818  5.000   7.000  30.0 90.000     2840     2816     2848     2822      8      6      2840      2816      2847      2816      2847      2821      2840      2821      2815      2791      2873      2847 PARcau 0.110675 0.001029 0.888296
    53   0       5035       2343  7.000   9.000  46.5 90.000     5031     2340     5041     2348     10      8      5031      2340      5040      2340      5040      2347      5031      2347      5006      2315      5066      2373 PARcau 0.941577 0.002838 0.055585
    54   0       5036       2339  7.566  11.281  59.0 78.690     5031     2336     5043     2345     12      9      5030      2337      5041      2334      5042      2342      5031      2344      5006      2311      5068      2370 PARcau 0.208883 0.015352 0.775765
    54   1       2838       2816  7.000   7.000  38.5 90.000     2835     2813     2843     2821      8      8      2835      2813      2842      2813      2842      2820      2835      2820      2810      2788      2868      2846 PARcau 0.121299 0.005637 0.873064
    55   0       5036       2342  7.000   9.000  47.0 90.000     5032     2339     5042     2347     10      8      5032      2339      5041      2339      5041      2346      5032      2346      5007      2314      5067      2372 PARcau 0.850279 0.013962 0.135758
    55   1       2836       2811  7.000   8.000  46.0 90.000     2833     2807     2841     2816      8      9      2833      2807      2840      2807      2840      2815      2833      2815      2808      2782      2866      2841 PARcau 0.648684 0.001004 0.350312
    56   1       2836       2806  7.000   8.000  42.0 90.000     2833     2802     2841     2811      8      9      2833      2802      2840      2802      2840      2810      2833      2810      2808      2777      2866      2836 PARcau 0.684078 0.066360 0.249562
    57   1       2835       2804  6.000   7.000  35.0 90.000     2832     2801     2840     2808      8      7      2832      2801      2839      2801      2839      2807      2832      2807      2807      2776      2865      2833 PARcau 0.835441 0.029308 0.135251
    57   0       5036       2358  6.801   7.433  30.0 18.435     5032     2355     5041     2363      9      8      5033      2354      5040      2356      5038      2363      5031      2360      5007      2330      5066      2388 PARcau 0.223915 0.071095 0.704990
    58   1       2831       2804  7.000   7.000  37.0 90.000     2828     2802     2836     2810      8      8      2828      2802      2835      2802      2835      2809      2828      2809      2803      2777      2861      2835 PARcau 0.613605 0.006464 0.379931
    58   0       5039       2361  7.000  11.000  54.5  0.000     5034     2358     5046     2366     12      8      5034      2358      5045      2358      5045      2365      5034      2365      5009      2333      5071      2391 PARcau 0.511165 0.030008 0.458827
    59   1       2826       2807  7.000   7.000  36.0 90.000     2823     2804     2831     2812      8      8      2823      2804      2830      2804      2830      2811      2823      2811      2798      2779      2856      2837 PARcau 0.694584 0.100959 0.204457
    59   0       5045       2359  7.000  10.000  51.0 90.000     5041     2356     5052     2364     11      8      5041      2356      5051      2356      5051      2363      5041      2363      5016      2331      5077      2389 PARcau 0.117573 0.002141 0.880286
    60   1       2822       2806  7.000   7.000  38.0 90.000     2819     2803     2827     2811      8      8      2819      2803      2826      2803      2826      2810      2819      2810      2794      2778      2852      2836 PARcau 0.128312 0.020351 0.851337
    60   0       5048       2352  7.071   8.485  46.0 45.000     5044     2349     5054     2357     10      8      5043      2353      5049      2347      5054      2352      5048      2358      5019      2324      5079      2382 PARcau 0.299693 0.001773 0.698534
    61   1       2822       2802  7.071   7.810  40.5 45.000     2819     2799     2827     2808      8      9      2822      2797      2827      2802      2822      2808      2817      2803      2794      2774      2852      2833 PARcau 0.789052 0.007425 0.203523
    61   0       5046       2346  8.485   9.899  53.5 45.000     5041     2342     5052     2351     11      9      5045      2339      5052      2346      5046      2352      5039      2345      5016      2317      5077      2376 PARcau 0.883592 0.003962 0.112446
    62   0       5041       2344  6.000  11.000  33.0 90.000     5035     2342     5047     2349     12      7      5035      2342      5046      2342      5046      2348      5035      2348      5010      2317      5072      2374 PARcau 0.850453 0.010486 0.139061
    62   1       2824       2796  7.000   8.000  43.5 90.000     2821     2793     2829     2802      8      9      2821      2793      2828      2793      2828      2801      2821      2801      2796      2768      2854      2827 PARcau 0.715088 0.244613 0.040299
    63   1       2824       2792  7.000   7.000  38.5  0.000     2821     2789     2829     2797      8      8      2821      2789      2828      2789      2828      2796      2821      2796      2796      2764      2854      2822 PARcau 0.175421 0.773848 0.050731
    64   1       2820       2792  7.382   7.382  41.5 26.565     2816     2789     2825     2797      9      8      2818      2787      2825      2791      2821      2797      2815      2794      2791      2764      2850      2822 PARcau 0.598423 0.204915 0.196662
    65   1       2813       2794  6.364   7.778  37.0 45.000     2810     2791     2819     2799      9      8      2809      2795      2814      2789      2819      2794      2813      2799      2785      2766      2844      2824 PARcau 0.667664 0.248934 0.083402
    65   0       5044       2364  6.000  11.000  39.0 90.000     5038     2361     5050     2368     12      7      5038      2361      5049      2361      5049      2367      5038      2367      5013      2336      5075      2393 PARcau 0.945282 0.007227 0.047491
    66   1       2809       2794  7.000   7.000  37.5 90.000     2806     2791     2814     2799      8      8      2806      2791      2813      2791      2813      2798      2806      2798      2781      2766      2839      2824 PARcau 0.393812 0.567820 0.038368
    66   0       5050       2363  6.000  10.000  45.0 90.000     5046     2361     5057     2368     11      7      5046      2361      5056      2361      5056      2367      5046      2367      5021      2336      5082      2393 PARcau 0.629057 0.018043 0.352900
    67   1       2808       2791  6.000   8.000  40.0 90.000     2805     2787     2812     2796      7      9      2805      2787      2811      2787      2811      2795      2805      2795      2780      2762      2837      2821 PARcau 0.592609 0.227827 0.179564
    67   0       5056       2359  7.000  10.000  49.0 90.000     5052     2356     5063     2364     11      8      5052      2356      5062      2356      5062      2363      5052      2363      5027      2331      5088      2389 PARcau 0.368933 0.018923 0.612144
    68   1       2806       2785  6.000   7.000  35.5 90.000     2804     2782     2811     2790      7      8      2804      2782      2810      2782      2810      2789      2804      2789      2779      2757      2836      2815 PARcau 0.942995 0.034719 0.022285
    68   0       5060       2356  7.000  11.000  56.0 90.000     5055     2353     5067     2361     12      8      5055      2353      5066      2353      5066      2360      5055      2360      5030      2328      5092      2386 PARcau 0.431341 0.019247 0.549413
    69   0       5062       2358  8.000  11.000  63.5 90.000     5057     2355     5069     2364     12      9      5057      2355      5068      2355      5068      2363      5057      2363      5032      2330      5094      2389 PARcau 0.687236 0.017096 0.295669
    69   1       2804       2781  5.000   7.000  27.0 90.000     2801     2779     2809     2785      8      6      2801      2779      2808      2779      2808      2784      2801      2784      2776      2754      2834      2810 PARcau 0.445921 0.526311 0.027767
    70   1       2799       2781  6.000   6.000  27.0 90.000     2797     2779     2804     2786      7      7      2797      2779      2803      2779      2803      2785      2797      2785      2772      2754      2829      2811 PARcau 0.324905 0.641154 0.033940
    70   0       5063       2364  6.000   8.000  41.0 90.000     5059     2362     5068     2369      9      7      5059      2362      5067      2362      5067      2368      5059      2368      5034      2337      5093      2394 PARcau 0.734427 0.002192 0.263381
    71   1       2794       2785  6.000   6.000  33.0 90.000     2792     2783     2799     2790      7      7      2792      2783      2798      2783      2798      2789      2792      2789      2767      2758      2824      2815 PARcau 0.662841 0.230578 0.106581
    71   0       5062       2372  7.778   7.778  46.0 45.000     5058     2369     5068     2377     10      8      5062      2366      5068      2372      5062      2377      5057      2372      5033      2344      5093      2402 PARcau 0.885001 0.001069 0.113930
    72   1       2791       2787  6.000   7.000  36.0 90.000     2788     2785     2796     2792      8      7      2788      2785      2795      2785      2795      2791      2788      2791      2763      2760      2821      2817 PARcau 0.290848 0.564276 0.144875
    72   0       5060       2374  6.000  11.000  55.5 90.000     5055     2372     5067     2379     12      7      5055      2372      5066      2372      5066      2378      5055      2378      5030      2347      5092      2404 PARcau 0.128283 0.006750 0.864967
    73   1       2788       2785  7.000   7.000  38.0 90.000     2785     2782     2793     2790      8      8      2785      2782      2792      2782      2792      2789      2785      2789      2760      2757      2818      2815 PARcau 0.530248 0.408549 0.061203
    73   0       5056       2371  6.000   8.000  33.0 -0.000     5052     2368     5061     2375      9      7      5052      2368      5060      2368      5060      2374      5052      2374      5027      2343      5086      2400 PARcau 0.098825 0.001759 0.899416
    74   1       2786       2780  6.000   7.000  33.0  0.000     2784     2777     2791     2785      7      8      2784      2777      2790      2777      2790      2784      2784      2784      2759      2752      2816      2810 PARcau 0.552886 0.387224 0.059890
    75   1       2782       2777  6.000   6.000  32.5 90.000     2780     2774     2787     2781      7      7      2780      2774      2786      2774      2786      2780      2780      2780      2755      2749      2812      2806 PARcau 0.938901 0.007157 0.053942
    76   1       2777       2777  6.000   7.000  34.5 90.000     2774     2774     2782     2781      8      7      2774      2774      2781      2774      2781      2780      2774      2780      2749      2749      2807      2806 PARcau 0.800590 0.131422 0.067988
    76   0       5062       2353  6.000  11.000  38.0 90.000     5057     2351     5069     2358     12      7      5057      2351      5068      2351      5068      2357      5057      2357      5032      2326      5094      2383 PARcau 0.564714 0.052218 0.383068
    77   1       2774       2780  6.000   6.000  32.5 90.000     2771     2777     2778     2784      7      7      2771      2777      2777      2777      2777      2783      2771      2783      2746      2752      2803      2809 PARcau 0.871254 0.017287 0.111459
    77   0       5068       2355  7.000  11.000  49.5  0.000     5063     2352     5075     2360     12      8      5063      2352      5074      2352      5074      2359      5063      2359      5038      2327      5100      2385 PARcau 0.221626 0.002298 0.776076
    78   1       2774       2781  6.000   7.000  35.0 90.000     2771     2778     2778     2786      7      8      2771      2778      2777      2778      2777      2785      2771      2785      2746      2753      2803      2811 PARcau 0.527507 0.360469 0.112024
    78   0       5071       2358  6.000  10.000  40.0 90.000     5066     2355     5077     2362     11      7      5066      2355      5076      2355      5076      2361      5066      2361      5041      2330      5102      2387 PARcau 0.673553 0.004661 0.321786
    80   1       2778       2774  6.000   8.000  34.5 90.000     2775     2770     2782     2779      7      9      2775      2770      2781      2770      2781      2778      2775      2778      2750      2745      2807      2804 PARcau 0.994016 0.000895 0.005089
    81   1       2775       2768  5.657   7.071  26.5 45.000     2773     2766     2780     2773      7      7      2775      2764      2780      2769      2776      2773      2771      2768      2748      2741      2805      2798 PARcau 0.522409 0.433070 0.044521
    82   1       2770       2767  6.708   6.708  34.0 63.435     2766     2764     2775     2771      9      7      2765      2765      2771      2762      2774      2768      2768      2771      2741      2739      2800      2796 PARcau 0.826488 0.127172 0.046340
    83   1       2764       2770  5.657   6.403  25.5 45.000     2762     2767     2769     2774      7      7      2760      2770      2765      2766      2769      2770      2764      2774      2737      2742      2794      2799 PARcau 0.056470 0.922891 0.020639
    84   1       2763       2774  6.708   8.062  35.0 63.435     2760     2771     2768     2779      8      8      2758      2772      2764      2769      2768      2776      2762      2779      2735      2746      2793      2804 PARcau 0.444199 0.506604 0.049197
    84   0       5064       2350  5.385   8.544  28.0 18.435     5060     2348     5070     2354     10      6      5061      2346      5069      2349      5067      2354      5059      2351      5035      2323      5095      2379 PARcau 0.124208 0.001668 0.874124
    85   1       2765       2774  5.657   7.071  34.0 45.000     2763     2771     2771     2779      8      8      2761      2775      2766      2770      2770      2774      2765      2779      2738      2746      2796      2804 PARcau 0.750288 0.191091 0.058620
    87   1       2767       2763  5.831   7.211  29.5 56.310     2764     2760     2772     2768      8      8      2763      2761      2768      2758      2772      2764      2767      2767      2739      2735      2797      2793 PARcau 0.329270 0.600562 0.070169
    88   1       2763       2760  7.382   7.382  39.5 63.435     2759     2757     2768     2765      9      8      2758      2759      2764      2755      2768      2762      2761      2765      2734      2732      2793      2790 PARcau 0.276818 0.601803 0.121378
    89   1       2759       2762  6.000   7.000  33.5 90.000     2756     2759     2764     2766      8      7      2756      2759      2763      2759      2763      2765      2756      2765      2731      2734      2789      2791 PARcau 0.411389 0.521948 0.066663
    90   1       2758       2764  6.000   7.000  32.5  0.000     2756     2761     2763     2769      7      8      2756      2761      2762      2761      2762      2768      2756      2768      2731      2736      2788      2794 PARcau 0.219552 0.716295 0.064152
    91   0       5060       2339  6.000  10.000  45.5 90.000     5055     2336     5066     2343     11      7      5055      2336      5065      2336      5065      2342      5055      2342      5030      2311      5091      2368 PARcau 0.688966 0.001676 0.309358
    92   1       2763       2760  7.000   7.000  33.5  0.000     2760     2757     2768     2765      8      8      2760      2757      2767      2757      2767      2764      2760      2764      2735      2732      2793      2790 PARcau 0.632514 0.279725 0.087761
    92   0       5066       2337  6.000  11.000  50.5 90.000     5061     2335     5073     2342     12      7      5061      2335      5072      2335      5072      2341      5061      2341      5036      2310      5098      2367 PARcau 0.247295 0.000616 0.752089
    93   0       5069       2337  5.000  10.000  39.0 90.000     5064     2335     5075     2341     11      6      5064      2335      5074      2335      5074      2340      5064      2340      5039      2310      5100      2366 PARcau 0.636428 0.042609 0.320963
    93   1       2762       2755  6.708   8.062  33.5 63.435     2759     2752     2767     2760      8      8      2757      2753      2763      2750      2767      2757      2761      2760      2734      2727      2792      2785 PARcau 0.954609 0.024554 0.020837
    94   0       5066       2336  6.000   9.000  41.5 90.000     5062     2334     5072     2341     10      7      5062      2334      5071      2334      5071      2340      5062      2340      5037      2309      5097      2366 PARcau 0.678869 0.038745 0.282386
    94   1       2757       2751  6.000   7.000  34.5 90.000     2754     2748     2762     2755      8      7      2754      2748      2761      2748      2761      2754      2754      2754      2729      2723      2787      2780 PARcau 0.478969 0.275568 0.245463
    95   0       5060       2333  5.000   9.000  29.0 90.000     5056     2331     5066     2337     10      6      5056      2331      5065      2331      5065      2336      5056      2336      5031      2306      5091      2362 PARcau 0.068207 0.000795 0.930998
    95   1       2751       2752  5.657   7.071  30.0 45.000     2748     2749     2756     2756      8      7      2747      2752      2752      2747      2756      2751      2751      2756      2723      2724      2781      2781 PARcau 0.257645 0.652218 0.090138
    96   1       2748       2756  5.657   7.071  33.0 45.000     2745     2753     2752     2761      7      8      2743      2757      2748      2752      2752      2756      2747      2761      2720      2728      2777      2786 PARcau 0.732916 0.183705 0.083379
    96   0       5055       2328  7.000   9.000  49.5 90.000     5051     2325     5061     2333     10      8      5051      2325      5060      2325      5060      2332      5051      2332      5026      2300      5086      2358 PARcau 0.788510 0.005600 0.205890
    97   0       5055       2323  6.000   9.000  46.5 90.000     5051     2321     5061     2328     10      7      5051      2321      5060      2321      5060      2327      5051      2327      5026      2296      5086      2353 PARcau 0.359032 0.029303 0.611666
    97   1       2746       2759  6.364   6.364  33.0 45.000     2744     2756     2751     2764      7      8      2747      2755      2751      2759      2747      2764      2742      2759      2719      2731      2776      2789 PARcau 0.104970 0.857559 0.037471
    98   1       2746       2757  7.000   7.000  40.5 90.000     2743     2754     2751     2762      8      8      2743      2754      2750      2754      2750      2761      2743      2761      2718      2729      2776      2787 PARcau 0.960227 0.021635 0.018138
    98   0       5061       2322  6.000  10.000  49.0 90.000     5056     2320     5067     2327     11      7      5056      2320      5066      2320      5066      2326      5056      2326      5031      2295      5092      2352 PARcau 0.768173 0.082570 0.149257
    99   1       2746       2750  6.000   7.000  33.5 90.000     2743     2747     2750     2755      7      8      2743      2747      2749      2747      2749      2754      2743      2754      2718      2722      2775      2780 PARcau 0.984102 0.004776 0.011121
    99   0       5068       2325  6.000   8.000  38.5 90.000     5064     2323     5073     2330      9      7      5064      2323      5072      2323      5072      2329      5064      2329      5039      2298      5098      2355 PARcau 0.971997 0.000442 0.027562
   100   1       2743       2745  6.000   7.000  34.5 90.000     2740     2742     2747     2750      7      8      2740      2742      2746      2742      2746      2749      2740      2749      2715      2717      2772      2775 PARcau 0.722710 0.256347 0.020943
   100   0       5071       2330  6.000   8.000  33.0 90.000     5067     2328     5076     2335      9      7      5067      2328      5075      2328      5075      2334      5067      2334      5042      2303      5101      2360 PARcau 0.329694 0.007840 0.662466
   101   1       2737       2744  6.000   7.000  35.0 90.000     2734     2742     2742     2749      8      7      2734      2742      2741      2742      2741      2748      2734      2748      2709      2717      2767      2774 PARcau 0.406266 0.428107 0.165628
   102   1       2731       2746  6.000   6.000  31.5 90.000     2729     2744     2736     2751      7      7      2729      2744      2735      2744      2735      2750      2729      2750      2704      2719      2761      2776 PARcau 0.511287 0.396206 0.092507
   103   1       2729       2747  6.000   7.000  34.5 90.000     2726     2744     2733     2752      7      8      2726      2744      2732      2744      2732      2751      2726      2751      2701      2719      2758      2777 PARcau 0.438416 0.461006 0.100578
   104   1       2728       2744  7.000   7.000  38.5 90.000     2725     2741     2733     2749      8      8      2725      2741      2732      2741      2732      2748      2725      2748      2700      2716      2758      2774 PARcau 0.508894 0.429896 0.061210
   104   0       5064       2316  7.071   7.810  32.0 45.000     5060     2314     5070     2322     10      8      5059      2317      5065      2312      5070      2317      5064      2322      5035      2289      5095      2347 PARcau 0.918885 0.005419 0.075696
   105   0       5065       2314  6.000   9.000  43.5 90.000     5061     2312     5071     2319     10      7      5061      2312      5070      2312      5070      2318      5061      2318      5036      2287      5096      2344 PARcau 0.917703 0.024952 0.057345
   105   1       2726       2738  6.000   7.000  36.0 90.000     2724     2735     2731     2743      7      8      2724      2735      2730      2735      2730      2742      2724      2742      2699      2710      2756      2768 PARcau 0.878565 0.035910 0.085525
   106   1       2723       2734  7.000   7.000  38.0 90.000     2720     2731     2728     2739      8      8      2720      2731      2727      2731      2727      2738      2720      2738      2695      2706      2753      2764 PARcau 0.640657 0.288026 0.071317
   107   1       2718       2733  6.000   6.000  30.5 90.000     2715     2731     2722     2738      7      7      2715      2731      2721      2731      2721      2737      2715      2737      2690      2706      2747      2763 PARcau 0.080935 0.843837 0.075228
   108   1       2713       2735  7.000   7.000  39.5 90.000     2710     2732     2718     2740      8      8      2710      2732      2717      2732      2717      2739      2710      2739      2685      2707      2743      2765 PARcau 0.405216 0.461165 0.133620
   109   1       2712       2734  7.000   7.000  38.5  0.000     2709     2731     2717     2739      8      8      2709      2731      2716      2731      2716      2738      2709      2738      2684      2706      2742      2764 PARcau 0.187031 0.771582 0.041387
   110   1       2712       2730  7.071   7.071  39.0 45.000     2709     2727     2717     2736      8      9      2712      2726      2717      2731      2712      2736      2707      2731      2684      2702      2742      2761 PARcau 0.953524 0.022946 0.023531
   111   1       2710       2725  7.000   7.000  37.0 90.000     2707     2722     2715     2730      8      8      2707      2722      2714      2722      2714      2729      2707      2729      2682      2697      2740      2755 PARcau 0.531693 0.458119 0.010188
   112   1       2707       2723  7.000   7.000  37.0 90.000     2704     2720     2712     2728      8      8      2704      2720      2711      2720      2711      2727      2704      2727      2679      2695      2737      2753 PARcau 0.437196 0.514384 0.048420
   113   0       5071       2314  6.000   9.000  39.0 90.000     5067     2311     5077     2318     10      7      5067      2311      5076      2311      5076      2317      5067      2317      5042      2286      5102      2343 PARcau 0.959735 0.001575 0.038690
   113   1       2702       2725  5.657   7.071  37.5 45.000     2699     2722     2707     2730      8      8      2698      2726      2703      2721      2707      2725      2702      2730      2674      2697      2732      2755 PARcau 0.351117 0.519116 0.129766
   114   1       2700       2729  6.000   6.000  32.5 90.000     2697     2726     2704     2733      7      7      2697      2726      2703      2726      2703      2732      2697      2732      2672      2701      2729      2758 PARcau 0.438608 0.501553 0.059839
   115   1       2699       2730  6.000   7.000  34.0 90.000     2696     2727     2704     2734      8      7      2696      2727      2703      2727      2703      2733      2696      2733      2671      2702      2729      2759 PARcau 0.580708 0.190446 0.228846
   116   1       2698       2726  7.000   7.000  34.5 90.000     2695     2723     2703     2731      8      8      2695      2723      2702      2723      2702      2730      2695      2730      2670      2698      2728      2756 PARcau 0.880607 0.039013 0.080380
   116   0       5083       2331  6.000   7.000  31.0 90.000     5080     2328     5088     2335      8      7      5080      2328      5087      2328      5087      2334      5080      2334      5055      2303      5113      2360 PARcau 0.626588 0.004802 0.368610
   117   1       2695       2721  6.708   7.616  34.5 26.565     2692     2719     2700     2727      8      8      2693      2717      2700      2720      2697      2726      2690      2723      2667      2694      2725      2752 PARcau 0.691307 0.261346 0.047348
   117   0       5086       2332  6.000   8.000  41.0 90.000     5082     2329     5091     2336      9      7      5082      2329      5090      2329      5090      2335      5082      2335      5057      2304      5116      2361 PARcau 0.100042 0.000842 0.899116
   118   1       2691       2720  7.000   7.000  38.0 90.000     2688     2717     2696     2725      8      8      2688      2717      2695      2717      2695      2724      2688      2724      2663      2692      2721      2750 PARcau 0.540237 0.428976 0.030787
   118   0       5088       2326  6.000   6.000  27.5 90.000     5085     2324     5092     2331      7      7      5085      2324      5091      2324      5091      2330      5085      2330      5060      2299      5117      2356 PARcau 0.536291 0.012097 0.451612
   119   1       2688       2723  6.708   6.708  31.5 63.435     2686     2720     2693     2729      7      9      2684      2722      2690      2719      2693      2725      2687      2728      2661      2695      2718      2754 PARcau 0.772354 0.127047 0.100599
   119   0       5088       2318  5.000   6.000  26.0 90.000     5085     2316     5092     2322      7      6      5085      2316      5091      2316      5091      2321      5085      2321      5060      2291      5117      2347 PARcau 0.461745 0.007413 0.530842
   120   1       2689       2730  6.000   8.000  37.0 90.000     2687     2726     2694     2735      7      9      2687      2726      2693      2726      2693      2734      2687      2734      2662      2701      2719      2760 PARcau 0.799637 0.155886 0.044477
   120   0       5091       2311  6.000   9.000  41.5 90.000     5087     2308     5097     2315     10      7      5087      2308      5096      2308      5096      2314      5087      2314      5062      2283      5122      2340 PARcau 0.709734 0.011757 0.278509
   121   0       5097       2309  5.000   9.000  41.0 90.000     5093     2307     5103     2313     10      6      5093      2307      5102      2307      5102      2312      5093      2312      5068      2282      5128      2338 PARcau 0.057383 0.004098 0.938520
   121   1       2694       2734  6.000   6.000  30.5 90.000     2691     2731     2698     2738      7      7      2691      2731      2697      2731      2697      2737      2691      2737      2666      2706      2723      2763 PARcau 0.572706 0.411805 0.015489
   122   1       2695       2732  6.000   7.000  28.0  0.000     2693     2729     2700     2737      7      8      2693      2729      2699      2729      2699      2736      2693      2736      2668      2704      2725      2762 PARcau 0.365242 0.577075 0.057684
   122   0       5104       2311  6.000  10.000  46.5 90.000     5099     2309     5110     2316     11      7      5099      2309      5109      2309      5109      2315      5099      2315      5074      2284      5135      2341 PARcau 0.016836 0.000802 0.982361
   123   0       5108       2314  6.000   9.000  43.0 90.000     5104     2311     5114     2318     10      7      5104      2311      5113      2311      5113      2317      5104      2317      5079      2286      5139      2343 PARcau 0.805378 0.015104 0.179517
   124   0       5109       2313  5.000   9.000  35.0 90.000     5105     2311     5115     2317     10      6      5105      2311      5114      2311      5114      2316      5105      2316      5080      2286      5140      2342 PARcau 0.918505 0.003542 0.077953
   124   1       2685       2731  6.000   8.000  38.5 90.000     2682     2728     2691     2735      9      7      2682      2728      2690      2728      2690      2734      2682      2734      2657      2703      2716      2760 PARcau 0.299156 0.268781 0.432064
   125   1       2680       2735  7.000   7.000  42.0 90.000     2677     2732     2685     2740      8      8      2677      2732      2684      2732      2684      2739      2677      2739      2652      2707      2710      2765 PARcau 0.734574 0.232619 0.032807
   126   1       2679       2741  7.071   7.071  42.5 45.000     2676     2737     2684     2746      8      9      2679      2736      2684      2741      2679      2746      2674      2741      2651      2712      2709      2771 PARcau 0.625638 0.115737 0.258625
   126   0       5102       2303  5.000   9.000  35.0 90.000     5098     2301     5108     2307     10      6      5098      2301      5107      2301      5107      2306      5098      2306      5073      2276      5133      2332 PARcau 0.058417 0.003151 0.938432
   127   0       5097       2301  6.708   8.944  41.5 63.435     5093     2299     5104     2306     11      7      5092      2300      5100      2296      5103      2302      5095      2306      5068      2274      5129      2331 PARcau 0.601574 0.001317 0.397109
   127   1       2680       2746  7.000   7.000  43.0 90.000     2677     2743     2685     2751      8      8      2677      2743      2684      2743      2684      2750      2677      2750      2652      2718      2710      2776 PARcau 0.991021 0.003270 0.005709
   128   1       2679       2749  7.000   7.000  40.5 90.000     2676     2746     2684     2754      8      8      2676      2746      2683      2746      2683      2753      2676      2753      2651      2721      2709      2779 PARcau 0.162201 0.806048 0.031751
   129   1       2675       2749  7.159   7.826  38.5 26.565     2672     2746     2681     2754      9      8      2673      2744      2680      2747      2677      2754      2670      2750      2647      2721      2706      2779 PARcau 0.871193 0.095872 0.032936
   130   1       2670       2749  7.382   7.382  41.0 63.435     2666     2746     2675     2754      9      8      2665      2748      2671      2744      2675      2751      2668      2754      2641      2721      2700      2779 PARcau 0.341531 0.554787 0.103682
   131   1       2666       2751  6.000   6.000  32.5 90.000     2663     2748     2670     2755      7      7      2663      2748      2669      2748      2669      2754      2663      2754      2638      2723      2695      2780 PARcau 0.178014 0.787846 0.034140
   132   1       2666       2754  6.403   7.071  36.5 45.000     2663     2751     2671     2759      8      8      2666      2750      2671      2755      2666      2759      2661      2754      2638      2726      2696      2784 PARcau 0.927756 0.015596 0.056647
   133   0       5109       2301  5.000   8.000  27.5 90.000     5105     2299     5114     2305      9      6      5105      2299      5113      2299      5113      2304      5105      2304      5080      2274      5139      2330 PARcau 0.004895 0.000399 0.994706
   133   1       2669       2758  6.708   6.708  37.5 26.565     2666     2755     2675     2763      9      8      2668      2754      2674      2757      2671      2763      2665      2760      2641      2730      2700      2788 PARcau 0.824515 0.155618 0.019867
   134   0       5101       2297  6.000   8.000  36.0 90.000     5098     2295     5107     2302      9      7      5098      2295      5106      2295      5106      2301      5098      2301      5073      2270      5132      2327 PARcau 0.507064 0.017421 0.475515
   134   1       2672       2761  7.000   7.000  36.0 90.000     2669     2758     2677     2766      8      8      2669      2758      2676      2758      2676      2765      2669      2765      2644      2733      2702      2791 PARcau 0.167273 0.811658 0.021069
   135   1       2671       2762  6.000   7.000  35.0 90.000     2668     2759     2676     2766      8      7      2668      2759      2675      2759      2675      2765      2668      2765      2643      2734      2701      2791 PARcau 0.174895 0.807458 0.017647
   135   0       5096       2295  6.000   9.000  42.5 90.000     5092     2293     5102     2300     10      7      5092      2293      5101      2293      5101      2299      5092      2299      5067      2268      5127      2325 PARcau 0.893470 0.034741 0.071789
   136   1       2666       2763  6.000   8.000  34.0 90.000     2663     2761     2672     2768      9      7      2663      2761      2671      2761      2671      2767      2663      2767      2638      2736      2697      2793 PARcau 0.645970 0.341628 0.012402
   136   0       5095       2292  6.000   9.000  41.5 90.000     5091     2290     5101     2297     10      7      5091      2290      5100      2290      5100      2296      5091      2296      5066      2265      5126      2322 PARcau 0.571525 0.021792 0.406684
   137   0       5098       2288  6.000   8.000  34.0 90.000     5094     2285     5103     2292      9      7      5094      2285      5102      2285      5102      2291      5094      2291      5069      2260      5128      2317 PARcau 0.600922 0.001441 0.397637
   137   1       2663       2766  7.071   7.071  39.0 45.000     2660     2763     2668     2772      8      9      2663      2762      2668      2767      2663      2772      2658      2767      2635      2738      2693      2797 PARcau 0.585808 0.313851 0.100342
   138   1       2664       2770  7.000   7.000  40.0 90.000     2661     2767     2669     2775      8      8      2661      2767      2668      2767      2668      2774      2661      2774      2636      2742      2694      2800 PARcau 0.400930 0.587610 0.011460
   138   0       5101       2281  6.000   8.000  39.5 90.000     5097     2279     5106     2286      9      7      5097      2279      5105      2279      5105      2285      5097      2285      5072      2254      5131      2311 PARcau 0.491849 0.008568 0.499583
   139   0       5100       2276  5.000   8.000  33.0 90.000     5097     2274     5106     2280      9      6      5097      2274      5105      2274      5105      2279      5097      2279      5072      2249      5131      2305 PARcau 0.646377 0.002002 0.351622
   139   1       2670       2772  6.000   8.000  38.0 90.000     2666     2770     2675     2777      9      7      2666      2770      2674      2770      2674      2776      2666      2776      2641      2745      2700      2802 PARcau 0.357444 0.430575 0.211981
   140   0       5096       2273  5.000   9.000  36.5 90.000     5092     2271     5102     2277     10      6      5092      2271      5101      2271      5101      2276      5092      2276      5067      2246      5127      2302 PARcau 0.790515 0.001516 0.207969
   140   1       2675       2772  7.000   7.000  39.5 90.000     2672     2769     2680     2777      8      8      2672      2769      2679      2769      2679      2776      2672      2776      2647      2744      2705      2802 PARcau 0.212746 0.676808 0.110446
   141   1       2675       2771  6.000   7.000  34.5 90.000     2672     2768     2680     2775      8      7      2672      2768      2679      2768      2679      2774      2672      2774      2647      2743      2705      2800 PARcau 0.235576 0.698984 0.065440
   141   0       5090       2275  5.000   9.000  36.5 90.000     5086     2273     5096     2279     10      6      5086      2273      5095      2273      5095      2278      5086      2278      5061      2248      5121      2304 PARcau 0.770326 0.001057 0.228618
   142   1       2670       2771  6.000   8.000  33.0 90.000     2666     2769     2675     2776      9      7      2666      2769      2674      2769      2674      2775      2666      2775      2641      2744      2700      2801 PARcau 0.620747 0.114163 0.265090
   142   0       5086       2281  7.071   7.071  35.5 45.000     5082     2278     5091     2286      9      8      5086      2276      5091      2281      5086      2286      5081      2281      5057      2253      5116      2311 PARcau 0.167896 0.003827 0.828276
   143   1       2665       2776  5.657   7.071  31.0 45.000     2662     2773     2670     2781      8      8      2661      2777      2666      2772      2670      2776      2665      2781      2637      2748      2695      2806 PARcau 0.855704 0.110699 0.033596
   143   0       5086       2287  6.000   8.000  34.0 90.000     5083     2284     5092     2291      9      7      5083      2284      5091      2284      5091      2290      5083      2290      5058      2259      5117      2316 PARcau 0.957180 0.013454 0.029366
   144   1       2666       2782  7.000   7.000  38.5 90.000     2663     2779     2671     2787      8      8      2663      2779      2670      2779      2670      2786      2663      2786      2638      2754      2696      2812 PARcau 0.986080 0.009261 0.004658
   145   1       2671       2785  7.071   8.485  42.5 45.000     2668     2782     2677     2790      9      8      2671      2780      2677      2786      2672      2791      2666      2785      2643      2757      2702      2815 PARcau 0.292185 0.549545 0.158271
   146   1       2677       2786  7.000   7.000  40.0 90.000     2674     2783     2682     2791      8      8      2674      2783      2681      2783      2681      2790      2674      2790      2649      2758      2707      2816 PARcau 0.104601 0.580418 0.314980
   147   1       2678       2787  7.000   7.000  41.0 90.000     2675     2784     2683     2792      8      8      2675      2784      2682      2784      2682      2791      2675      2791      2650      2759      2708      2817 PARcau 0.821536 0.132344 0.046120
   148   1       2676       2791  7.071   7.810  41.5 45.000     2673     2787     2681     2796      8      9      2671      2791      2677      2786      2682      2791      2676      2796      2648      2762      2706      2821 PARcau 0.212209 0.285561 0.502231
   149   1       2674       2796  7.000   7.000  39.0 90.000     2671     2793     2679     2801      8      8      2671      2793      2678      2793      2678      2800      2671      2800      2646      2768      2704      2826 PARcau 0.662537 0.212057 0.125406
   149   0       5086       2270  6.000   8.000  33.0 90.000     5083     2268     5092     2275      9      7      5083      2268      5091      2268      5091      2274      5083      2274      5058      2243      5117      2300 PARcau 0.088336 0.006168 0.905496